,date,open,high,low,close,volume,average,barCount
0,2015-03-10 21:30:00,9.05,9.05,8.97,8.97,62000,8.9955,17
1,2015-03-10 21:31:00,8.99,9.02,8.99,9.0,42000,8.9948,11
2,2015-03-10 21:32:00,8.99,9.04,8.96,9.04,342000,8.9994,29
3,2015-03-10 21:33:00,9.04,9.1,9.03,9.1,104000,9.0585,14
4,2015-03-10 21:34:00,9.1,9.12,9.08,9.09,76000,9.0953,11
5,2015-03-10 21:35:00,9.09,9.09,9.09,9.09,4000,9.09,1
6,2015-03-10 21:36:00,9.04,9.08,9.04,9.08,50000,9.0416,4
7,2015-03-10 21:37:00,9.08,9.08,9.08,9.08,0,9.08,0
8,2015-03-10 21:38:00,9.06,9.06,9.06,9.06,16000,9.06,3
9,2015-03-10 21:39:00,9.06,9.1,9.06,9.1,128000,9.0763,12
10,2015-03-10 21:40:00,9.09,9.1,9.08,9.08,38000,9.0868,7
11,2015-03-10 21:41:00,9.07,9.09,9.07,9.09,6000,9.0767,2
12,2015-03-10 21:42:00,9.07,9.07,9.05,9.05,84000,9.0612,14
13,2015-03-10 21:43:00,9.05,9.09,9.04,9.08,248000,9.0515,17
14,2015-03-10 21:44:00,9.09,9.09,9.05,9.07,60000,9.0663,13
15,2015-03-10 21:45:00,9.05,9.1,9.04,9.1,208000,9.0667,36
16,2015-03-10 21:46:00,9.1,9.16,9.09,9.1,1136000,9.1095,118
17,2015-03-10 21:47:00,9.12,9.14,9.12,9.14,92000,9.1204,2
18,2015-03-10 21:48:00,9.11,9.12,9.11,9.11,84000,9.1107,3
19,2015-03-10 21:49:00,9.1,9.1,9.05,9.05,150000,9.0907,10
20,2015-03-10 21:50:00,9.05,9.06,9.05,9.05,64000,9.0541,11
21,2015-03-10 21:51:00,9.05,9.05,9.02,9.02,84000,9.0476,10
22,2015-03-10 21:52:00,9.02,9.02,8.96,8.98,132000,8.987,18
23,2015-03-10 21:53:00,8.97,9.12,8.97,9.1,302000,9.0079,24
24,2015-03-10 21:54:00,9.1,9.1,9.1,9.1,0,9.1,0
25,2015-03-10 21:55:00,9.1,9.1,9.1,9.1,0,9.1,0
26,2015-03-10 21:56:00,9.05,9.05,9.05,9.05,4000,9.05,1
27,2015-03-10 21:57:00,9.05,9.05,9.03,9.03,88000,9.0416,5
28,2015-03-10 21:58:00,9.03,9.03,9.03,9.03,0,9.03,0
29,2015-03-10 21:59:00,9.0,9.02,9.0,9.02,214000,9.0134,13
30,2015-03-10 22:00:00,9.02,9.08,9.02,9.08,124000,9.0503,15
31,2015-03-10 22:01:00,9.08,9.08,9.08,9.08,0,9.08,0
32,2015-03-10 22:02:00,9.08,9.08,9.08,9.08,0,9.08,0
33,2015-03-10 22:03:00,9.06,9.07,9.06,9.07,4000,9.065,2
34,2015-03-10 22:04:00,9.06,9.06,9.02,9.02,76000,9.0421,8
35,2015-03-10 22:05:00,9.01,9.06,9.0,9.06,240000,9.024,13
36,2015-03-10 22:06:00,9.06,9.06,9.01,9.01,88000,9.0414,10
37,2015-03-10 22:07:00,9.01,9.09,9.01,9.09,252000,9.0302,13
38,2015-03-10 22:08:00,9.09,9.09,9.09,9.09,10000,9.09,5
39,2015-03-10 22:09:00,9.06,9.06,9.06,9.06,18000,9.06,1
40,2015-03-10 22:10:00,9.06,9.06,9.06,9.06,0,9.06,0
41,2015-03-10 22:11:00,9.06,9.06,9.06,9.06,0,9.06,0
42,2015-03-10 22:12:00,9.03,9.03,9.01,9.01,50000,9.0224,5
43,2015-03-10 22:13:00,9.01,9.01,9.01,9.01,32000,9.01,7
44,2015-03-10 22:14:00,9.02,9.02,9.0,9.01,38000,9.0063,7
45,2015-03-10 22:15:00,9.0,9.0,9.0,9.0,10000,9.0,2
46,2015-03-10 22:16:00,9.0,9.0,8.96,8.97,202000,8.9852,15
47,2015-03-10 22:17:00,8.97,8.97,8.97,8.97,50000,8.97,3
48,2015-03-10 22:18:00,8.97,8.98,8.97,8.98,96000,8.9783,5
49,2015-03-10 22:19:00,8.97,8.98,8.95,8.95,50000,8.9624,7
50,2015-03-10 22:20:00,8.97,8.97,8.95,8.96,66000,8.957,8
51,2015-03-10 22:21:00,8.96,8.96,8.95,8.95,40000,8.957,6
52,2015-03-10 22:22:00,8.97,8.97,8.97,8.97,106000,8.97,2
53,2015-03-10 22:23:00,8.95,8.95,8.94,8.94,192000,8.9454,8
54,2015-03-10 22:24:00,8.95,8.95,8.95,8.95,6000,8.95,1
55,2015-03-10 22:25:00,8.93,8.93,8.93,8.93,36000,8.93,2
56,2015-03-10 22:26:00,8.92,8.94,8.92,8.94,88000,8.9314,3
57,2015-03-10 22:27:00,8.92,8.92,8.92,8.92,42000,8.92,3
58,2015-03-10 22:28:00,8.92,8.92,8.92,8.92,82000,8.92,8
59,2015-03-10 22:29:00,8.91,8.91,8.91,8.91,20000,8.91,3
60,2015-03-10 22:30:00,8.93,8.93,8.91,8.93,26000,8.9162,4
61,2015-03-10 22:31:00,8.93,8.94,8.93,8.94,132000,8.9321,6
62,2015-03-10 22:32:00,8.94,8.95,8.94,8.95,68000,8.9424,8
63,2015-03-10 22:33:00,8.94,8.95,8.94,8.95,54000,8.9493,5
64,2015-03-10 22:34:00,8.96,8.96,8.96,8.96,8000,8.96,2
65,2015-03-10 22:35:00,8.96,8.96,8.96,8.96,2000,8.96,1
66,2015-03-10 22:36:00,8.95,8.95,8.95,8.95,20000,8.95,2
67,2015-03-10 22:37:00,8.95,8.95,8.94,8.94,16000,8.9438,3
68,2015-03-10 22:38:00,8.94,8.94,8.94,8.94,14000,8.94,2
69,2015-03-10 22:39:00,8.94,8.94,8.94,8.94,26000,8.94,5
70,2015-03-10 22:40:00,8.95,8.97,8.95,8.97,134000,8.954,8
71,2015-03-10 22:41:00,8.97,8.97,8.97,8.97,0,8.97,0
72,2015-03-10 22:42:00,8.97,8.97,8.96,8.97,76000,8.9626,9
73,2015-03-10 22:43:00,8.97,8.97,8.97,8.97,4000,8.97,1
74,2015-03-10 22:44:00,8.96,8.96,8.96,8.96,26000,8.96,5
75,2015-03-10 22:45:00,8.96,8.97,8.96,8.97,22000,8.9618,5
76,2015-03-10 22:46:00,8.96,8.96,8.95,8.95,44000,8.9595,2
77,2015-03-10 22:47:00,8.96,8.96,8.95,8.95,58000,8.951,5
78,2015-03-10 22:48:00,8.96,8.97,8.96,8.96,62000,8.9603,3
79,2015-03-10 22:49:00,8.97,8.97,8.95,8.95,34000,8.9512,3
80,2015-03-10 22:50:00,8.95,8.95,8.95,8.95,2000,8.95,1
81,2015-03-10 22:51:00,8.95,8.95,8.95,8.95,14000,8.95,3
82,2015-03-10 22:52:00,8.95,8.95,8.95,8.95,0,8.95,0
83,2015-03-10 22:53:00,8.95,8.95,8.95,8.95,6000,8.95,1
84,2015-03-10 22:54:00,8.95,8.96,8.95,8.95,42000,8.9567,5
85,2015-03-10 22:55:00,8.95,8.95,8.95,8.95,2000,8.95,1
86,2015-03-10 22:56:00,8.95,8.96,8.95,8.96,6000,8.9567,2
87,2015-03-10 22:57:00,8.96,8.97,8.95,8.97,140000,8.9619,10
88,2015-03-10 22:58:00,8.98,8.98,8.97,8.98,40000,8.9795,9
89,2015-03-10 22:59:00,8.98,8.98,8.98,8.98,2000,8.98,1
90,2015-03-10 23:00:00,8.97,8.97,8.97,8.97,4000,8.97,2
91,2015-03-10 23:01:00,8.98,9.05,8.98,9.05,238000,8.9881,14
92,2015-03-10 23:02:00,9.02,9.05,9.02,9.05,8000,9.035,3
93,2015-03-10 23:03:00,9.05,9.05,9.05,9.05,2000,9.05,1
94,2015-03-10 23:04:00,9.05,9.05,9.05,9.05,0,9.05,0
95,2015-03-10 23:05:00,9.05,9.06,9.04,9.05,88000,9.0489,18
96,2015-03-10 23:06:00,9.05,9.05,9.02,9.02,26000,9.0315,7
97,2015-03-10 23:07:00,9.02,9.02,9.02,9.02,0,9.02,0
98,2015-03-10 23:08:00,9.02,9.02,9.02,9.02,0,9.02,0
99,2015-03-10 23:09:00,9.02,9.02,9.0,9.0,38000,9.0105,6
100,2015-03-10 23:10:00,9.01,9.02,9.01,9.02,14000,9.0129,3
101,2015-03-10 23:11:00,9.02,9.02,9.01,9.01,8000,9.0125,2
102,2015-03-10 23:12:00,9.02,9.04,9.02,9.03,28000,9.0221,4
103,2015-03-10 23:13:00,9.02,9.02,9.02,9.02,18000,9.02,4
104,2015-03-10 23:14:00,9.02,9.02,9.02,9.02,0,9.02,0
105,2015-03-10 23:15:00,9.02,9.02,9.02,9.02,0,9.02,0
106,2015-03-10 23:16:00,9.02,9.02,9.02,9.02,62000,9.02,4
107,2015-03-10 23:17:00,9.02,9.02,9.02,9.02,0,9.02,0
108,2015-03-10 23:18:00,9.02,9.03,9.02,9.03,18000,9.0222,4
109,2015-03-10 23:19:00,9.03,9.03,9.03,9.03,0,9.03,0
110,2015-03-10 23:20:00,9.02,9.03,9.01,9.03,40000,9.019,5
111,2015-03-10 23:21:00,9.02,9.02,9.02,9.02,16000,9.02,2
112,2015-03-10 23:22:00,9.02,9.02,9.02,9.02,6000,9.02,1
113,2015-03-10 23:23:00,9.02,9.02,9.02,9.02,0,9.02,0
114,2015-03-10 23:24:00,9.03,9.05,9.03,9.05,112000,9.0345,7
115,2015-03-10 23:25:00,9.05,9.06,9.03,9.03,406000,9.0448,7
116,2015-03-10 23:26:00,9.02,9.02,9.01,9.01,82000,9.0149,2
117,2015-03-10 23:27:00,9.01,9.01,9.01,9.01,0,9.01,0
118,2015-03-10 23:28:00,9.01,9.01,9.0,9.01,40000,9.008,4
119,2015-03-10 23:29:00,9.0,9.0,9.0,9.0,6000,9.0,1
120,2015-03-10 23:30:00,9.0,9.0,8.99,8.99,50000,8.9988,9
121,2015-03-10 23:31:00,8.98,8.98,8.98,8.98,12000,8.98,2
122,2015-03-10 23:32:00,8.98,8.98,8.98,8.98,6000,8.98,1
123,2015-03-10 23:33:00,8.98,9.0,8.98,9.0,92000,8.9972,4
124,2015-03-10 23:34:00,9.0,9.0,9.0,9.0,0,9.0,0
125,2015-03-10 23:35:00,9.0,9.0,9.0,9.0,0,9.0,0
126,2015-03-10 23:36:00,9.0,9.0,9.0,9.0,0,9.0,0
127,2015-03-10 23:37:00,9.0,9.0,8.99,8.99,10000,8.996,2
128,2015-03-10 23:38:00,9.0,9.0,9.0,9.0,22000,9.0,1
129,2015-03-10 23:39:00,9.01,9.01,9.01,9.01,22000,9.01,2
130,2015-03-10 23:40:00,9.01,9.01,9.01,9.01,0,9.01,0
131,2015-03-10 23:41:00,9.02,9.02,9.02,9.02,4000,9.02,1
132,2015-03-10 23:42:00,9.0,9.0,9.0,9.0,2000,9.0,1
133,2015-03-10 23:43:00,9.0,9.0,9.0,9.0,6000,9.0,1
134,2015-03-10 23:44:00,9.02,9.02,9.02,9.02,6000,9.02,1
135,2015-03-10 23:45:00,9.02,9.02,9.02,9.02,0,9.02,0
136,2015-03-10 23:46:00,9.02,9.05,9.02,9.05,62000,9.0332,7
137,2015-03-10 23:47:00,9.05,9.05,9.05,9.05,0,9.05,0
138,2015-03-10 23:48:00,9.05,9.05,9.05,9.05,0,9.05,0
139,2015-03-10 23:49:00,9.05,9.05,9.05,9.05,4000,9.05,2
140,2015-03-10 23:50:00,9.05,9.05,9.05,9.05,4000,9.05,1
141,2015-03-10 23:51:00,9.04,9.06,9.04,9.05,66000,9.0515,5
142,2015-03-10 23:52:00,9.06,9.06,9.06,9.06,4000,9.06,1
143,2015-03-10 23:53:00,9.06,9.08,9.06,9.08,84000,9.069,4
144,2015-03-10 23:54:00,9.08,9.08,9.08,9.08,0,9.08,0
145,2015-03-10 23:55:00,9.05,9.05,9.05,9.05,2000,9.05,1
146,2015-03-10 23:56:00,9.05,9.05,9.05,9.05,0,9.05,0
147,2015-03-10 23:57:00,9.07,9.07,9.07,9.07,6000,9.07,1
148,2015-03-10 23:58:00,9.06,9.06,9.04,9.04,72000,9.0517,8
149,2015-03-10 23:59:00,9.04,9.06,9.03,9.06,24000,9.0358,3
150,2015-03-11 01:00:00,9.03,9.04,9.03,9.04,16000,9.0388,3
151,2015-03-11 01:01:00,9.05,9.06,9.05,9.06,44000,9.0545,5
152,2015-03-11 01:02:00,9.05,9.06,9.05,9.05,40000,9.0505,4
153,2015-03-11 01:03:00,9.05,9.06,9.04,9.06,30000,9.0467,3
154,2015-03-11 01:04:00,9.04,9.04,9.04,9.04,4000,9.04,2
155,2015-03-11 01:05:00,9.05,9.05,9.05,9.05,48000,9.05,1
156,2015-03-11 01:06:00,9.04,9.04,9.04,9.04,20000,9.04,1
157,2015-03-11 01:07:00,9.04,9.04,9.04,9.04,0,9.04,0
158,2015-03-11 01:08:00,9.06,9.06,9.03,9.03,74000,9.0427,9
159,2015-03-11 01:09:00,9.03,9.03,9.03,9.03,14000,9.03,1
160,2015-03-11 01:10:00,9.03,9.03,9.03,9.03,0,9.03,0
161,2015-03-11 01:11:00,9.03,9.04,9.03,9.04,8000,9.0325,2
162,2015-03-11 01:12:00,9.03,9.03,9.03,9.03,2000,9.03,1
163,2015-03-11 01:13:00,9.03,9.03,9.02,9.02,42000,9.0271,7
164,2015-03-11 01:14:00,9.04,9.04,9.04,9.04,60000,9.04,1
165,2015-03-11 01:15:00,9.04,9.04,9.04,9.04,0,9.04,0
166,2015-03-11 01:16:00,9.04,9.04,9.03,9.03,16000,9.0363,3
167,2015-03-11 01:17:00,9.03,9.03,9.03,9.03,2000,9.03,1
168,2015-03-11 01:18:00,9.03,9.03,9.03,9.03,0,9.03,0
169,2015-03-11 01:19:00,9.03,9.03,9.02,9.03,94000,9.0274,6
170,2015-03-11 01:20:00,9.02,9.02,9.02,9.02,10000,9.02,2
171,2015-03-11 01:21:00,9.02,9.02,9.02,9.02,0,9.02,0
172,2015-03-11 01:22:00,9.04,9.04,9.02,9.02,10000,9.024,4
173,2015-03-11 01:23:00,9.02,9.03,9.02,9.02,66000,9.0279,4
174,2015-03-11 01:24:00,9.03,9.04,9.02,9.02,94000,9.0268,8
175,2015-03-11 01:25:00,9.03,9.03,9.02,9.02,4000,9.025,2
176,2015-03-11 01:26:00,9.03,9.03,9.02,9.02,8000,9.0275,2
177,2015-03-11 01:27:00,9.02,9.02,9.01,9.01,116000,9.0172,12
178,2015-03-11 01:28:00,9.01,9.01,9.01,9.01,4000,9.01,1
179,2015-03-11 01:29:00,9.01,9.01,9.01,9.01,0,9.01,0
180,2015-03-11 01:30:00,9.01,9.01,9.01,9.01,0,9.01,0
181,2015-03-11 01:31:00,9.01,9.01,9.01,9.01,24000,9.01,2
182,2015-03-11 01:32:00,9.01,9.01,9.01,9.01,20000,9.01,5
183,2015-03-11 01:33:00,9.01,9.01,9.0,9.0,42000,9.0071,5
184,2015-03-11 01:34:00,9.0,9.0,9.0,9.0,64000,9.0,14
185,2015-03-11 01:35:00,9.02,9.02,9.0,9.0,6000,9.0067,3
186,2015-03-11 01:36:00,9.0,9.0,8.97,8.97,186000,8.9892,9
187,2015-03-11 01:37:00,8.96,8.98,8.96,8.97,34000,8.9671,5
188,2015-03-11 01:38:00,8.98,8.99,8.98,8.99,50000,8.9884,3
189,2015-03-11 01:39:00,8.97,8.97,8.97,8.97,14000,8.97,3
190,2015-03-11 01:40:00,8.97,8.97,8.97,8.97,0,8.97,0
191,2015-03-11 01:41:00,8.97,8.97,8.97,8.97,6000,8.97,1
192,2015-03-11 01:42:00,8.97,8.98,8.97,8.97,22000,8.9709,3
193,2015-03-11 01:43:00,8.98,9.0,8.97,9.0,16000,8.9775,3
194,2015-03-11 01:44:00,8.98,9.02,8.98,9.02,118000,8.9963,10
195,2015-03-11 01:45:00,9.03,9.04,9.0,9.04,26000,9.0292,5
196,2015-03-11 01:46:00,9.0,9.0,9.0,9.0,2000,9.0,1
197,2015-03-11 01:47:00,9.0,9.0,9.0,9.0,0,9.0,0
198,2015-03-11 01:48:00,9.0,9.0,9.0,9.0,32000,9.0,2
199,2015-03-11 01:49:00,9.0,9.01,8.99,9.01,90000,8.9998,13
200,2015-03-11 01:50:00,9.01,9.01,8.99,8.99,16000,8.9925,4
201,2015-03-11 01:51:00,8.99,9.0,8.99,8.99,70000,8.9983,8
202,2015-03-11 01:52:00,9.0,9.01,8.99,9.0,38000,9.0011,8
203,2015-03-11 01:53:00,9.0,9.0,9.0,9.0,4000,9.0,1
204,2015-03-11 01:54:00,9.0,9.0,9.0,9.0,50000,9.0,1
205,2015-03-11 01:55:00,9.0,9.01,9.0,9.01,90000,9.0022,5
206,2015-03-11 01:56:00,9.01,9.01,8.97,8.99,208000,8.9837,10
207,2015-03-11 01:57:00,8.96,8.98,8.96,8.98,108000,8.9619,9
208,2015-03-11 01:58:00,8.99,9.03,8.99,9.01,148000,8.9955,10
209,2015-03-11 01:59:00,9.01,9.01,9.01,9.01,0,9.01,0
210,2015-03-11 02:00:00,8.98,8.98,8.98,8.98,12000,8.98,1
211,2015-03-11 02:01:00,8.98,8.98,8.98,8.98,24000,8.98,2
212,2015-03-11 02:02:00,8.98,8.98,8.98,8.98,0,8.98,0
213,2015-03-11 02:03:00,8.98,8.98,8.98,8.98,0,8.98,0
214,2015-03-11 02:04:00,8.97,8.97,8.97,8.97,2000,8.97,1
215,2015-03-11 02:05:00,8.97,9.0,8.97,9.0,4000,8.985,2
216,2015-03-11 02:06:00,8.98,8.98,8.98,8.98,44000,8.98,6
217,2015-03-11 02:07:00,8.98,8.98,8.98,8.98,8000,8.98,2
218,2015-03-11 02:08:00,8.98,8.98,8.98,8.98,2000,8.98,1
219,2015-03-11 02:09:00,8.99,9.02,8.99,9.02,108000,8.9965,4
220,2015-03-11 02:10:00,9.02,9.02,9.02,9.02,0,9.02,0
221,2015-03-11 02:11:00,9.02,9.02,9.02,9.02,0,9.02,0
222,2015-03-11 02:12:00,9.01,9.01,9.01,9.01,2000,9.01,1
223,2015-03-11 02:13:00,9.0,9.0,8.99,8.99,126000,8.9948,6
224,2015-03-11 02:14:00,8.98,8.98,8.98,8.98,50000,8.98,2
225,2015-03-11 02:15:00,8.98,8.98,8.98,8.98,0,8.98,0
226,2015-03-11 02:16:00,8.98,8.98,8.98,8.98,4000,8.98,1
227,2015-03-11 02:17:00,8.98,8.98,8.98,8.98,2000,8.98,1
228,2015-03-11 02:18:00,8.98,8.98,8.97,8.97,106000,8.9775,4
229,2015-03-11 02:19:00,8.97,8.97,8.97,8.97,38000,8.97,3
230,2015-03-11 02:20:00,8.96,8.96,8.96,8.96,18000,8.96,3
231,2015-03-11 02:21:00,8.96,8.97,8.96,8.97,4000,8.965,2
232,2015-03-11 02:22:00,8.97,8.97,8.97,8.97,14000,8.97,4
233,2015-03-11 02:23:00,8.97,8.97,8.97,8.97,2000,8.97,1
234,2015-03-11 02:24:00,8.98,8.99,8.98,8.98,84000,8.9826,6
235,2015-03-11 02:25:00,8.98,8.98,8.98,8.98,2000,8.98,1
236,2015-03-11 02:26:00,8.98,8.98,8.96,8.96,216000,8.9695,13
237,2015-03-11 02:27:00,8.97,8.97,8.96,8.96,28000,8.9671,4
238,2015-03-11 02:28:00,8.96,8.98,8.96,8.97,32000,8.97,3
239,2015-03-11 02:29:00,8.97,8.97,8.97,8.97,0,8.97,0
240,2015-03-11 02:30:00,8.97,8.97,8.97,8.97,0,8.97,0
241,2015-03-11 02:31:00,8.97,8.97,8.97,8.97,0,8.97,0
242,2015-03-11 02:32:00,8.96,8.96,8.96,8.96,10000,8.96,2
243,2015-03-11 02:33:00,8.97,8.97,8.96,8.96,4000,8.965,2
244,2015-03-11 02:34:00,8.96,8.96,8.96,8.96,24000,8.96,3
245,2015-03-11 02:35:00,8.96,8.96,8.96,8.96,52000,8.96,7
246,2015-03-11 02:36:00,8.95,8.95,8.95,8.95,24000,8.95,2
247,2015-03-11 02:37:00,8.97,8.97,8.95,8.95,8000,8.955,4
248,2015-03-11 02:38:00,8.95,8.95,8.95,8.95,16000,8.95,4
249,2015-03-11 02:39:00,8.95,8.96,8.95,8.96,34000,8.9565,5
250,2015-03-11 02:40:00,8.96,8.96,8.96,8.96,4000,8.96,1
251,2015-03-11 02:41:00,8.95,8.96,8.94,8.94,214000,8.9486,11
252,2015-03-11 02:42:00,8.94,8.95,8.94,8.94,32000,8.9419,9
253,2015-03-11 02:43:00,8.94,8.94,8.94,8.94,2000,8.94,1
254,2015-03-11 02:44:00,8.94,8.94,8.94,8.94,18000,8.94,4
255,2015-03-11 02:45:00,8.94,8.95,8.94,8.94,52000,8.9404,16
256,2015-03-11 02:46:00,8.94,8.94,8.93,8.93,62000,8.9365,12
257,2015-03-11 02:47:00,8.93,8.94,8.93,8.93,34000,8.9359,7
258,2015-03-11 02:48:00,8.94,8.94,8.93,8.93,26000,8.9392,6
259,2015-03-11 02:49:00,8.93,8.94,8.93,8.93,36000,8.9317,9
260,2015-03-11 02:50:00,8.93,8.93,8.93,8.93,0,8.93,0
261,2015-03-11 02:51:00,8.93,8.93,8.93,8.93,8000,8.93,3
262,2015-03-11 02:52:00,8.93,8.96,8.93,8.95,82000,8.9427,9
263,2015-03-11 02:53:00,8.95,8.95,8.94,8.94,134000,8.9466,16
264,2015-03-11 02:54:00,8.94,8.94,8.94,8.94,10000,8.94,5
265,2015-03-11 02:55:00,8.95,8.97,8.95,8.97,198000,8.9596,6
266,2015-03-11 02:56:00,8.97,8.97,8.97,8.97,10000,8.97,1
267,2015-03-11 02:57:00,8.98,8.98,8.98,8.98,58000,8.98,2
268,2015-03-11 02:58:00,8.98,8.98,8.97,8.97,10000,8.972,2
269,2015-03-11 02:59:00,8.97,8.97,8.97,8.97,0,8.97,0
270,2015-03-11 03:00:00,8.96,8.96,8.96,8.96,2000,8.96,1
271,2015-03-11 03:01:00,8.97,8.97,8.96,8.96,26000,8.9646,6
272,2015-03-11 03:02:00,8.97,8.97,8.96,8.96,10000,8.964,2
273,2015-03-11 03:03:00,8.96,8.97,8.96,8.97,10000,8.962,3
274,2015-03-11 03:04:00,8.96,8.96,8.96,8.96,8000,8.96,2
275,2015-03-11 03:05:00,8.96,8.97,8.95,8.97,128000,8.9653,11
276,2015-03-11 03:06:00,8.97,8.97,8.97,8.97,10000,8.97,2
277,2015-03-11 03:07:00,8.97,8.97,8.97,8.97,18000,8.97,2
278,2015-03-11 03:08:00,8.97,8.97,8.97,8.97,0,8.97,0
279,2015-03-11 03:09:00,8.96,8.97,8.96,8.97,10000,8.962,3
280,2015-03-11 03:10:00,8.97,8.97,8.97,8.97,0,8.97,0
281,2015-03-11 03:11:00,8.97,9.0,8.97,8.97,200000,8.979,9
282,2015-03-11 03:12:00,8.97,8.97,8.96,8.96,100000,8.9672,2
283,2015-03-11 03:13:00,8.96,8.96,8.95,8.95,24000,8.9508,5
284,2015-03-11 03:14:00,8.96,8.97,8.96,8.96,54000,8.9641,7
285,2015-03-11 03:15:00,8.95,8.96,8.95,8.95,32000,8.9519,5
286,2015-03-11 03:16:00,8.96,9.03,8.94,8.94,388000,8.9895,12
287,2015-03-11 03:17:00,8.94,8.96,8.94,8.96,68000,8.9506,7
288,2015-03-11 03:18:00,8.96,8.96,8.95,8.95,26000,8.9523,4
289,2015-03-11 03:19:00,8.95,8.95,8.95,8.95,20000,8.95,3
290,2015-03-11 03:20:00,8.96,8.96,8.95,8.96,30000,8.958,5
291,2015-03-11 03:21:00,8.96,8.97,8.96,8.96,64000,8.9669,7
292,2015-03-11 03:22:00,8.96,8.96,8.96,8.96,6000,8.96,2
293,2015-03-11 03:23:00,8.97,8.97,8.97,8.97,54000,8.97,2
294,2015-03-11 03:24:00,8.97,8.97,8.97,8.97,28000,8.97,1
295,2015-03-11 03:25:00,8.97,8.97,8.97,8.97,0,8.97,0
296,2015-03-11 03:26:00,8.96,8.96,8.96,8.96,4000,8.96,1
297,2015-03-11 03:27:00,8.97,8.97,8.97,8.97,2000,8.97,1
298,2015-03-11 03:28:00,8.96,8.96,8.95,8.96,124000,8.9573,8
299,2015-03-11 03:29:00,8.95,8.95,8.95,8.95,30000,8.95,3
300,2015-03-11 03:30:00,8.95,8.95,8.94,8.95,60000,8.946,7
301,2015-03-11 03:31:00,8.95,8.96,8.95,8.96,44000,8.9541,6
302,2015-03-11 03:32:00,8.96,8.96,8.96,8.96,0,8.96,0
303,2015-03-11 03:33:00,8.96,8.96,8.96,8.96,0,8.96,0
304,2015-03-11 03:34:00,8.95,8.95,8.94,8.95,110000,8.942,10
305,2015-03-11 03:35:00,8.94,8.95,8.94,8.95,40000,8.9425,2
306,2015-03-11 03:36:00,8.94,8.94,8.94,8.94,30000,8.94,4
307,2015-03-11 03:37:00,8.95,8.95,8.94,8.94,14000,8.9443,2
308,2015-03-11 03:38:00,8.94,8.95,8.94,8.95,76000,8.9403,6
309,2015-03-11 03:39:00,8.94,8.96,8.94,8.96,166000,8.9508,6
310,2015-03-11 03:40:00,8.96,8.96,8.96,8.96,0,8.96,0
311,2015-03-11 03:41:00,8.96,8.96,8.95,8.95,46000,8.9565,3
312,2015-03-11 03:42:00,8.95,8.96,8.94,8.95,166000,8.9492,15
313,2015-03-11 03:43:00,8.95,8.95,8.95,8.95,34000,8.95,2
314,2015-03-11 03:44:00,8.95,8.95,8.95,8.95,48000,8.95,5
315,2015-03-11 03:45:00,8.96,8.96,8.95,8.96,128000,8.9595,6
316,2015-03-11 03:46:00,8.96,8.97,8.96,8.96,26000,8.9623,4
317,2015-03-11 03:47:00,8.96,8.96,8.96,8.96,100000,8.96,5
318,2015-03-11 03:48:00,8.95,8.95,8.94,8.94,158000,8.9496,7
319,2015-03-11 03:49:00,8.94,8.94,8.92,8.92,256000,8.9335,14
320,2015-03-11 03:50:00,8.92,8.92,8.92,8.92,88000,8.92,9
321,2015-03-11 03:51:00,8.92,8.92,8.91,8.91,404000,8.9172,20
322,2015-03-11 03:52:00,8.9,8.92,8.9,8.91,126000,8.9103,14
323,2015-03-11 03:53:00,8.9,8.93,8.9,8.93,258000,8.9136,11
324,2015-03-11 03:54:00,8.92,8.92,8.89,8.89,418000,8.9018,18
325,2015-03-11 03:55:00,8.9,8.9,8.89,8.9,122000,8.8977,18
326,2015-03-11 03:56:00,8.89,8.9,8.89,8.9,264000,8.893,19
327,2015-03-11 03:57:00,8.89,8.9,8.89,8.9,218000,8.8916,17
328,2015-03-11 03:58:00,8.89,8.9,8.89,8.89,358000,8.8909,37
329,2015-03-11 03:59:00,8.89,8.9,8.88,8.89,1538000,8.8868,80
330,2015-03-11 21:30:00,8.8,8.84,8.8,8.84,390000,8.8159,25
331,2015-03-11 21:31:00,8.84,8.85,8.84,8.85,4000,8.845,2
332,2015-03-11 21:32:00,8.86,8.88,8.85,8.85,52000,8.8615,6
333,2015-03-11 21:33:00,8.86,8.87,8.86,8.87,28000,8.8607,4
334,2015-03-11 21:34:00,8.85,8.86,8.84,8.86,102000,8.8514,5
335,2015-03-11 21:35:00,8.89,8.89,8.85,8.85,32000,8.855,3
336,2015-03-11 21:36:00,8.87,8.89,8.86,8.89,82000,8.8671,9
337,2015-03-11 21:37:00,8.89,8.89,8.89,8.89,2000,8.89,1
338,2015-03-11 21:38:00,8.86,8.86,8.86,8.86,10000,8.86,1
339,2015-03-11 21:39:00,8.86,8.88,8.86,8.87,12000,8.865,4
340,2015-03-11 21:40:00,8.86,8.86,8.84,8.84,92000,8.8552,7
341,2015-03-11 21:41:00,8.84,8.84,8.82,8.82,50000,8.832,6
342,2015-03-11 21:42:00,8.82,8.86,8.81,8.86,148000,8.835,9
343,2015-03-11 21:43:00,8.87,8.9,8.87,8.9,28000,8.8857,7
344,2015-03-11 21:44:00,8.88,8.88,8.86,8.86,70000,8.8703,5
345,2015-03-11 21:45:00,8.89,8.9,8.88,8.88,122000,8.8918,12
346,2015-03-11 21:46:00,8.9,8.9,8.9,8.9,14000,8.9,2
347,2015-03-11 21:47:00,8.89,8.89,8.89,8.89,4000,8.89,1
348,2015-03-11 21:48:00,8.9,8.9,8.9,8.9,24000,8.9,4
349,2015-03-11 21:49:00,8.89,8.89,8.84,8.84,192000,8.8807,11
350,2015-03-11 21:50:00,8.86,8.86,8.86,8.86,4000,8.86,1
351,2015-03-11 21:51:00,8.87,8.88,8.87,8.88,80000,8.871,4
352,2015-03-11 21:52:00,8.89,8.89,8.88,8.88,42000,8.8895,6
353,2015-03-11 21:53:00,8.88,8.88,8.88,8.88,0,8.88,0
354,2015-03-11 21:54:00,8.89,8.89,8.89,8.89,2000,8.89,1
355,2015-03-11 21:55:00,8.88,8.88,8.85,8.87,148000,8.8716,13
356,2015-03-11 21:56:00,8.86,8.86,8.85,8.85,44000,8.8514,4
357,2015-03-11 21:57:00,8.85,8.85,8.85,8.85,0,8.85,0
358,2015-03-11 21:58:00,8.85,8.85,8.85,8.85,6000,8.85,2
359,2015-03-11 21:59:00,8.85,8.85,8.85,8.85,0,8.85,0
360,2015-03-11 22:00:00,8.85,8.85,8.83,8.83,46000,8.8391,6
361,2015-03-11 22:01:00,8.83,8.84,8.82,8.82,88000,8.8359,6
362,2015-03-11 22:02:00,8.82,8.82,8.82,8.82,8000,8.82,3
363,2015-03-11 22:03:00,8.83,8.84,8.83,8.84,10000,8.832,3
364,2015-03-11 22:04:00,8.83,8.83,8.82,8.82,30000,8.8287,6
365,2015-03-11 22:05:00,8.83,8.83,8.82,8.82,26000,8.8254,5
366,2015-03-11 22:06:00,8.82,8.82,8.8,8.81,272000,8.8177,15
367,2015-03-11 22:07:00,8.81,8.81,8.81,8.81,0,8.81,0
368,2015-03-11 22:08:00,8.81,8.81,8.81,8.81,6000,8.81,1
369,2015-03-11 22:09:00,8.81,8.82,8.81,8.82,52000,8.8188,6
370,2015-03-11 22:10:00,8.82,8.82,8.82,8.82,0,8.82,0
371,2015-03-11 22:11:00,8.82,8.84,8.82,8.84,64000,8.8259,6
372,2015-03-11 22:12:00,8.85,8.85,8.85,8.85,6000,8.85,1
373,2015-03-11 22:13:00,8.85,8.85,8.85,8.85,20000,8.85,3
374,2015-03-11 22:14:00,8.84,8.84,8.84,8.84,34000,8.84,3
375,2015-03-11 22:15:00,8.84,8.84,8.84,8.84,20000,8.84,3
376,2015-03-11 22:16:00,8.84,8.84,8.83,8.83,20000,8.839,4
377,2015-03-11 22:17:00,8.83,8.85,8.83,8.84,64000,8.8413,6
378,2015-03-11 22:18:00,8.84,8.84,8.84,8.84,0,8.84,0
379,2015-03-11 22:19:00,8.84,8.84,8.83,8.83,54000,8.8374,3
380,2015-03-11 22:20:00,8.82,8.82,8.82,8.82,4000,8.82,1
381,2015-03-11 22:21:00,8.82,8.82,8.82,8.82,16000,8.82,3
382,2015-03-11 22:22:00,8.81,8.81,8.8,8.81,24000,8.8075,5
383,2015-03-11 22:23:00,8.81,8.81,8.8,8.81,28000,8.8064,6
384,2015-03-11 22:24:00,8.8,8.81,8.8,8.81,18000,8.8078,4
385,2015-03-11 22:25:00,8.81,8.81,8.8,8.81,10000,8.808,4
386,2015-03-11 22:26:00,8.81,8.81,8.8,8.8,10000,8.804,3
387,2015-03-11 22:27:00,8.81,8.82,8.8,8.82,108000,8.8143,8
388,2015-03-11 22:28:00,8.83,8.9,8.83,8.83,396000,8.8755,17
389,2015-03-11 22:29:00,8.85,8.85,8.82,8.82,24000,8.8425,5
390,2015-03-11 22:30:00,8.87,8.87,8.87,8.87,6000,8.87,1
391,2015-03-11 22:31:00,8.87,8.87,8.87,8.87,0,8.87,0
392,2015-03-11 22:32:00,8.83,8.83,8.83,8.83,4000,8.83,1
393,2015-03-11 22:33:00,8.83,8.84,8.83,8.83,12000,8.8367,3
394,2015-03-11 22:34:00,8.84,8.84,8.84,8.84,138000,8.84,8
395,2015-03-11 22:35:00,8.84,8.84,8.84,8.84,40000,8.84,3
396,2015-03-11 22:36:00,8.84,8.84,8.84,8.84,0,8.84,0
397,2015-03-11 22:37:00,8.84,8.84,8.84,8.84,50000,8.84,7
398,2015-03-11 22:38:00,8.84,8.84,8.84,8.84,2000,8.84,1
399,2015-03-11 22:39:00,8.84,8.84,8.83,8.83,150000,8.8349,10
400,2015-03-11 22:40:00,8.83,8.83,8.83,8.83,8000,8.83,2
401,2015-03-11 22:41:00,8.83,8.83,8.83,8.83,0,8.83,0
402,2015-03-11 22:42:00,8.82,8.82,8.82,8.82,4000,8.82,1
403,2015-03-11 22:43:00,8.82,8.82,8.81,8.81,160000,8.8129,4
404,2015-03-11 22:44:00,8.82,8.82,8.82,8.82,32000,8.82,2
405,2015-03-11 22:45:00,8.82,8.82,8.82,8.82,0,8.82,0
406,2015-03-11 22:46:00,8.82,8.82,8.8,8.81,86000,8.8114,8
407,2015-03-11 22:47:00,8.8,8.81,8.8,8.81,10000,8.808,3
408,2015-03-11 22:48:00,8.8,8.8,8.8,8.8,4000,8.8,1
409,2015-03-11 22:49:00,8.8,8.8,8.8,8.8,14000,8.8,3
410,2015-03-11 22:50:00,8.8,8.8,8.77,8.77,594000,8.7952,10
411,2015-03-11 22:51:00,8.76,8.76,8.75,8.75,66000,8.7564,9
412,2015-03-11 22:52:00,8.76,8.78,8.76,8.78,94000,8.7632,9
413,2015-03-11 22:53:00,8.79,8.79,8.76,8.76,128000,8.7694,5
414,2015-03-11 22:54:00,8.76,8.76,8.76,8.76,0,8.76,0
415,2015-03-11 22:55:00,8.76,8.76,8.76,8.76,0,8.76,0
416,2015-03-11 22:56:00,8.76,8.76,8.75,8.75,38000,8.7584,4
417,2015-03-11 22:57:00,8.75,8.75,8.74,8.74,42000,8.749,6
418,2015-03-11 22:58:00,8.75,8.76,8.74,8.76,108000,8.7528,6
419,2015-03-11 22:59:00,8.77,8.77,8.77,8.77,6000,8.77,1
420,2015-03-11 23:00:00,8.77,8.77,8.76,8.76,18000,8.7633,3
421,2015-03-11 23:01:00,8.76,8.76,8.76,8.76,14000,8.76,4
422,2015-03-11 23:02:00,8.76,8.76,8.76,8.76,4000,8.76,1
423,2015-03-11 23:03:00,8.76,8.76,8.76,8.76,6000,8.76,2
424,2015-03-11 23:04:00,8.76,8.76,8.76,8.76,4000,8.76,1
425,2015-03-11 23:05:00,8.76,8.76,8.76,8.76,54000,8.76,11
426,2015-03-11 23:06:00,8.76,8.76,8.76,8.76,14000,8.76,3
427,2015-03-11 23:07:00,8.76,8.76,8.76,8.76,0,8.76,0
428,2015-03-11 23:08:00,8.77,8.77,8.76,8.76,4000,8.765,2
429,2015-03-11 23:09:00,8.77,8.77,8.76,8.76,6000,8.7633,2
430,2015-03-11 23:10:00,8.76,8.77,8.75,8.76,46000,8.7617,5
431,2015-03-11 23:11:00,8.76,8.76,8.75,8.76,222000,8.7515,14
432,2015-03-11 23:12:00,8.76,8.76,8.76,8.76,20000,8.76,4
433,2015-03-11 23:13:00,8.75,8.75,8.75,8.75,18000,8.75,1
434,2015-03-11 23:14:00,8.75,8.75,8.75,8.75,0,8.75,0
435,2015-03-11 23:15:00,8.75,8.75,8.75,8.75,0,8.75,0
436,2015-03-11 23:16:00,8.74,8.74,8.74,8.74,4000,8.74,2
437,2015-03-11 23:17:00,8.74,8.75,8.74,8.74,18000,8.7456,4
438,2015-03-11 23:18:00,8.75,8.75,8.75,8.75,92000,8.75,3
439,2015-03-11 23:19:00,8.75,8.75,8.75,8.75,0,8.75,0
440,2015-03-11 23:20:00,8.76,8.77,8.76,8.76,168000,8.7632,7
441,2015-03-11 23:21:00,8.77,8.77,8.77,8.77,4000,8.77,1
442,2015-03-11 23:22:00,8.76,8.76,8.76,8.76,16000,8.76,2
443,2015-03-11 23:23:00,8.76,8.76,8.76,8.76,4000,8.76,2
444,2015-03-11 23:24:00,8.78,8.78,8.76,8.76,26000,8.7754,4
445,2015-03-11 23:25:00,8.76,8.76,8.76,8.76,4000,8.76,2
446,2015-03-11 23:26:00,8.76,8.77,8.76,8.76,8000,8.7625,3
447,2015-03-11 23:27:00,8.76,8.76,8.76,8.76,2000,8.76,1
448,2015-03-11 23:28:00,8.77,8.77,8.77,8.77,20000,8.77,4
449,2015-03-11 23:29:00,8.76,8.77,8.74,8.74,134000,8.7587,9
450,2015-03-11 23:30:00,8.74,8.74,8.74,8.74,0,8.74,0
451,2015-03-11 23:31:00,8.74,8.75,8.73,8.73,36000,8.7422,4
452,2015-03-11 23:32:00,8.73,8.73,8.73,8.73,4000,8.73,2
453,2015-03-11 23:33:00,8.74,8.74,8.74,8.74,4000,8.74,2
454,2015-03-11 23:34:00,8.75,8.76,8.75,8.76,114000,8.753,4
455,2015-03-11 23:35:00,8.75,8.75,8.74,8.74,34000,8.7494,3
456,2015-03-11 23:36:00,8.74,8.74,8.74,8.74,4000,8.74,2
457,2015-03-11 23:37:00,8.74,8.76,8.74,8.76,26000,8.7569,4
458,2015-03-11 23:38:00,8.76,8.76,8.76,8.76,38000,8.76,1
459,2015-03-11 23:39:00,8.76,8.76,8.76,8.76,0,8.76,0
460,2015-03-11 23:40:00,8.76,8.76,8.76,8.76,0,8.76,0
461,2015-03-11 23:41:00,8.75,8.75,8.74,8.74,10000,8.748,3
462,2015-03-11 23:42:00,8.76,8.76,8.75,8.75,6000,8.7533,2
463,2015-03-11 23:43:00,8.75,8.76,8.75,8.76,100000,8.7502,5
464,2015-03-11 23:44:00,8.76,8.76,8.75,8.75,4000,8.755,2
465,2015-03-11 23:45:00,8.75,8.75,8.75,8.75,2000,8.75,1
466,2015-03-11 23:46:00,8.75,8.75,8.75,8.75,8000,8.75,2
467,2015-03-11 23:47:00,8.75,8.76,8.75,8.75,6000,8.7533,3
468,2015-03-11 23:48:00,8.75,8.75,8.75,8.75,26000,8.75,3
469,2015-03-11 23:49:00,8.75,8.75,8.75,8.75,2000,8.75,1
470,2015-03-11 23:50:00,8.75,8.75,8.75,8.75,40000,8.75,4
471,2015-03-11 23:51:00,8.74,8.74,8.73,8.74,44000,8.7395,5
472,2015-03-11 23:52:00,8.75,8.75,8.74,8.74,14000,8.7414,5
473,2015-03-11 23:53:00,8.74,8.74,8.74,8.74,0,8.74,0
474,2015-03-11 23:54:00,8.74,8.74,8.74,8.74,56000,8.74,1
475,2015-03-11 23:55:00,8.73,8.73,8.73,8.73,2000,8.73,1
476,2015-03-11 23:56:00,8.73,8.73,8.73,8.73,2000,8.73,1
477,2015-03-11 23:57:00,8.74,8.75,8.73,8.75,182000,8.7448,9
478,2015-03-11 23:58:00,8.76,8.81,8.76,8.81,94000,8.7794,7
479,2015-03-11 23:59:00,8.81,8.81,8.81,8.81,0,8.81,0
480,2015-03-12 01:00:00,8.82,8.82,8.76,8.78,364000,8.7835,20
481,2015-03-12 01:01:00,8.78,8.78,8.77,8.77,238000,8.7783,6
482,2015-03-12 01:02:00,8.76,8.76,8.76,8.76,2000,8.76,1
483,2015-03-12 01:03:00,8.77,8.77,8.76,8.76,26000,8.7692,6
484,2015-03-12 01:04:00,8.77,8.77,8.76,8.76,24000,8.7683,5
485,2015-03-12 01:05:00,8.77,8.77,8.76,8.76,80000,8.7693,12
486,2015-03-12 01:06:00,8.78,8.78,8.76,8.76,102000,8.7755,5
487,2015-03-12 01:07:00,8.76,8.76,8.73,8.73,114000,8.7491,11
488,2015-03-12 01:08:00,8.75,8.75,8.74,8.75,12000,8.7483,3
489,2015-03-12 01:09:00,8.74,8.74,8.73,8.73,102000,8.732,8
490,2015-03-12 01:10:00,8.74,8.74,8.74,8.74,30000,8.74,3
491,2015-03-12 01:11:00,8.75,8.78,8.75,8.78,344000,8.7623,14
492,2015-03-12 01:12:00,8.79,8.8,8.75,8.75,152000,8.7862,17
493,2015-03-12 01:13:00,8.75,8.75,8.74,8.74,12000,8.7467,2
494,2015-03-12 01:14:00,8.75,8.76,8.75,8.76,48000,8.7513,4
495,2015-03-12 01:15:00,8.77,8.77,8.77,8.77,26000,8.77,2
496,2015-03-12 01:16:00,8.77,8.77,8.77,8.77,54000,8.77,3
497,2015-03-12 01:17:00,8.77,8.77,8.76,8.76,146000,8.7674,6
498,2015-03-12 01:18:00,8.75,8.75,8.74,8.74,32000,8.7419,7
499,2015-03-12 01:19:00,8.75,8.75,8.75,8.75,34000,8.75,2
500,2015-03-12 01:20:00,8.75,8.75,8.75,8.75,6000,8.75,1
501,2015-03-12 01:21:00,8.74,8.75,8.74,8.75,84000,8.7412,6
502,2015-03-12 01:22:00,8.75,8.75,8.75,8.75,0,8.75,0
503,2015-03-12 01:23:00,8.75,8.76,8.74,8.75,88000,8.7523,5
504,2015-03-12 01:24:00,8.76,8.76,8.75,8.75,8000,8.755,2
505,2015-03-12 01:25:00,8.75,8.75,8.74,8.74,72000,8.7492,2
506,2015-03-12 01:26:00,8.73,8.73,8.73,8.73,6000,8.73,2
507,2015-03-12 01:27:00,8.73,8.73,8.73,8.73,6000,8.73,3
508,2015-03-12 01:28:00,8.73,8.73,8.73,8.73,8000,8.73,3
509,2015-03-12 01:29:00,8.73,8.73,8.71,8.71,456000,8.723,9
510,2015-03-12 01:30:00,8.71,8.71,8.68,8.68,174000,8.6989,7
511,2015-03-12 01:31:00,8.7,8.7,8.7,8.7,114000,8.7,5
512,2015-03-12 01:32:00,8.7,8.72,8.7,8.72,80000,8.702,4
513,2015-03-12 01:33:00,8.72,8.72,8.72,8.72,24000,8.72,3
514,2015-03-12 01:34:00,8.72,8.72,8.72,8.72,0,8.72,0
515,2015-03-12 01:35:00,8.73,8.73,8.72,8.72,124000,8.724,6
516,2015-03-12 01:36:00,8.72,8.72,8.72,8.72,0,8.72,0
517,2015-03-12 01:37:00,8.72,8.72,8.72,8.72,0,8.72,0
518,2015-03-12 01:38:00,8.7,8.7,8.7,8.7,82000,8.7,1
519,2015-03-12 01:39:00,8.7,8.7,8.7,8.7,4000,8.7,2
520,2015-03-12 01:40:00,8.7,8.7,8.7,8.7,48000,8.7,1
521,2015-03-12 01:41:00,8.7,8.71,8.7,8.7,48000,8.7004,4
522,2015-03-12 01:42:00,8.69,8.69,8.69,8.69,4000,8.69,2
523,2015-03-12 01:43:00,8.69,8.69,8.67,8.67,132000,8.6815,9
524,2015-03-12 01:44:00,8.68,8.69,8.66,8.66,102000,8.6704,5
525,2015-03-12 01:45:00,8.68,8.7,8.68,8.7,80000,8.686,7
526,2015-03-12 01:46:00,8.7,8.71,8.67,8.7,112000,8.697,13
527,2015-03-12 01:47:00,8.71,8.71,8.67,8.67,12000,8.6833,2
528,2015-03-12 01:48:00,8.67,8.67,8.67,8.67,0,8.67,0
529,2015-03-12 01:49:00,8.7,8.7,8.7,8.7,22000,8.7,6
530,2015-03-12 01:50:00,8.7,8.72,8.7,8.72,100000,8.7098,4
531,2015-03-12 01:51:00,8.71,8.71,8.71,8.71,10000,8.71,1
532,2015-03-12 01:52:00,8.7,8.7,8.7,8.7,36000,8.7,2
533,2015-03-12 01:53:00,8.7,8.7,8.68,8.68,78000,8.6921,5
534,2015-03-12 01:54:00,8.68,8.68,8.66,8.67,392000,8.6682,16
535,2015-03-12 01:55:00,8.66,8.66,8.66,8.66,22000,8.66,3
536,2015-03-12 01:56:00,8.68,8.69,8.68,8.69,46000,8.6839,3
537,2015-03-12 01:57:00,8.7,8.71,8.69,8.7,54000,8.6993,4
538,2015-03-12 01:58:00,8.69,8.69,8.68,8.68,12000,8.6867,5
539,2015-03-12 01:59:00,8.69,8.69,8.68,8.69,58000,8.6879,4
540,2015-03-12 02:00:00,8.67,8.67,8.66,8.67,70000,8.6631,7
541,2015-03-12 02:01:00,8.69,8.69,8.67,8.67,12000,8.6833,3
542,2015-03-12 02:02:00,8.66,8.66,8.66,8.66,82000,8.66,5
543,2015-03-12 02:03:00,8.65,8.66,8.65,8.66,40000,8.6585,6
544,2015-03-12 02:04:00,8.67,8.68,8.65,8.66,38000,8.6658,6
545,2015-03-12 02:05:00,8.66,8.69,8.66,8.69,70000,8.68,4
546,2015-03-12 02:06:00,8.68,8.68,8.67,8.67,96000,8.6746,4
547,2015-03-12 02:07:00,8.67,8.67,8.66,8.66,18000,8.6678,6
548,2015-03-12 02:08:00,8.66,8.66,8.66,8.66,4000,8.66,1
549,2015-03-12 02:09:00,8.66,8.67,8.66,8.67,86000,8.6677,4
550,2015-03-12 02:10:00,8.66,8.66,8.64,8.64,154000,8.6487,5
551,2015-03-12 02:11:00,8.64,8.65,8.62,8.62,74000,8.6332,6
552,2015-03-12 02:12:00,8.63,8.66,8.63,8.63,164000,8.6494,7
553,2015-03-12 02:13:00,8.65,8.66,8.65,8.66,70000,8.6511,3
554,2015-03-12 02:14:00,8.66,8.66,8.64,8.64,14000,8.6571,3
555,2015-03-12 02:15:00,8.65,8.67,8.65,8.67,78000,8.6582,5
556,2015-03-12 02:16:00,8.66,8.66,8.65,8.66,156000,8.6599,7
557,2015-03-12 02:17:00,8.66,8.66,8.66,8.66,0,8.66,0
558,2015-03-12 02:18:00,8.67,8.67,8.66,8.66,80000,8.6603,2
559,2015-03-12 02:19:00,8.65,8.66,8.65,8.65,68000,8.6547,4
560,2015-03-12 02:20:00,8.65,8.66,8.65,8.66,116000,8.6597,7
561,2015-03-12 02:21:00,8.66,8.66,8.66,8.66,26000,8.66,2
562,2015-03-12 02:22:00,8.66,8.66,8.65,8.65,74000,8.6508,10
563,2015-03-12 02:23:00,8.66,8.66,8.64,8.66,122000,8.643,6
564,2015-03-12 02:24:00,8.66,8.66,8.65,8.65,16000,8.6538,4
565,2015-03-12 02:25:00,8.65,8.65,8.65,8.65,0,8.65,0
566,2015-03-12 02:26:00,8.64,8.65,8.64,8.64,48000,8.6467,4
567,2015-03-12 02:27:00,8.64,8.66,8.64,8.66,68000,8.6491,3
568,2015-03-12 02:28:00,8.65,8.65,8.64,8.64,134000,8.6491,5
569,2015-03-12 02:29:00,8.65,8.65,8.64,8.65,128000,8.6425,6
570,2015-03-12 02:30:00,8.64,8.65,8.64,8.64,26000,8.6408,3
571,2015-03-12 02:31:00,8.64,8.64,8.64,8.64,12000,8.64,1
572,2015-03-12 02:32:00,8.64,8.64,8.64,8.64,84000,8.64,8
573,2015-03-12 02:33:00,8.64,8.64,8.62,8.62,82000,8.6285,5
574,2015-03-12 02:34:00,8.62,8.63,8.61,8.63,142000,8.6134,3
575,2015-03-12 02:35:00,8.63,8.63,8.61,8.62,100000,8.6224,13
576,2015-03-12 02:36:00,8.62,8.62,8.62,8.62,50000,8.62,5
577,2015-03-12 02:37:00,8.61,8.62,8.61,8.61,50000,8.6164,5
578,2015-03-12 02:38:00,8.62,8.62,8.62,8.62,48000,8.62,3
579,2015-03-12 02:39:00,8.62,8.62,8.61,8.61,128000,8.6161,11
580,2015-03-12 02:40:00,8.62,8.62,8.59,8.6,226000,8.6041,13
581,2015-03-12 02:41:00,8.61,8.61,8.59,8.6,80000,8.6023,10
582,2015-03-12 02:42:00,8.6,8.6,8.59,8.59,74000,8.5978,11
583,2015-03-12 02:43:00,8.61,8.61,8.56,8.58,128000,8.5861,13
584,2015-03-12 02:44:00,8.58,8.58,8.56,8.58,334000,8.5692,22
585,2015-03-12 02:45:00,8.59,8.59,8.59,8.59,62000,8.59,5
586,2015-03-12 02:46:00,8.59,8.6,8.59,8.59,46000,8.5926,4
587,2015-03-12 02:47:00,8.6,8.6,8.59,8.59,124000,8.5984,10
588,2015-03-12 02:48:00,8.59,8.59,8.57,8.57,230000,8.5854,6
589,2015-03-12 02:49:00,8.58,8.59,8.58,8.59,80000,8.583,2
590,2015-03-12 02:50:00,8.59,8.59,8.59,8.59,10000,8.59,1
591,2015-03-12 02:51:00,8.6,8.6,8.58,8.6,96000,8.5885,5
592,2015-03-12 02:52:00,8.59,8.59,8.59,8.59,60000,8.59,6
593,2015-03-12 02:53:00,8.59,8.59,8.59,8.59,48000,8.59,4
594,2015-03-12 02:54:00,8.59,8.59,8.59,8.59,6000,8.59,2
595,2015-03-12 02:55:00,8.59,8.59,8.58,8.58,104000,8.581,11
596,2015-03-12 02:56:00,8.58,8.59,8.58,8.58,48000,8.5817,6
597,2015-03-12 02:57:00,8.58,8.59,8.58,8.59,46000,8.5804,4
598,2015-03-12 02:58:00,8.58,8.59,8.58,8.58,92000,8.582,6
599,2015-03-12 02:59:00,8.59,8.59,8.58,8.58,10000,8.582,5
600,2015-03-12 03:00:00,8.59,8.59,8.59,8.59,18000,8.59,1
601,2015-03-12 03:01:00,8.58,8.59,8.56,8.56,276000,8.5776,12
602,2015-03-12 03:02:00,8.56,8.57,8.56,8.56,198000,8.5629,20
603,2015-03-12 03:03:00,8.56,8.57,8.56,8.56,240000,8.5606,16
604,2015-03-12 03:04:00,8.56,8.56,8.56,8.56,34000,8.56,4
605,2015-03-12 03:05:00,8.56,8.56,8.55,8.56,116000,8.5586,11
606,2015-03-12 03:06:00,8.56,8.58,8.56,8.58,38000,8.5658,5
607,2015-03-12 03:07:00,8.57,8.59,8.57,8.58,92000,8.5793,7
608,2015-03-12 03:08:00,8.58,8.58,8.56,8.56,166000,8.5753,5
609,2015-03-12 03:09:00,8.56,8.56,8.56,8.56,12000,8.56,2
610,2015-03-12 03:10:00,8.58,8.58,8.58,8.58,2000,8.58,1
611,2015-03-12 03:11:00,8.58,8.58,8.58,8.58,14000,8.58,1
612,2015-03-12 03:12:00,8.58,8.58,8.56,8.56,172000,8.5751,6
613,2015-03-12 03:13:00,8.56,8.56,8.55,8.55,40000,8.558,3
614,2015-03-12 03:14:00,8.56,8.56,8.53,8.53,262000,8.5466,16
615,2015-03-12 03:15:00,8.53,8.56,8.53,8.56,170000,8.5433,9
616,2015-03-12 03:16:00,8.56,8.56,8.55,8.56,46000,8.5565,6
617,2015-03-12 03:17:00,8.56,8.56,8.56,8.56,18000,8.56,4
618,2015-03-12 03:18:00,8.56,8.56,8.56,8.56,20000,8.56,3
619,2015-03-12 03:19:00,8.56,8.56,8.56,8.56,12000,8.56,2
620,2015-03-12 03:20:00,8.56,8.56,8.56,8.56,0,8.56,0
621,2015-03-12 03:21:00,8.55,8.55,8.55,8.55,28000,8.55,3
622,2015-03-12 03:22:00,8.55,8.55,8.53,8.53,208000,8.5465,7
623,2015-03-12 03:23:00,8.53,8.55,8.53,8.53,206000,8.5422,9
624,2015-03-12 03:24:00,8.53,8.53,8.53,8.53,0,8.53,0
625,2015-03-12 03:25:00,8.56,8.56,8.56,8.56,60000,8.56,5
626,2015-03-12 03:26:00,8.56,8.57,8.56,8.57,52000,8.5612,6
627,2015-03-12 03:27:00,8.57,8.58,8.57,8.58,78000,8.5769,8
628,2015-03-12 03:28:00,8.57,8.59,8.57,8.58,96000,8.58,10
629,2015-03-12 03:29:00,8.58,8.58,8.57,8.57,20000,8.573,2
630,2015-03-12 03:30:00,8.57,8.57,8.57,8.57,14000,8.57,1
631,2015-03-12 03:31:00,8.58,8.58,8.58,8.58,14000,8.58,3
632,2015-03-12 03:32:00,8.57,8.58,8.57,8.57,80000,8.571,7
633,2015-03-12 03:33:00,8.57,8.58,8.57,8.57,60000,8.572,6
634,2015-03-12 03:34:00,8.57,8.58,8.57,8.58,162000,8.5786,12
635,2015-03-12 03:35:00,8.58,8.59,8.58,8.59,64000,8.5806,11
636,2015-03-12 03:36:00,8.58,8.58,8.58,8.58,6000,8.58,3
637,2015-03-12 03:37:00,8.59,8.59,8.59,8.59,4000,8.59,1
638,2015-03-12 03:38:00,8.58,8.59,8.58,8.58,40000,8.585,5
639,2015-03-12 03:39:00,8.58,8.59,8.58,8.59,90000,8.5844,6
640,2015-03-12 03:40:00,8.59,8.6,8.57,8.57,544000,8.5863,21
641,2015-03-12 03:41:00,8.57,8.58,8.56,8.58,532000,8.5768,12
642,2015-03-12 03:42:00,8.56,8.57,8.56,8.56,310000,8.5663,14
643,2015-03-12 03:43:00,8.56,8.57,8.56,8.57,198000,8.5685,16
644,2015-03-12 03:44:00,8.56,8.57,8.56,8.57,32000,8.5606,11
645,2015-03-12 03:45:00,8.57,8.58,8.57,8.57,102000,8.5702,18
646,2015-03-12 03:46:00,8.57,8.58,8.57,8.57,78000,8.5738,16
647,2015-03-12 03:47:00,8.57,8.57,8.55,8.56,488000,8.5655,22
648,2015-03-12 03:48:00,8.56,8.56,8.55,8.55,46000,8.5543,9
649,2015-03-12 03:49:00,8.55,8.56,8.55,8.56,98000,8.5524,18
650,2015-03-12 03:50:00,8.55,8.56,8.55,8.55,76000,8.5529,17
651,2015-03-12 03:51:00,8.55,8.57,8.55,8.56,246000,8.5609,30
652,2015-03-12 03:52:00,8.56,8.57,8.55,8.56,1040000,8.5555,35
653,2015-03-12 03:53:00,8.56,8.57,8.55,8.57,210000,8.5612,21
654,2015-03-12 03:54:00,8.56,8.57,8.56,8.56,156000,8.5608,37
655,2015-03-12 03:55:00,8.56,8.57,8.56,8.57,120000,8.5613,33
656,2015-03-12 03:56:00,8.56,8.57,8.56,8.57,230000,8.5649,39
657,2015-03-12 03:57:00,8.56,8.58,8.56,8.58,472000,8.5717,30
658,2015-03-12 03:58:00,8.58,8.59,8.57,8.58,640000,8.5787,43
659,2015-03-12 03:59:00,8.58,8.6,8.57,8.6,1578000,8.5875,91
660,2015-03-12 21:30:00,8.6,8.66,8.59,8.66,456000,8.6199,53
661,2015-03-12 21:31:00,8.66,8.73,8.66,8.72,598000,8.7071,43
662,2015-03-12 21:32:00,8.72,8.74,8.72,8.73,158000,8.7299,22
663,2015-03-12 21:33:00,8.74,8.74,8.71,8.73,160000,8.7115,6
664,2015-03-12 21:34:00,8.73,8.73,8.73,8.73,0,8.73,0
665,2015-03-12 21:35:00,8.73,8.74,8.71,8.73,220000,8.7201,22
666,2015-03-12 21:36:00,8.73,8.75,8.73,8.75,98000,8.7376,5
667,2015-03-12 21:37:00,8.76,8.82,8.76,8.82,544000,8.7894,33
668,2015-03-12 21:38:00,8.81,8.82,8.76,8.78,140000,8.7989,18
669,2015-03-12 21:39:00,8.78,8.78,8.74,8.74,128000,8.7561,16
670,2015-03-12 21:40:00,8.75,8.77,8.75,8.76,102000,8.7559,7
671,2015-03-12 21:41:00,8.76,8.78,8.74,8.77,152000,8.7633,29
672,2015-03-12 21:42:00,8.77,8.78,8.75,8.75,164000,8.7744,39
673,2015-03-12 21:43:00,8.75,8.77,8.75,8.76,56000,8.7614,14
674,2015-03-12 21:44:00,8.77,8.78,8.75,8.75,184000,8.7646,20
675,2015-03-12 21:45:00,8.75,8.75,8.75,8.75,0,8.75,0
676,2015-03-12 21:46:00,8.78,8.78,8.78,8.78,4000,8.78,2
677,2015-03-12 21:47:00,8.77,8.78,8.75,8.76,534000,8.7698,42
678,2015-03-12 21:48:00,8.77,8.79,8.76,8.76,422000,8.7696,31
679,2015-03-12 21:49:00,8.78,8.78,8.73,8.73,230000,8.7545,11
680,2015-03-12 21:50:00,8.73,8.78,8.73,8.75,72000,8.7481,7
681,2015-03-12 21:51:00,8.77,8.77,8.75,8.75,112000,8.7536,15
682,2015-03-12 21:52:00,8.75,8.76,8.7,8.73,332000,8.7342,25
683,2015-03-12 21:53:00,8.71,8.71,8.65,8.69,418000,8.6891,34
684,2015-03-12 21:54:00,8.68,8.68,8.65,8.65,88000,8.668,4
685,2015-03-12 21:55:00,8.66,8.67,8.66,8.67,8000,8.665,2
686,2015-03-12 21:56:00,8.69,8.69,8.67,8.68,12000,8.6817,4
687,2015-03-12 21:57:00,8.67,8.69,8.67,8.67,36000,8.6733,7
688,2015-03-12 21:58:00,8.69,8.69,8.67,8.67,384000,8.6892,7
689,2015-03-12 21:59:00,8.7,8.73,8.7,8.73,334000,8.7013,6
690,2015-03-12 22:00:00,8.73,8.74,8.72,8.74,46000,8.7287,6
691,2015-03-12 22:01:00,8.74,8.74,8.72,8.74,16000,8.73,3
692,2015-03-12 22:02:00,8.72,8.73,8.7,8.71,368000,8.7108,26
693,2015-03-12 22:03:00,8.71,8.73,8.71,8.73,82000,8.7132,5
694,2015-03-12 22:04:00,8.71,8.72,8.71,8.72,240000,8.7103,9
695,2015-03-12 22:05:00,8.71,8.71,8.69,8.7,268000,8.7008,11
696,2015-03-12 22:06:00,8.7,8.7,8.7,8.7,16000,8.7,4
697,2015-03-12 22:07:00,8.7,8.7,8.7,8.7,0,8.7,0
698,2015-03-12 22:08:00,8.7,8.71,8.7,8.71,8000,8.7075,2
699,2015-03-12 22:09:00,8.7,8.7,8.67,8.68,298000,8.6917,11
700,2015-03-12 22:10:00,8.68,8.7,8.68,8.7,232000,8.6881,10
701,2015-03-12 22:11:00,8.7,8.72,8.7,8.72,332000,8.7026,11
702,2015-03-12 22:12:00,8.72,8.74,8.72,8.74,144000,8.7238,8
703,2015-03-12 22:13:00,8.73,8.75,8.73,8.73,78000,8.7356,8
704,2015-03-12 22:14:00,8.73,8.74,8.73,8.74,8000,8.7375,2
705,2015-03-12 22:15:00,8.73,8.73,8.7,8.7,152000,8.7186,7
706,2015-03-12 22:16:00,8.71,8.71,8.71,8.71,6000,8.71,1
707,2015-03-12 22:17:00,8.71,8.71,8.71,8.71,8000,8.71,2
708,2015-03-12 22:18:00,8.71,8.71,8.71,8.71,4000,8.71,1
709,2015-03-12 22:19:00,8.71,8.71,8.7,8.71,26000,8.7031,3
710,2015-03-12 22:20:00,8.71,8.71,8.7,8.7,92000,8.7011,9
711,2015-03-12 22:21:00,8.7,8.7,8.7,8.7,6000,8.7,2
712,2015-03-12 22:22:00,8.7,8.7,8.68,8.68,300000,8.6912,14
713,2015-03-12 22:23:00,8.7,8.7,8.69,8.69,6000,8.6967,2
714,2015-03-12 22:24:00,8.69,8.69,8.69,8.69,0,8.69,0
715,2015-03-12 22:25:00,8.7,8.71,8.69,8.7,306000,8.701,11
716,2015-03-12 22:26:00,8.7,8.71,8.7,8.71,24000,8.7058,3
717,2015-03-12 22:27:00,8.71,8.71,8.7,8.7,40000,8.7015,4
718,2015-03-12 22:28:00,8.71,8.71,8.7,8.7,12000,8.705,4
719,2015-03-12 22:29:00,8.71,8.71,8.7,8.7,16000,8.705,4
720,2015-03-12 22:30:00,8.71,8.73,8.71,8.72,340000,8.7141,10
721,2015-03-12 22:31:00,8.73,8.74,8.72,8.73,404000,8.7301,17
722,2015-03-12 22:32:00,8.74,8.74,8.74,8.74,6000,8.74,1
723,2015-03-12 22:33:00,8.74,8.74,8.74,8.74,6000,8.74,1
724,2015-03-12 22:34:00,8.74,8.75,8.74,8.75,60000,8.741,8
725,2015-03-12 22:35:00,8.75,8.75,8.73,8.73,166000,8.7372,8
726,2015-03-12 22:36:00,8.73,8.73,8.73,8.73,48000,8.73,4
727,2015-03-12 22:37:00,8.74,8.74,8.74,8.74,70000,8.74,3
728,2015-03-12 22:38:00,8.74,8.75,8.74,8.75,14000,8.7443,4
729,2015-03-12 22:39:00,8.74,8.74,8.73,8.74,122000,8.7351,5
730,2015-03-12 22:40:00,8.74,8.74,8.74,8.74,92000,8.74,6
731,2015-03-12 22:41:00,8.75,8.75,8.75,8.75,8000,8.75,2
732,2015-03-12 22:42:00,8.74,8.74,8.73,8.74,140000,8.7364,6
733,2015-03-12 22:43:00,8.73,8.74,8.73,8.74,98000,8.7304,3
734,2015-03-12 22:44:00,8.74,8.74,8.74,8.74,6000,8.74,1
735,2015-03-12 22:45:00,8.74,8.74,8.74,8.74,12000,8.74,4
736,2015-03-12 22:46:00,8.74,8.74,8.74,8.74,6000,8.74,1
737,2015-03-12 22:47:00,8.73,8.76,8.73,8.76,132000,8.7445,12
738,2015-03-12 22:48:00,8.75,8.75,8.73,8.74,334000,8.7404,12
739,2015-03-12 22:49:00,8.73,8.76,8.73,8.75,178000,8.7472,12
740,2015-03-12 22:50:00,8.74,8.74,8.73,8.73,124000,8.7361,3
741,2015-03-12 22:51:00,8.72,8.72,8.72,8.72,10000,8.72,3
742,2015-03-12 22:52:00,8.73,8.73,8.72,8.72,168000,8.7276,11
743,2015-03-12 22:53:00,8.72,8.73,8.72,8.73,6000,8.7233,2
744,2015-03-12 22:54:00,8.72,8.73,8.67,8.67,146000,8.7129,10
745,2015-03-12 22:55:00,8.67,8.7,8.65,8.66,66000,8.6712,12
746,2015-03-12 22:56:00,8.66,8.67,8.66,8.67,64000,8.6675,6
747,2015-03-12 22:57:00,8.66,8.68,8.66,8.68,8000,8.675,2
748,2015-03-12 22:58:00,8.66,8.67,8.65,8.67,36000,8.6606,7
749,2015-03-12 22:59:00,8.67,8.67,8.67,8.67,6000,8.67,2
750,2015-03-12 23:00:00,8.66,8.67,8.66,8.66,14000,8.6643,3
751,2015-03-12 23:01:00,8.66,8.67,8.65,8.66,134000,8.6582,12
752,2015-03-12 23:02:00,8.65,8.67,8.65,8.67,120000,8.656,8
753,2015-03-12 23:03:00,8.67,8.67,8.67,8.67,0,8.67,0
754,2015-03-12 23:04:00,8.66,8.67,8.66,8.67,32000,8.6688,8
755,2015-03-12 23:05:00,8.67,8.68,8.67,8.68,44000,8.6718,12
756,2015-03-12 23:06:00,8.68,8.7,8.68,8.7,38000,8.6853,5
757,2015-03-12 23:07:00,8.7,8.7,8.7,8.7,30000,8.7,5
758,2015-03-12 23:08:00,8.71,8.71,8.71,8.71,8000,8.71,2
759,2015-03-12 23:09:00,8.69,8.69,8.66,8.67,198000,8.6816,8
760,2015-03-12 23:10:00,8.67,8.67,8.65,8.65,12000,8.6567,3
761,2015-03-12 23:11:00,8.65,8.65,8.62,8.62,106000,8.6423,8
762,2015-03-12 23:12:00,8.64,8.66,8.64,8.66,48000,8.6538,6
763,2015-03-12 23:13:00,8.64,8.66,8.64,8.64,18000,8.6467,5
764,2015-03-12 23:14:00,8.65,8.65,8.63,8.64,112000,8.6414,14
765,2015-03-12 23:15:00,8.65,8.66,8.63,8.63,62000,8.6474,7
766,2015-03-12 23:16:00,8.63,8.63,8.62,8.62,72000,8.6294,6
767,2015-03-12 23:17:00,8.62,8.62,8.62,8.62,36000,8.62,2
768,2015-03-12 23:18:00,8.62,8.62,8.62,8.62,12000,8.62,3
769,2015-03-12 23:19:00,8.62,8.62,8.61,8.62,188000,8.6184,9
770,2015-03-12 23:20:00,8.63,8.63,8.62,8.63,26000,8.6285,4
771,2015-03-12 23:21:00,8.63,8.64,8.63,8.64,42000,8.6314,5
772,2015-03-12 23:22:00,8.64,8.64,8.64,8.64,0,8.64,0
773,2015-03-12 23:23:00,8.64,8.64,8.63,8.63,6000,8.6333,2
774,2015-03-12 23:24:00,8.63,8.63,8.63,8.63,8000,8.63,2
775,2015-03-12 23:25:00,8.63,8.64,8.63,8.63,122000,8.6305,8
776,2015-03-12 23:26:00,8.62,8.63,8.62,8.62,142000,8.6201,6
777,2015-03-12 23:27:00,8.62,8.62,8.62,8.62,6000,8.62,2
778,2015-03-12 23:28:00,8.62,8.63,8.62,8.63,12000,8.6267,3
779,2015-03-12 23:29:00,8.62,8.62,8.6,8.62,316000,8.6141,10
780,2015-03-12 23:30:00,8.62,8.62,8.62,8.62,0,8.62,0
781,2015-03-12 23:31:00,8.61,8.62,8.61,8.62,32000,8.6175,6
782,2015-03-12 23:32:00,8.62,8.62,8.62,8.62,36000,8.62,4
783,2015-03-12 23:33:00,8.62,8.62,8.62,8.62,78000,8.62,5
784,2015-03-12 23:34:00,8.61,8.61,8.61,8.61,4000,8.61,1
785,2015-03-12 23:35:00,8.61,8.62,8.61,8.62,6000,8.6133,2
786,2015-03-12 23:36:00,8.62,8.63,8.62,8.63,70000,8.6249,9
787,2015-03-12 23:37:00,8.63,8.64,8.63,8.64,26000,8.6338,6
788,2015-03-12 23:38:00,8.64,8.64,8.64,8.64,58000,8.64,3
789,2015-03-12 23:39:00,8.63,8.63,8.62,8.63,22000,8.6282,3
790,2015-03-12 23:40:00,8.62,8.62,8.62,8.62,30000,8.62,2
791,2015-03-12 23:41:00,8.62,8.62,8.62,8.62,0,8.62,0
792,2015-03-12 23:42:00,8.62,8.62,8.62,8.62,14000,8.62,3
793,2015-03-12 23:43:00,8.63,8.63,8.63,8.63,12000,8.63,1
794,2015-03-12 23:44:00,8.64,8.64,8.64,8.64,2000,8.64,1
795,2015-03-12 23:45:00,8.64,8.64,8.63,8.63,6000,8.6367,2
796,2015-03-12 23:46:00,8.64,8.64,8.62,8.63,72000,8.6292,7
797,2015-03-12 23:47:00,8.61,8.61,8.61,8.61,4000,8.61,1
798,2015-03-12 23:48:00,8.61,8.61,8.61,8.61,6000,8.61,2
799,2015-03-12 23:49:00,8.62,8.63,8.6,8.6,180000,8.6182,8
800,2015-03-12 23:50:00,8.6,8.6,8.6,8.6,0,8.6,0
801,2015-03-12 23:51:00,8.61,8.62,8.61,8.62,50000,8.618,5
802,2015-03-12 23:52:00,8.62,8.62,8.62,8.62,10000,8.62,4
803,2015-03-12 23:53:00,8.61,8.61,8.61,8.61,4000,8.61,1
804,2015-03-12 23:54:00,8.62,8.62,8.61,8.61,10000,8.618,3
805,2015-03-12 23:55:00,8.61,8.61,8.61,8.61,0,8.61,0
806,2015-03-12 23:56:00,8.62,8.63,8.62,8.63,134000,8.624,7
807,2015-03-12 23:57:00,8.64,8.64,8.64,8.64,2000,8.64,1
808,2015-03-12 23:58:00,8.64,8.65,8.63,8.65,60000,8.6397,14
809,2015-03-12 23:59:00,8.65,8.65,8.64,8.65,44000,8.6495,7
810,2015-03-13 01:00:00,8.66,8.72,8.66,8.67,204000,8.6746,24
811,2015-03-13 01:01:00,8.68,8.68,8.67,8.67,80000,8.6723,4
812,2015-03-13 01:02:00,8.67,8.67,8.67,8.67,38000,8.67,7
813,2015-03-13 01:03:00,8.66,8.67,8.66,8.67,28000,8.6636,2
814,2015-03-13 01:04:00,8.67,8.67,8.65,8.65,94000,8.6574,7
815,2015-03-13 01:05:00,8.66,8.67,8.66,8.67,38000,8.6668,2
816,2015-03-13 01:06:00,8.67,8.67,8.67,8.67,0,8.67,0
817,2015-03-13 01:07:00,8.66,8.66,8.63,8.63,192000,8.6508,13
818,2015-03-13 01:08:00,8.64,8.64,8.62,8.64,112000,8.6373,9
819,2015-03-13 01:09:00,8.64,8.64,8.64,8.64,0,8.64,0
820,2015-03-13 01:10:00,8.65,8.65,8.65,8.65,58000,8.65,2
821,2015-03-13 01:11:00,8.66,8.67,8.66,8.67,60000,8.6617,8
822,2015-03-13 01:12:00,8.67,8.68,8.66,8.68,140000,8.6624,7
823,2015-03-13 01:13:00,8.68,8.68,8.68,8.68,0,8.68,0
824,2015-03-13 01:14:00,8.68,8.68,8.68,8.68,0,8.68,0
825,2015-03-13 01:15:00,8.67,8.67,8.67,8.67,4000,8.67,1
826,2015-03-13 01:16:00,8.66,8.67,8.66,8.67,14000,8.6629,2
827,2015-03-13 01:17:00,8.67,8.68,8.67,8.68,56000,8.6707,5
828,2015-03-13 01:18:00,8.68,8.68,8.68,8.68,0,8.68,0
829,2015-03-13 01:19:00,8.67,8.67,8.62,8.62,278000,8.6455,10
830,2015-03-13 01:20:00,8.62,8.62,8.62,8.62,0,8.62,0
831,2015-03-13 01:21:00,8.65,8.65,8.64,8.64,20000,8.645,3
832,2015-03-13 01:22:00,8.65,8.65,8.65,8.65,48000,8.65,3
833,2015-03-13 01:23:00,8.66,8.66,8.66,8.66,6000,8.66,1
834,2015-03-13 01:24:00,8.66,8.66,8.66,8.66,92000,8.66,6
835,2015-03-13 01:25:00,8.66,8.66,8.65,8.65,112000,8.6543,6
836,2015-03-13 01:26:00,8.66,8.66,8.66,8.66,10000,8.66,1
837,2015-03-13 01:27:00,8.64,8.65,8.64,8.65,22000,8.6409,2
838,2015-03-13 01:28:00,8.65,8.65,8.65,8.65,0,8.65,0
839,2015-03-13 01:29:00,8.64,8.64,8.64,8.64,30000,8.64,3
840,2015-03-13 01:30:00,8.64,8.64,8.64,8.64,34000,8.64,5
841,2015-03-13 01:31:00,8.64,8.64,8.64,8.64,0,8.64,0
842,2015-03-13 01:32:00,8.64,8.64,8.64,8.64,0,8.64,0
843,2015-03-13 01:33:00,8.64,8.64,8.64,8.64,0,8.64,0
844,2015-03-13 01:34:00,8.64,8.65,8.64,8.64,124000,8.6465,8
845,2015-03-13 01:35:00,8.64,8.64,8.64,8.64,0,8.64,0
846,2015-03-13 01:36:00,8.64,8.64,8.64,8.64,0,8.64,0
847,2015-03-13 01:37:00,8.64,8.64,8.64,8.64,0,8.64,0
848,2015-03-13 01:38:00,8.65,8.65,8.65,8.65,10000,8.65,1
849,2015-03-13 01:39:00,8.65,8.65,8.65,8.65,0,8.65,0
850,2015-03-13 01:40:00,8.65,8.65,8.65,8.65,0,8.65,0
851,2015-03-13 01:41:00,8.66,8.66,8.66,8.66,100000,8.66,7
852,2015-03-13 01:42:00,8.67,8.67,8.66,8.66,70000,8.6606,5
853,2015-03-13 01:43:00,8.66,8.66,8.66,8.66,0,8.66,0
854,2015-03-13 01:44:00,8.66,8.66,8.66,8.66,0,8.66,0
855,2015-03-13 01:45:00,8.66,8.66,8.66,8.66,6000,8.66,2
856,2015-03-13 01:46:00,8.66,8.66,8.62,8.62,154000,8.6382,7
857,2015-03-13 01:47:00,8.63,8.63,8.63,8.63,8000,8.63,1
858,2015-03-13 01:48:00,8.62,8.62,8.61,8.61,72000,8.6192,3
859,2015-03-13 01:49:00,8.61,8.61,8.61,8.61,0,8.61,0
860,2015-03-13 01:50:00,8.63,8.63,8.63,8.63,46000,8.63,4
861,2015-03-13 01:51:00,8.63,8.63,8.63,8.63,2000,8.63,1
862,2015-03-13 01:52:00,8.63,8.64,8.6,8.6,154000,8.6165,10
863,2015-03-13 01:53:00,8.6,8.6,8.6,8.6,4000,8.6,1
864,2015-03-13 01:54:00,8.6,8.6,8.6,8.6,20000,8.6,1
865,2015-03-13 01:55:00,8.61,8.61,8.6,8.6,76000,8.6018,6
866,2015-03-13 01:56:00,8.6,8.6,8.59,8.6,42000,8.5976,5
867,2015-03-13 01:57:00,8.6,8.6,8.59,8.59,20000,8.595,3
868,2015-03-13 01:58:00,8.6,8.6,8.6,8.6,40000,8.6,2
869,2015-03-13 01:59:00,8.6,8.6,8.6,8.6,20000,8.6,1
870,2015-03-13 02:00:00,8.6,8.6,8.6,8.6,4000,8.6,1
871,2015-03-13 02:01:00,8.6,8.6,8.6,8.6,0,8.6,0
872,2015-03-13 02:02:00,8.61,8.61,8.59,8.59,140000,8.5987,5
873,2015-03-13 02:03:00,8.59,8.59,8.57,8.57,66000,8.5794,5
874,2015-03-13 02:04:00,8.56,8.57,8.56,8.57,44000,8.5664,6
875,2015-03-13 02:05:00,8.58,8.58,8.58,8.58,2000,8.58,1
876,2015-03-13 02:06:00,8.58,8.58,8.58,8.58,42000,8.58,3
877,2015-03-13 02:07:00,8.58,8.58,8.58,8.58,0,8.58,0
878,2015-03-13 02:08:00,8.58,8.58,8.58,8.58,0,8.58,0
879,2015-03-13 02:09:00,8.58,8.58,8.58,8.58,8000,8.58,2
880,2015-03-13 02:10:00,8.58,8.59,8.58,8.59,38000,8.5811,5
881,2015-03-13 02:11:00,8.59,8.59,8.59,8.59,2000,8.59,1
882,2015-03-13 02:12:00,8.59,8.59,8.59,8.59,0,8.59,0
883,2015-03-13 02:13:00,8.58,8.58,8.58,8.58,10000,8.58,2
884,2015-03-13 02:14:00,8.59,8.6,8.59,8.6,80000,8.5908,7
885,2015-03-13 02:15:00,8.59,8.6,8.59,8.6,6000,8.5933,3
886,2015-03-13 02:16:00,8.59,8.59,8.58,8.59,88000,8.5898,6
887,2015-03-13 02:17:00,8.58,8.58,8.58,8.58,16000,8.58,1
888,2015-03-13 02:18:00,8.59,8.59,8.59,8.59,8000,8.59,1
889,2015-03-13 02:19:00,8.59,8.59,8.59,8.59,2000,8.59,1
890,2015-03-13 02:20:00,8.58,8.58,8.57,8.57,14000,8.5729,2
891,2015-03-13 02:21:00,8.57,8.57,8.57,8.57,2000,8.57,1
892,2015-03-13 02:22:00,8.58,8.59,8.58,8.59,28000,8.5836,7
893,2015-03-13 02:23:00,8.59,8.59,8.59,8.59,24000,8.59,4
894,2015-03-13 02:24:00,8.6,8.6,8.6,8.6,100000,8.6,1
895,2015-03-13 02:25:00,8.6,8.6,8.6,8.6,74000,8.6,3
896,2015-03-13 02:26:00,8.6,8.6,8.6,8.6,208000,8.6,8
897,2015-03-13 02:27:00,8.6,8.6,8.6,8.6,52000,8.6,6
898,2015-03-13 02:28:00,8.6,8.6,8.6,8.6,0,8.6,0
899,2015-03-13 02:29:00,8.6,8.6,8.6,8.6,94000,8.6,2
900,2015-03-13 02:30:00,8.6,8.6,8.6,8.6,64000,8.6,2
901,2015-03-13 02:31:00,8.6,8.6,8.6,8.6,60000,8.6,1
902,2015-03-13 02:32:00,8.61,8.62,8.61,8.62,138000,8.6149,6
903,2015-03-13 02:33:00,8.63,8.64,8.63,8.63,130000,8.6322,11
904,2015-03-13 02:34:00,8.62,8.62,8.62,8.62,20000,8.62,1
905,2015-03-13 02:35:00,8.63,8.65,8.63,8.65,74000,8.6389,6
906,2015-03-13 02:36:00,8.65,8.65,8.65,8.65,4000,8.65,2
907,2015-03-13 02:37:00,8.65,8.65,8.65,8.65,2000,8.65,1
908,2015-03-13 02:38:00,8.65,8.66,8.65,8.65,58000,8.6514,7
909,2015-03-13 02:39:00,8.65,8.65,8.65,8.65,0,8.65,0
910,2015-03-13 02:40:00,8.65,8.65,8.65,8.65,10000,8.65,1
911,2015-03-13 02:41:00,8.65,8.66,8.65,8.66,40000,8.652,7
912,2015-03-13 02:42:00,8.66,8.66,8.63,8.63,94000,8.647,12
913,2015-03-13 02:43:00,8.62,8.65,8.62,8.65,38000,8.6368,6
914,2015-03-13 02:44:00,8.64,8.65,8.64,8.64,28000,8.6414,4
915,2015-03-13 02:45:00,8.64,8.65,8.64,8.65,38000,8.6474,5
916,2015-03-13 02:46:00,8.65,8.65,8.65,8.65,0,8.65,0
917,2015-03-13 02:47:00,8.66,8.66,8.66,8.66,76000,8.66,7
918,2015-03-13 02:48:00,8.66,8.66,8.65,8.66,106000,8.6585,8
919,2015-03-13 02:49:00,8.66,8.66,8.66,8.66,0,8.66,0
920,2015-03-13 02:50:00,8.66,8.66,8.66,8.66,12000,8.66,3
921,2015-03-13 02:51:00,8.66,8.66,8.66,8.66,0,8.66,0
922,2015-03-13 02:52:00,8.66,8.66,8.66,8.66,54000,8.66,7
923,2015-03-13 02:53:00,8.66,8.66,8.66,8.66,34000,8.66,4
924,2015-03-13 02:54:00,8.66,8.66,8.66,8.66,12000,8.66,4
925,2015-03-13 02:55:00,8.65,8.65,8.64,8.64,58000,8.649,4
926,2015-03-13 02:56:00,8.64,8.65,8.64,8.65,84000,8.6488,9
927,2015-03-13 02:57:00,8.65,8.65,8.65,8.65,0,8.65,0
928,2015-03-13 02:58:00,8.65,8.65,8.65,8.65,2000,8.65,1
929,2015-03-13 02:59:00,8.64,8.65,8.6,8.6,148000,8.6336,14
930,2015-03-13 03:00:00,8.62,8.62,8.62,8.62,4000,8.62,2
931,2015-03-13 03:01:00,8.62,8.62,8.62,8.62,0,8.62,0
932,2015-03-13 03:02:00,8.62,8.62,8.61,8.61,34000,8.6147,5
933,2015-03-13 03:03:00,8.61,8.61,8.61,8.61,4000,8.61,2
934,2015-03-13 03:04:00,8.61,8.62,8.6,8.62,122000,8.6107,10
935,2015-03-13 03:05:00,8.62,8.63,8.62,8.63,20000,8.621,6
936,2015-03-13 03:06:00,8.63,8.63,8.63,8.63,0,8.63,0
937,2015-03-13 03:07:00,8.63,8.63,8.62,8.62,12000,8.6267,3
938,2015-03-13 03:08:00,8.62,8.64,8.62,8.64,32000,8.6288,4
939,2015-03-13 03:09:00,8.64,8.64,8.63,8.63,6000,8.6367,2
940,2015-03-13 03:10:00,8.64,8.64,8.64,8.64,2000,8.64,1
941,2015-03-13 03:11:00,8.63,8.64,8.6,8.6,164000,8.6235,13
942,2015-03-13 03:12:00,8.61,8.63,8.59,8.63,116000,8.6091,12
943,2015-03-13 03:13:00,8.64,8.64,8.64,8.64,2000,8.64,1
944,2015-03-13 03:14:00,8.64,8.64,8.64,8.64,0,8.64,0
945,2015-03-13 03:15:00,8.64,8.64,8.64,8.64,0,8.64,0
946,2015-03-13 03:16:00,8.63,8.64,8.63,8.64,26000,8.6308,2
947,2015-03-13 03:17:00,8.64,8.64,8.64,8.64,12000,8.64,4
948,2015-03-13 03:18:00,8.63,8.63,8.63,8.63,6000,8.63,1
949,2015-03-13 03:19:00,8.64,8.64,8.62,8.62,62000,8.6294,5
950,2015-03-13 03:20:00,8.62,8.62,8.62,8.62,26000,8.62,3
951,2015-03-13 03:21:00,8.63,8.63,8.63,8.63,20000,8.63,3
952,2015-03-13 03:22:00,8.64,8.64,8.63,8.63,38000,8.6353,4
953,2015-03-13 03:23:00,8.63,8.63,8.63,8.63,2000,8.63,1
954,2015-03-13 03:24:00,8.63,8.63,8.6,8.6,94000,8.614,10
955,2015-03-13 03:25:00,8.62,8.62,8.59,8.6,146000,8.6099,8
956,2015-03-13 03:26:00,8.61,8.61,8.6,8.61,110000,8.6078,6
957,2015-03-13 03:27:00,8.61,8.61,8.6,8.6,40000,8.601,4
958,2015-03-13 03:28:00,8.6,8.61,8.59,8.61,78000,8.5987,7
959,2015-03-13 03:29:00,8.61,8.61,8.6,8.6,184000,8.6055,7
960,2015-03-13 03:30:00,8.59,8.59,8.57,8.57,194000,8.5814,9
961,2015-03-13 03:31:00,8.57,8.57,8.57,8.57,52000,8.57,4
962,2015-03-13 03:32:00,8.57,8.58,8.57,8.58,174000,8.5705,9
963,2015-03-13 03:33:00,8.57,8.57,8.57,8.57,254000,8.57,2
964,2015-03-13 03:34:00,8.57,8.58,8.57,8.58,20000,8.575,2
965,2015-03-13 03:35:00,8.58,8.58,8.58,8.58,10000,8.58,2
966,2015-03-13 03:36:00,8.58,8.6,8.58,8.59,410000,8.5827,14
967,2015-03-13 03:37:00,8.58,8.58,8.56,8.56,286000,8.5674,10
968,2015-03-13 03:38:00,8.56,8.58,8.56,8.58,348000,8.5617,13
969,2015-03-13 03:39:00,8.58,8.58,8.58,8.58,58000,8.58,7
970,2015-03-13 03:40:00,8.58,8.59,8.58,8.59,104000,8.5821,14
971,2015-03-13 03:41:00,8.59,8.6,8.59,8.6,22000,8.5945,5
972,2015-03-13 03:42:00,8.6,8.6,8.59,8.59,28000,8.5936,3
973,2015-03-13 03:43:00,8.59,8.59,8.55,8.55,280000,8.5709,10
974,2015-03-13 03:44:00,8.55,8.57,8.55,8.57,330000,8.5604,11
975,2015-03-13 03:45:00,8.58,8.58,8.56,8.57,34000,8.5718,4
976,2015-03-13 03:46:00,8.56,8.56,8.53,8.53,444000,8.5425,14
977,2015-03-13 03:47:00,8.53,8.54,8.52,8.53,336000,8.5299,19
978,2015-03-13 03:48:00,8.53,8.56,8.52,8.54,396000,8.5427,16
979,2015-03-13 03:49:00,8.55,8.55,8.53,8.54,160000,8.5346,9
980,2015-03-13 03:50:00,8.54,8.54,8.53,8.53,208000,8.5388,7
981,2015-03-13 03:51:00,8.54,8.54,8.53,8.54,122000,8.5341,11
982,2015-03-13 03:52:00,8.54,8.54,8.53,8.54,90000,8.5367,14
983,2015-03-13 03:53:00,8.54,8.54,8.53,8.54,88000,8.5375,19
984,2015-03-13 03:54:00,8.53,8.54,8.53,8.54,106000,8.5381,14
985,2015-03-13 03:55:00,8.53,8.54,8.52,8.52,706000,8.5256,20
986,2015-03-13 03:56:00,8.53,8.53,8.5,8.51,390000,8.5118,21
987,2015-03-13 03:57:00,8.5,8.51,8.5,8.5,214000,8.5063,36
988,2015-03-13 03:58:00,8.5,8.52,8.5,8.51,860000,8.5094,58
989,2015-03-13 03:59:00,8.52,8.56,8.51,8.56,1682000,8.5314,76
990,2015-03-15 21:30:00,8.54,8.6,8.46,8.6,244000,8.5692,28
991,2015-03-15 21:31:00,8.61,8.63,8.56,8.58,220000,8.6027,24
992,2015-03-15 21:32:00,8.56,8.58,8.56,8.58,48000,8.5754,5
993,2015-03-15 21:33:00,8.57,8.57,8.56,8.56,26000,8.5692,2
994,2015-03-15 21:34:00,8.55,8.58,8.55,8.58,90000,8.5758,6
995,2015-03-15 21:35:00,8.58,8.59,8.57,8.57,84000,8.5817,4
996,2015-03-15 21:36:00,8.57,8.59,8.57,8.58,56000,8.5775,9
997,2015-03-15 21:37:00,8.58,8.59,8.57,8.57,130000,8.5832,10
998,2015-03-15 21:38:00,8.57,8.57,8.57,8.57,4000,8.57,2
999,2015-03-15 21:39:00,8.58,8.58,8.58,8.58,36000,8.58,8
1000,2015-03-15 21:40:00,8.58,8.58,8.58,8.58,54000,8.58,10
1001,2015-03-15 21:41:00,8.58,8.59,8.58,8.59,24000,8.5817,7
1002,2015-03-15 21:42:00,8.58,8.58,8.58,8.58,32000,8.58,11
1003,2015-03-15 21:43:00,8.58,8.58,8.57,8.58,164000,8.5756,16
1004,2015-03-15 21:44:00,8.59,8.59,8.57,8.59,42000,8.5886,5
1005,2015-03-15 21:45:00,8.58,8.58,8.58,8.58,38000,8.58,5
1006,2015-03-15 21:46:00,8.57,8.59,8.57,8.59,152000,8.5814,20
1007,2015-03-15 21:47:00,8.59,8.59,8.58,8.58,76000,8.5892,5
1008,2015-03-15 21:48:00,8.58,8.59,8.58,8.59,14000,8.5843,3
1009,2015-03-15 21:49:00,8.59,8.61,8.59,8.61,286000,8.6035,12
1010,2015-03-15 21:50:00,8.61,8.62,8.6,8.6,160000,8.6076,5
1011,2015-03-15 21:51:00,8.61,8.61,8.59,8.59,150000,8.5972,10
1012,2015-03-15 21:52:00,8.58,8.58,8.55,8.57,272000,8.5749,10
1013,2015-03-15 21:53:00,8.56,8.59,8.56,8.59,150000,8.5739,4
1014,2015-03-15 21:54:00,8.59,8.59,8.58,8.59,78000,8.5846,9
1015,2015-03-15 21:55:00,8.58,8.58,8.58,8.58,8000,8.58,1
1016,2015-03-15 21:56:00,8.59,8.59,8.58,8.58,8000,8.5825,4
1017,2015-03-15 21:57:00,8.59,8.59,8.59,8.59,22000,8.59,2
1018,2015-03-15 21:58:00,8.59,8.59,8.58,8.58,36000,8.5817,6
1019,2015-03-15 21:59:00,8.58,8.59,8.58,8.58,42000,8.5824,13
1020,2015-03-15 22:00:00,8.59,8.59,8.54,8.54,234000,8.5756,9
1021,2015-03-15 22:01:00,8.53,8.54,8.53,8.54,116000,8.5338,6
1022,2015-03-15 22:02:00,8.55,8.56,8.55,8.56,76000,8.5542,5
1023,2015-03-15 22:03:00,8.56,8.56,8.55,8.55,22000,8.5573,5
1024,2015-03-15 22:04:00,8.56,8.59,8.56,8.57,384000,8.5769,15
1025,2015-03-15 22:05:00,8.56,8.57,8.56,8.57,60000,8.5653,3
1026,2015-03-15 22:06:00,8.57,8.57,8.57,8.57,0,8.57,0
1027,2015-03-15 22:07:00,8.58,8.59,8.58,8.58,112000,8.5807,7
1028,2015-03-15 22:08:00,8.59,8.59,8.58,8.58,22000,8.5836,4
1029,2015-03-15 22:09:00,8.58,8.58,8.58,8.58,0,8.58,0
1030,2015-03-15 22:10:00,8.59,8.62,8.58,8.58,348000,8.5984,17
1031,2015-03-15 22:11:00,8.6,8.6,8.6,8.6,2000,8.6,1
1032,2015-03-15 22:12:00,8.6,8.6,8.6,8.6,0,8.6,0
1033,2015-03-15 22:13:00,8.57,8.57,8.54,8.54,86000,8.5637,5
1034,2015-03-15 22:14:00,8.53,8.53,8.52,8.53,50000,8.5296,9
1035,2015-03-15 22:15:00,8.54,8.56,8.54,8.56,86000,8.546,9
1036,2015-03-15 22:16:00,8.57,8.57,8.57,8.57,2000,8.57,1
1037,2015-03-15 22:17:00,8.57,8.57,8.57,8.57,0,8.57,0
1038,2015-03-15 22:18:00,8.55,8.57,8.55,8.57,32000,8.5638,7
1039,2015-03-15 22:19:00,8.57,8.58,8.57,8.58,60000,8.572,10
1040,2015-03-15 22:20:00,8.58,8.58,8.58,8.58,0,8.58,0
1041,2015-03-15 22:21:00,8.58,8.58,8.57,8.57,10000,8.574,2
1042,2015-03-15 22:22:00,8.57,8.57,8.53,8.53,322000,8.5635,16
1043,2015-03-15 22:23:00,8.53,8.53,8.53,8.53,0,8.53,0
1044,2015-03-15 22:24:00,8.54,8.58,8.54,8.58,126000,8.5494,7
1045,2015-03-15 22:25:00,8.58,8.58,8.57,8.57,4000,8.575,2
1046,2015-03-15 22:26:00,8.58,8.58,8.58,8.58,68000,8.58,3
1047,2015-03-15 22:27:00,8.58,8.59,8.58,8.58,18000,8.5811,5
1048,2015-03-15 22:28:00,8.58,8.58,8.58,8.58,8000,8.58,3
1049,2015-03-15 22:29:00,8.58,8.59,8.58,8.59,84000,8.5874,11
1050,2015-03-15 22:30:00,8.59,8.6,8.59,8.6,8000,8.5925,2
1051,2015-03-15 22:31:00,8.59,8.6,8.59,8.6,8000,8.5975,4
1052,2015-03-15 22:32:00,8.6,8.6,8.59,8.59,24000,8.595,6
1053,2015-03-15 22:33:00,8.6,8.6,8.59,8.59,8000,8.5925,4
1054,2015-03-15 22:34:00,8.6,8.6,8.56,8.56,308000,8.5886,12
1055,2015-03-15 22:35:00,8.56,8.56,8.56,8.56,0,8.56,0
1056,2015-03-15 22:36:00,8.56,8.57,8.56,8.57,64000,8.5666,6
1057,2015-03-15 22:37:00,8.58,8.58,8.58,8.58,76000,8.58,3
1058,2015-03-15 22:38:00,8.58,8.59,8.58,8.59,66000,8.5858,3
1059,2015-03-15 22:39:00,8.6,8.6,8.6,8.6,4000,8.6,1
1060,2015-03-15 22:40:00,8.6,8.6,8.59,8.59,4000,8.595,2
1061,2015-03-15 22:41:00,8.6,8.6,8.59,8.59,10000,8.598,3
1062,2015-03-15 22:42:00,8.59,8.59,8.56,8.56,170000,8.5844,14
1063,2015-03-15 22:43:00,8.56,8.56,8.56,8.56,0,8.56,0
1064,2015-03-15 22:44:00,8.56,8.56,8.56,8.56,0,8.56,0
1065,2015-03-15 22:45:00,8.56,8.56,8.55,8.55,12000,8.5567,6
1066,2015-03-15 22:46:00,8.56,8.56,8.56,8.56,4000,8.56,1
1067,2015-03-15 22:47:00,8.57,8.57,8.57,8.57,66000,8.57,3
1068,2015-03-15 22:48:00,8.58,8.59,8.58,8.59,68000,8.5812,6
1069,2015-03-15 22:49:00,8.59,8.59,8.59,8.59,48000,8.59,2
1070,2015-03-15 22:50:00,8.6,8.61,8.6,8.6,244000,8.6002,11
1071,2015-03-15 22:51:00,8.6,8.6,8.56,8.57,112000,8.5832,9
1072,2015-03-15 22:52:00,8.56,8.56,8.56,8.56,2000,8.56,1
1073,2015-03-15 22:53:00,8.56,8.56,8.56,8.56,0,8.56,0
1074,2015-03-15 22:54:00,8.57,8.57,8.57,8.57,38000,8.57,2
1075,2015-03-15 22:55:00,8.57,8.58,8.57,8.58,84000,8.5743,5
1076,2015-03-15 22:56:00,8.59,8.59,8.59,8.59,72000,8.59,1
1077,2015-03-15 22:57:00,8.59,8.59,8.59,8.59,2000,8.59,1
1078,2015-03-15 22:58:00,8.59,8.59,8.59,8.59,0,8.59,0
1079,2015-03-15 22:59:00,8.6,8.6,8.6,8.6,12000,8.6,1
1080,2015-03-15 23:00:00,8.6,8.6,8.59,8.59,8000,8.5925,4
1081,2015-03-15 23:01:00,8.6,8.61,8.6,8.61,772000,8.6014,40
1082,2015-03-15 23:02:00,8.62,8.62,8.61,8.61,22000,8.6118,5
1083,2015-03-15 23:03:00,8.61,8.62,8.6,8.6,244000,8.6098,7
1084,2015-03-15 23:04:00,8.59,8.59,8.57,8.57,32000,8.5844,3
1085,2015-03-15 23:05:00,8.57,8.58,8.57,8.58,62000,8.579,3
1086,2015-03-15 23:06:00,8.58,8.58,8.58,8.58,0,8.58,0
1087,2015-03-15 23:07:00,8.59,8.59,8.59,8.59,40000,8.59,1
1088,2015-03-15 23:08:00,8.59,8.59,8.59,8.59,4000,8.59,2
1089,2015-03-15 23:09:00,8.6,8.62,8.59,8.61,230000,8.6045,11
1090,2015-03-15 23:10:00,8.61,8.62,8.61,8.62,40000,8.612,5
1091,2015-03-15 23:11:00,8.62,8.62,8.62,8.62,4000,8.62,1
1092,2015-03-15 23:12:00,8.63,8.63,8.63,8.63,86000,8.63,4
1093,2015-03-15 23:13:00,8.64,8.67,8.64,8.67,190000,8.6477,8
1094,2015-03-15 23:14:00,8.68,8.68,8.67,8.68,86000,8.6798,14
1095,2015-03-15 23:15:00,8.69,8.69,8.69,8.69,10000,8.69,3
1096,2015-03-15 23:16:00,8.69,8.69,8.69,8.69,6000,8.69,2
1097,2015-03-15 23:17:00,8.69,8.69,8.69,8.69,12000,8.69,3
1098,2015-03-15 23:18:00,8.69,8.69,8.68,8.68,42000,8.6805,3
1099,2015-03-15 23:19:00,8.69,8.69,8.68,8.68,60000,8.6803,5
1100,2015-03-15 23:20:00,8.69,8.69,8.68,8.68,12000,8.6817,3
1101,2015-03-15 23:21:00,8.68,8.69,8.61,8.61,336000,8.6692,21
1102,2015-03-15 23:22:00,8.61,8.61,8.59,8.61,190000,8.6036,18
1103,2015-03-15 23:23:00,8.62,8.63,8.62,8.63,156000,8.6245,2
1104,2015-03-15 23:24:00,8.61,8.62,8.61,8.62,10000,8.612,3
1105,2015-03-15 23:25:00,8.63,8.63,8.63,8.63,2000,8.63,1
1106,2015-03-15 23:26:00,8.63,8.63,8.63,8.63,36000,8.63,3
1107,2015-03-15 23:27:00,8.63,8.66,8.63,8.66,166000,8.6364,7
1108,2015-03-15 23:28:00,8.66,8.66,8.66,8.66,36000,8.66,5
1109,2015-03-15 23:29:00,8.66,8.66,8.66,8.66,20000,8.66,6
1110,2015-03-15 23:30:00,8.66,8.67,8.66,8.67,44000,8.6614,3
1111,2015-03-15 23:31:00,8.67,8.67,8.67,8.67,10000,8.67,4
1112,2015-03-15 23:32:00,8.67,8.67,8.67,8.67,40000,8.67,4
1113,2015-03-15 23:33:00,8.68,8.68,8.68,8.68,2000,8.68,1
1114,2015-03-15 23:34:00,8.68,8.68,8.68,8.68,10000,8.68,3
1115,2015-03-15 23:35:00,8.68,8.68,8.68,8.68,60000,8.68,5
1116,2015-03-15 23:36:00,8.68,8.68,8.67,8.67,22000,8.6755,6
1117,2015-03-15 23:37:00,8.68,8.68,8.68,8.68,2000,8.68,1
1118,2015-03-15 23:38:00,8.68,8.68,8.68,8.68,2000,8.68,1
1119,2015-03-15 23:39:00,8.68,8.68,8.68,8.68,6000,8.68,2
1120,2015-03-15 23:40:00,8.67,8.67,8.6,8.6,270000,8.6537,19
1121,2015-03-15 23:41:00,8.6,8.6,8.6,8.6,24000,8.6,4
1122,2015-03-15 23:42:00,8.59,8.6,8.59,8.6,10000,8.598,3
1123,2015-03-15 23:43:00,8.59,8.59,8.59,8.59,10000,8.59,2
1124,2015-03-15 23:44:00,8.6,8.61,8.59,8.61,94000,8.6009,12
1125,2015-03-15 23:45:00,8.61,8.61,8.61,8.61,8000,8.61,1
1126,2015-03-15 23:46:00,8.62,8.62,8.62,8.62,56000,8.62,1
1127,2015-03-15 23:47:00,8.63,8.63,8.63,8.63,66000,8.63,1
1128,2015-03-15 23:48:00,8.63,8.63,8.63,8.63,2000,8.63,1
1129,2015-03-15 23:49:00,8.63,8.63,8.63,8.63,2000,8.63,1
1130,2015-03-15 23:50:00,8.63,8.65,8.61,8.61,216000,8.627,19
1131,2015-03-15 23:51:00,8.61,8.62,8.61,8.62,40000,8.617,11
1132,2015-03-15 23:52:00,8.62,8.62,8.62,8.62,28000,8.62,7
1133,2015-03-15 23:53:00,8.62,8.62,8.62,8.62,52000,8.62,11
1134,2015-03-15 23:54:00,8.62,8.62,8.61,8.61,50000,8.6144,9
1135,2015-03-15 23:55:00,8.61,8.61,8.61,8.61,66000,8.61,16
1136,2015-03-15 23:56:00,8.61,8.61,8.6,8.6,76000,8.6079,11
1137,2015-03-15 23:57:00,8.6,8.62,8.6,8.6,56000,8.6043,14
1138,2015-03-15 23:58:00,8.6,8.6,8.57,8.58,202000,8.5969,14
1139,2015-03-15 23:59:00,8.56,8.59,8.56,8.59,24000,8.5875,2
1140,2015-03-16 01:00:00,8.59,8.59,8.59,8.59,36000,8.59,5
1141,2015-03-16 01:01:00,8.59,8.59,8.57,8.58,46000,8.5839,9
1142,2015-03-16 01:02:00,8.58,8.58,8.58,8.58,10000,8.58,4
1143,2015-03-16 01:03:00,8.58,8.64,8.58,8.63,206000,8.6046,13
1144,2015-03-16 01:04:00,8.63,8.63,8.62,8.62,48000,8.6283,3
1145,2015-03-16 01:05:00,8.63,8.63,8.58,8.58,214000,8.6125,14
1146,2015-03-16 01:06:00,8.58,8.58,8.58,8.58,18000,8.58,1
1147,2015-03-16 01:07:00,8.58,8.58,8.58,8.58,6000,8.58,1
1148,2015-03-16 01:08:00,8.57,8.57,8.57,8.57,2000,8.57,1
1149,2015-03-16 01:09:00,8.57,8.57,8.57,8.57,4000,8.57,2
1150,2015-03-16 01:10:00,8.58,8.6,8.58,8.59,146000,8.5859,8
1151,2015-03-16 01:11:00,8.58,8.58,8.57,8.57,42000,8.5795,3
1152,2015-03-16 01:12:00,8.58,8.59,8.58,8.59,60000,8.5827,3
1153,2015-03-16 01:13:00,8.59,8.59,8.59,8.59,2000,8.59,1
1154,2015-03-16 01:14:00,8.59,8.59,8.59,8.59,4000,8.59,1
1155,2015-03-16 01:15:00,8.59,8.59,8.59,8.59,2000,8.59,1
1156,2015-03-16 01:16:00,8.58,8.59,8.58,8.58,18000,8.5878,5
1157,2015-03-16 01:17:00,8.59,8.59,8.59,8.59,18000,8.59,5
1158,2015-03-16 01:18:00,8.59,8.59,8.59,8.59,10000,8.59,2
1159,2015-03-16 01:19:00,8.59,8.59,8.59,8.59,18000,8.59,4
1160,2015-03-16 01:20:00,8.59,8.59,8.59,8.59,6000,8.59,2
1161,2015-03-16 01:21:00,8.59,8.6,8.59,8.6,86000,8.5984,9
1162,2015-03-16 01:22:00,8.6,8.6,8.59,8.59,32000,8.5975,2
1163,2015-03-16 01:23:00,8.59,8.59,8.59,8.59,0,8.59,0
1164,2015-03-16 01:24:00,8.59,8.59,8.59,8.59,0,8.59,0
1165,2015-03-16 01:25:00,8.59,8.59,8.59,8.59,0,8.59,0
1166,2015-03-16 01:26:00,8.6,8.6,8.6,8.6,4000,8.6,2
1167,2015-03-16 01:27:00,8.59,8.59,8.59,8.59,2000,8.59,1
1168,2015-03-16 01:28:00,8.6,8.6,8.59,8.59,16000,8.5925,5
1169,2015-03-16 01:29:00,8.59,8.6,8.59,8.6,4000,8.595,2
1170,2015-03-16 01:30:00,8.6,8.6,8.59,8.6,24000,8.5992,5
1171,2015-03-16 01:31:00,8.59,8.6,8.59,8.59,24000,8.5967,9
1172,2015-03-16 01:32:00,8.59,8.6,8.59,8.6,6000,8.5933,2
1173,2015-03-16 01:33:00,8.59,8.6,8.59,8.6,6000,8.5967,3
1174,2015-03-16 01:34:00,8.59,8.6,8.59,8.6,16000,8.5988,4
1175,2015-03-16 01:35:00,8.6,8.6,8.59,8.6,272000,8.5994,17
1176,2015-03-16 01:36:00,8.59,8.59,8.58,8.58,50000,8.5896,4
1177,2015-03-16 01:37:00,8.57,8.58,8.57,8.58,50000,8.5796,2
1178,2015-03-16 01:38:00,8.58,8.58,8.58,8.58,0,8.58,0
1179,2015-03-16 01:39:00,8.59,8.59,8.59,8.59,48000,8.59,2
1180,2015-03-16 01:40:00,8.6,8.6,8.58,8.58,70000,8.5874,6
1181,2015-03-16 01:41:00,8.59,8.59,8.59,8.59,12000,8.59,1
1182,2015-03-16 01:42:00,8.6,8.6,8.59,8.59,4000,8.595,2
1183,2015-03-16 01:43:00,8.59,8.59,8.59,8.59,2000,8.59,1
1184,2015-03-16 01:44:00,8.59,8.6,8.59,8.6,30000,8.5907,4
1185,2015-03-16 01:45:00,8.59,8.6,8.59,8.6,60000,8.5997,4
1186,2015-03-16 01:46:00,8.59,8.6,8.59,8.6,18000,8.5911,3
1187,2015-03-16 01:47:00,8.6,8.6,8.6,8.6,2000,8.6,1
1188,2015-03-16 01:48:00,8.6,8.6,8.59,8.59,190000,8.5992,17
1189,2015-03-16 01:49:00,8.59,8.59,8.59,8.59,0,8.59,0
1190,2015-03-16 01:50:00,8.6,8.6,8.59,8.59,30000,8.5967,6
1191,2015-03-16 01:51:00,8.59,8.6,8.59,8.6,8000,8.595,3
1192,2015-03-16 01:52:00,8.6,8.6,8.6,8.6,6000,8.6,3
1193,2015-03-16 01:53:00,8.6,8.6,8.59,8.59,16000,8.5938,5
1194,2015-03-16 01:54:00,8.59,8.59,8.58,8.58,190000,8.5863,6
1195,2015-03-16 01:55:00,8.57,8.59,8.57,8.59,64000,8.5809,3
1196,2015-03-16 01:56:00,8.58,8.59,8.58,8.59,78000,8.5808,11
1197,2015-03-16 01:57:00,8.58,8.58,8.58,8.58,2000,8.58,1
1198,2015-03-16 01:58:00,8.59,8.59,8.58,8.58,10000,8.584,3
1199,2015-03-16 01:59:00,8.58,8.58,8.58,8.58,0,8.58,0
1200,2015-03-16 02:00:00,8.59,8.6,8.59,8.59,152000,8.5918,4
1201,2015-03-16 02:01:00,8.59,8.6,8.59,8.6,10000,8.596,3
1202,2015-03-16 02:02:00,8.6,8.6,8.6,8.6,2000,8.6,1
1203,2015-03-16 02:03:00,8.6,8.6,8.59,8.59,10000,8.594,4
1204,2015-03-16 02:04:00,8.6,8.6,8.6,8.6,4000,8.6,2
1205,2015-03-16 02:05:00,8.59,8.59,8.58,8.58,160000,8.589,8
1206,2015-03-16 02:06:00,8.58,8.58,8.57,8.57,6000,8.5767,2
1207,2015-03-16 02:07:00,8.57,8.57,8.57,8.57,2000,8.57,1
1208,2015-03-16 02:08:00,8.57,8.57,8.57,8.57,0,8.57,0
1209,2015-03-16 02:09:00,8.57,8.58,8.57,8.57,8000,8.5725,3
1210,2015-03-16 02:10:00,8.58,8.6,8.58,8.59,116000,8.584,6
1211,2015-03-16 02:11:00,8.59,8.59,8.58,8.58,68000,8.5847,6
1212,2015-03-16 02:12:00,8.58,8.58,8.58,8.58,0,8.58,0
1213,2015-03-16 02:13:00,8.57,8.57,8.57,8.57,2000,8.57,1
1214,2015-03-16 02:14:00,8.58,8.59,8.58,8.59,48000,8.5821,5
1215,2015-03-16 02:15:00,8.59,8.59,8.58,8.58,94000,8.5877,9
1216,2015-03-16 02:16:00,8.58,8.58,8.58,8.58,0,8.58,0
1217,2015-03-16 02:17:00,8.57,8.57,8.57,8.57,6000,8.57,3
1218,2015-03-16 02:18:00,8.57,8.58,8.57,8.58,4000,8.575,2
1219,2015-03-16 02:19:00,8.57,8.57,8.57,8.57,2000,8.57,1
1220,2015-03-16 02:20:00,8.58,8.59,8.58,8.58,148000,8.5832,11
1221,2015-03-16 02:21:00,8.58,8.58,8.58,8.58,0,8.58,0
1222,2015-03-16 02:22:00,8.58,8.58,8.58,8.58,8000,8.58,3
1223,2015-03-16 02:23:00,8.58,8.58,8.58,8.58,0,8.58,0
1224,2015-03-16 02:24:00,8.58,8.58,8.58,8.58,2000,8.58,1
1225,2015-03-16 02:25:00,8.58,8.58,8.58,8.58,4000,8.58,2
1226,2015-03-16 02:26:00,8.58,8.6,8.58,8.58,158000,8.5839,8
1227,2015-03-16 02:27:00,8.58,8.58,8.58,8.58,0,8.58,0
1228,2015-03-16 02:28:00,8.59,8.59,8.57,8.57,80000,8.5783,4
1229,2015-03-16 02:29:00,8.57,8.57,8.57,8.57,0,8.57,0
1230,2015-03-16 02:30:00,8.57,8.58,8.57,8.57,26000,8.5708,5
1231,2015-03-16 02:31:00,8.58,8.58,8.57,8.58,14000,8.5786,3
1232,2015-03-16 02:32:00,8.57,8.58,8.57,8.57,6000,8.5733,3
1233,2015-03-16 02:33:00,8.58,8.58,8.58,8.58,84000,8.58,5
1234,2015-03-16 02:34:00,8.58,8.58,8.58,8.58,0,8.58,0
1235,2015-03-16 02:35:00,8.58,8.58,8.58,8.58,0,8.58,0
1236,2015-03-16 02:36:00,8.59,8.59,8.58,8.58,4000,8.585,2
1237,2015-03-16 02:37:00,8.59,8.59,8.58,8.58,8000,8.5825,4
1238,2015-03-16 02:38:00,8.58,8.59,8.58,8.58,8000,8.5825,3
1239,2015-03-16 02:39:00,8.59,8.59,8.58,8.58,10000,8.588,2
1240,2015-03-16 02:40:00,8.59,8.59,8.58,8.59,30000,8.5887,7
1241,2015-03-16 02:41:00,8.59,8.59,8.58,8.58,4000,8.585,2
1242,2015-03-16 02:42:00,8.59,8.59,8.59,8.59,116000,8.59,6
1243,2015-03-16 02:43:00,8.59,8.59,8.59,8.59,0,8.59,0
1244,2015-03-16 02:44:00,8.59,8.59,8.54,8.54,260000,8.5792,20
1245,2015-03-16 02:45:00,8.54,8.54,8.54,8.54,2000,8.54,1
1246,2015-03-16 02:46:00,8.55,8.57,8.55,8.55,84000,8.5686,7
1247,2015-03-16 02:47:00,8.57,8.57,8.56,8.56,14000,8.5686,2
1248,2015-03-16 02:48:00,8.57,8.57,8.57,8.57,2000,8.57,1
1249,2015-03-16 02:49:00,8.57,8.57,8.57,8.57,42000,8.57,2
1250,2015-03-16 02:50:00,8.58,8.58,8.58,8.58,2000,8.58,1
1251,2015-03-16 02:51:00,8.58,8.58,8.58,8.58,4000,8.58,2
1252,2015-03-16 02:52:00,8.58,8.58,8.57,8.57,4000,8.575,2
1253,2015-03-16 02:53:00,8.58,8.59,8.58,8.58,110000,8.5813,6
1254,2015-03-16 02:54:00,8.58,8.58,8.56,8.56,110000,8.5765,13
1255,2015-03-16 02:55:00,8.57,8.57,8.55,8.55,38000,8.5616,7
1256,2015-03-16 02:56:00,8.55,8.55,8.55,8.55,0,8.55,0
1257,2015-03-16 02:57:00,8.56,8.56,8.55,8.56,6000,8.5567,3
1258,2015-03-16 02:58:00,8.56,8.56,8.56,8.56,0,8.56,0
1259,2015-03-16 02:59:00,8.56,8.57,8.56,8.56,10000,8.562,4
1260,2015-03-16 03:00:00,8.56,8.59,8.56,8.59,172000,8.577,9
1261,2015-03-16 03:01:00,8.58,8.58,8.57,8.58,60000,8.5783,3
1262,2015-03-16 03:02:00,8.57,8.57,8.57,8.57,2000,8.57,1
1263,2015-03-16 03:03:00,8.57,8.57,8.57,8.57,0,8.57,0
1264,2015-03-16 03:04:00,8.57,8.58,8.57,8.58,8000,8.5775,3
1265,2015-03-16 03:05:00,8.58,8.58,8.58,8.58,0,8.58,0
1266,2015-03-16 03:06:00,8.58,8.58,8.58,8.58,2000,8.58,1
1267,2015-03-16 03:07:00,8.57,8.58,8.57,8.58,4000,8.575,2
1268,2015-03-16 03:08:00,8.57,8.57,8.57,8.57,4000,8.57,2
1269,2015-03-16 03:09:00,8.58,8.58,8.57,8.57,16000,8.5775,5
1270,2015-03-16 03:10:00,8.57,8.57,8.57,8.57,14000,8.57,3
1271,2015-03-16 03:11:00,8.57,8.57,8.57,8.57,2000,8.57,1
1272,2015-03-16 03:12:00,8.58,8.58,8.57,8.57,10000,8.574,5
1273,2015-03-16 03:13:00,8.57,8.59,8.57,8.58,228000,8.5801,13
1274,2015-03-16 03:14:00,8.58,8.58,8.57,8.57,72000,8.5797,13
1275,2015-03-16 03:15:00,8.57,8.57,8.57,8.57,0,8.57,0
1276,2015-03-16 03:16:00,8.58,8.58,8.58,8.58,4000,8.58,2
1277,2015-03-16 03:17:00,8.59,8.59,8.59,8.59,64000,8.59,9
1278,2015-03-16 03:18:00,8.6,8.6,8.59,8.59,142000,8.5969,12
1279,2015-03-16 03:19:00,8.6,8.6,8.6,8.6,4000,8.6,1
1280,2015-03-16 03:20:00,8.6,8.6,8.6,8.6,78000,8.6,22
1281,2015-03-16 03:21:00,8.6,8.61,8.6,8.6,26000,8.6008,7
1282,2015-03-16 03:22:00,8.61,8.61,8.6,8.6,68000,8.6088,4
1283,2015-03-16 03:23:00,8.6,8.6,8.59,8.59,60000,8.5997,10
1284,2015-03-16 03:24:00,8.61,8.61,8.6,8.6,74000,8.6016,5
1285,2015-03-16 03:25:00,8.6,8.61,8.59,8.6,104000,8.6008,14
1286,2015-03-16 03:26:00,8.6,8.6,8.59,8.6,48000,8.5996,8
1287,2015-03-16 03:27:00,8.6,8.6,8.59,8.6,190000,8.5999,14
1288,2015-03-16 03:28:00,8.6,8.6,8.6,8.6,32000,8.6,4
1289,2015-03-16 03:29:00,8.6,8.6,8.59,8.6,242000,8.5998,29
1290,2015-03-16 03:30:00,8.6,8.61,8.59,8.6,62000,8.601,7
1291,2015-03-16 03:31:00,8.6,8.6,8.6,8.6,42000,8.6,7
1292,2015-03-16 03:32:00,8.6,8.61,8.59,8.6,172000,8.6006,15
1293,2015-03-16 03:33:00,8.6,8.6,8.6,8.6,80000,8.6,12
1294,2015-03-16 03:34:00,8.6,8.61,8.59,8.6,184000,8.601,13
1295,2015-03-16 03:35:00,8.6,8.61,8.59,8.61,176000,8.6032,13
1296,2015-03-16 03:36:00,8.6,8.61,8.59,8.61,100000,8.601,11
1297,2015-03-16 03:37:00,8.61,8.62,8.61,8.62,88000,8.6143,10
1298,2015-03-16 03:38:00,8.62,8.62,8.62,8.62,70000,8.62,11
1299,2015-03-16 03:39:00,8.61,8.62,8.61,8.62,174000,8.6141,12
1300,2015-03-16 03:40:00,8.61,8.61,8.59,8.59,174000,8.6061,14
1301,2015-03-16 03:41:00,8.59,8.59,8.59,8.59,2000,8.59,1
1302,2015-03-16 03:42:00,8.59,8.59,8.59,8.59,2000,8.59,1
1303,2015-03-16 03:43:00,8.6,8.6,8.59,8.59,190000,8.5997,19
1304,2015-03-16 03:44:00,8.6,8.6,8.6,8.6,36000,8.6,3
1305,2015-03-16 03:45:00,8.59,8.6,8.59,8.6,142000,8.5996,13
1306,2015-03-16 03:46:00,8.6,8.6,8.59,8.6,74000,8.5997,10
1307,2015-03-16 03:47:00,8.6,8.6,8.6,8.6,116000,8.6,10
1308,2015-03-16 03:48:00,8.6,8.61,8.59,8.6,206000,8.6004,17
1309,2015-03-16 03:49:00,8.6,8.6,8.59,8.59,178000,8.5921,11
1310,2015-03-16 03:50:00,8.6,8.6,8.6,8.6,92000,8.6,11
1311,2015-03-16 03:51:00,8.6,8.61,8.6,8.61,80000,8.6003,8
1312,2015-03-16 03:52:00,8.6,8.6,8.58,8.58,264000,8.592,8
1313,2015-03-16 03:53:00,8.57,8.57,8.57,8.57,128000,8.57,8
1314,2015-03-16 03:54:00,8.58,8.58,8.56,8.56,284000,8.5738,17
1315,2015-03-16 03:55:00,8.56,8.57,8.56,8.57,78000,8.5685,14
1316,2015-03-16 03:56:00,8.57,8.58,8.55,8.55,940000,8.5621,36
1317,2015-03-16 03:57:00,8.55,8.55,8.54,8.55,186000,8.5496,22
1318,2015-03-16 03:58:00,8.55,8.55,8.54,8.54,390000,8.5498,32
1319,2015-03-16 03:59:00,8.54,8.6,8.54,8.55,576000,8.5627,58
1320,2015-03-16 21:30:00,9.07,9.08,8.98,9.01,852000,9.0307,62
1321,2015-03-16 21:31:00,9.0,9.0,8.98,8.99,248000,8.9904,24
1322,2015-03-16 21:32:00,8.99,9.06,8.99,9.0,640000,9.0099,44
1323,2015-03-16 21:33:00,8.99,9.0,8.99,8.99,216000,8.9904,17
1324,2015-03-16 21:34:00,8.99,9.03,8.99,9.02,256000,9.003,18
1325,2015-03-16 21:35:00,9.02,9.03,9.01,9.03,68000,9.0232,7
1326,2015-03-16 21:36:00,9.03,9.08,9.03,9.08,316000,9.0526,15
1327,2015-03-16 21:37:00,9.07,9.1,9.05,9.08,508000,9.0731,27
1328,2015-03-16 21:38:00,9.08,9.08,9.07,9.07,36000,9.0767,5
1329,2015-03-16 21:39:00,9.08,9.15,9.08,9.13,512000,9.1086,18
1330,2015-03-16 21:40:00,9.09,9.1,9.07,9.08,324000,9.0881,10
1331,2015-03-16 21:41:00,9.08,9.08,9.03,9.03,150000,9.0569,11
1332,2015-03-16 21:42:00,9.03,9.14,9.03,9.08,750000,9.0709,30
1333,2015-03-16 21:43:00,9.07,9.07,9.06,9.06,24000,9.0633,6
1334,2015-03-16 21:44:00,9.07,9.09,9.07,9.09,312000,9.0783,12
1335,2015-03-16 21:45:00,9.09,9.09,9.07,9.07,298000,9.0799,14
1336,2015-03-16 21:46:00,9.07,9.07,9.07,9.07,148000,9.07,9
1337,2015-03-16 21:47:00,9.08,9.15,9.08,9.11,550000,9.1077,20
1338,2015-03-16 21:48:00,9.12,9.12,9.11,9.11,102000,9.1116,6
1339,2015-03-16 21:49:00,9.11,9.14,9.11,9.13,340000,9.1222,16
1340,2015-03-16 21:50:00,9.14,9.17,9.12,9.13,616000,9.145,26
1341,2015-03-16 21:51:00,9.12,9.12,9.11,9.11,198000,9.1169,8
1342,2015-03-16 21:52:00,9.1,9.11,9.09,9.11,392000,9.1011,11
1343,2015-03-16 21:53:00,9.12,9.12,9.1,9.1,322000,9.107,12
1344,2015-03-16 21:54:00,9.1,9.12,9.09,9.09,338000,9.1052,9
1345,2015-03-16 21:55:00,9.09,9.12,9.09,9.12,276000,9.1014,7
1346,2015-03-16 21:56:00,9.11,9.11,9.08,9.08,378000,9.0999,22
1347,2015-03-16 21:57:00,9.09,9.11,9.08,9.1,716000,9.097,26
1348,2015-03-16 21:58:00,9.09,9.09,9.09,9.09,60000,9.09,5
1349,2015-03-16 21:59:00,9.1,9.1,9.09,9.09,326000,9.0991,9
1350,2015-03-16 22:00:00,9.1,9.1,9.09,9.1,430000,9.0999,24
1351,2015-03-16 22:01:00,9.1,9.1,9.1,9.1,56000,9.1,6
1352,2015-03-16 22:02:00,9.1,9.11,9.1,9.11,10000,9.106,5
1353,2015-03-16 22:03:00,9.1,9.11,9.1,9.11,342000,9.1092,10
1354,2015-03-16 22:04:00,9.11,9.12,9.11,9.11,346000,9.1195,10
1355,2015-03-16 22:05:00,9.12,9.12,9.11,9.12,52000,9.1177,9
1356,2015-03-16 22:06:00,9.11,9.11,9.1,9.11,338000,9.1072,14
1357,2015-03-16 22:07:00,9.12,9.12,9.11,9.11,40000,9.112,7
1358,2015-03-16 22:08:00,9.11,9.11,9.11,9.11,34000,9.11,6
1359,2015-03-16 22:09:00,9.11,9.11,9.11,9.11,36000,9.11,4
1360,2015-03-16 22:10:00,9.11,9.11,9.11,9.11,4000,9.11,2
1361,2015-03-16 22:11:00,9.11,9.11,9.1,9.1,270000,9.1055,8
1362,2015-03-16 22:12:00,9.09,9.1,9.09,9.09,142000,9.0983,8
1363,2015-03-16 22:13:00,9.09,9.1,9.09,9.09,164000,9.0902,13
1364,2015-03-16 22:14:00,9.08,9.08,9.08,9.08,2000,9.08,1
1365,2015-03-16 22:15:00,9.08,9.09,9.08,9.09,30000,9.088,5
1366,2015-03-16 22:16:00,9.09,9.1,9.09,9.09,48000,9.0904,9
1367,2015-03-16 22:17:00,9.09,9.11,9.09,9.11,462000,9.1035,8
1368,2015-03-16 22:18:00,9.11,9.12,9.11,9.12,10000,9.118,2
1369,2015-03-16 22:19:00,9.11,9.11,9.1,9.1,272000,9.1046,8
1370,2015-03-16 22:20:00,9.11,9.11,9.09,9.09,222000,9.0912,12
1371,2015-03-16 22:21:00,9.09,9.1,9.08,9.09,76000,9.0887,6
1372,2015-03-16 22:22:00,9.09,9.09,9.09,9.09,22000,9.09,4
1373,2015-03-16 22:23:00,9.08,9.11,9.08,9.11,190000,9.0944,11
1374,2015-03-16 22:24:00,9.11,9.11,9.11,9.11,0,9.11,0
1375,2015-03-16 22:25:00,9.11,9.11,9.1,9.1,144000,9.1013,7
1376,2015-03-16 22:26:00,9.1,9.11,9.1,9.1,28000,9.1007,5
1377,2015-03-16 22:27:00,9.1,9.1,9.1,9.1,14000,9.1,4
1378,2015-03-16 22:28:00,9.1,9.1,9.1,9.1,20000,9.1,5
1379,2015-03-16 22:29:00,9.1,9.1,9.1,9.1,34000,9.1,3
1380,2015-03-16 22:30:00,9.1,9.11,9.1,9.11,10000,9.102,5
1381,2015-03-16 22:31:00,9.1,9.1,9.1,9.1,40000,9.1,4
1382,2015-03-16 22:32:00,9.11,9.11,9.1,9.1,14000,9.1071,4
1383,2015-03-16 22:33:00,9.1,9.1,9.1,9.1,64000,9.1,3
1384,2015-03-16 22:34:00,9.1,9.11,9.1,9.1,44000,9.1036,6
1385,2015-03-16 22:35:00,9.1,9.11,9.1,9.11,24000,9.1008,4
1386,2015-03-16 22:36:00,9.1,9.11,9.1,9.11,54000,9.1052,5
1387,2015-03-16 22:37:00,9.11,9.11,9.1,9.1,20000,9.105,5
1388,2015-03-16 22:38:00,9.1,9.11,9.1,9.11,256000,9.1094,8
1389,2015-03-16 22:39:00,9.11,9.12,9.11,9.12,266000,9.1189,9
1390,2015-03-16 22:40:00,9.13,9.13,9.11,9.12,202000,9.1182,6
1391,2015-03-16 22:41:00,9.12,9.12,9.1,9.11,12000,9.115,3
1392,2015-03-16 22:42:00,9.11,9.11,9.1,9.1,28000,9.105,4
1393,2015-03-16 22:43:00,9.11,9.11,9.11,9.11,14000,9.11,3
1394,2015-03-16 22:44:00,9.11,9.11,9.11,9.11,44000,9.11,5
1395,2015-03-16 22:45:00,9.11,9.12,9.11,9.11,146000,9.1118,6
1396,2015-03-16 22:46:00,9.12,9.12,9.11,9.12,24000,9.1142,3
1397,2015-03-16 22:47:00,9.12,9.12,9.12,9.12,8000,9.12,1
1398,2015-03-16 22:48:00,9.12,9.12,9.12,9.12,52000,9.12,3
1399,2015-03-16 22:49:00,9.12,9.12,9.11,9.11,6000,9.1167,3
1400,2015-03-16 22:50:00,9.12,9.12,9.11,9.12,26000,9.1146,5
1401,2015-03-16 22:51:00,9.11,9.12,9.08,9.08,410000,9.1037,14
1402,2015-03-16 22:52:00,9.09,9.09,9.09,9.09,10000,9.09,2
1403,2015-03-16 22:53:00,9.09,9.09,9.09,9.09,34000,9.09,5
1404,2015-03-16 22:54:00,9.1,9.1,9.09,9.09,26000,9.0931,3
1405,2015-03-16 22:55:00,9.09,9.09,9.09,9.09,12000,9.09,1
1406,2015-03-16 22:56:00,9.09,9.1,9.09,9.09,28000,9.0929,4
1407,2015-03-16 22:57:00,9.09,9.09,9.08,9.08,124000,9.089,5
1408,2015-03-16 22:58:00,9.08,9.08,9.08,9.08,20000,9.08,5
1409,2015-03-16 22:59:00,9.08,9.08,9.08,9.08,2000,9.08,1
1410,2015-03-16 23:00:00,9.08,9.09,9.08,9.09,138000,9.0887,4
1411,2015-03-16 23:01:00,9.1,9.11,9.1,9.11,212000,9.1005,6
1412,2015-03-16 23:02:00,9.11,9.12,9.11,9.11,270000,9.1101,9
1413,2015-03-16 23:03:00,9.11,9.11,9.11,9.11,154000,9.11,8
1414,2015-03-16 23:04:00,9.11,9.11,9.11,9.11,108000,9.11,4
1415,2015-03-16 23:05:00,9.12,9.12,9.11,9.11,16000,9.115,3
1416,2015-03-16 23:06:00,9.12,9.12,9.12,9.12,44000,9.12,3
1417,2015-03-16 23:07:00,9.12,9.12,9.11,9.11,20000,9.118,4
1418,2015-03-16 23:08:00,9.11,9.11,9.11,9.11,10000,9.11,1
1419,2015-03-16 23:09:00,9.12,9.12,9.11,9.12,32000,9.1169,5
1420,2015-03-16 23:10:00,9.12,9.12,9.11,9.12,30000,9.1167,6
1421,2015-03-16 23:11:00,9.11,9.12,9.11,9.12,28000,9.1157,4
1422,2015-03-16 23:12:00,9.12,9.12,9.11,9.11,24000,9.1142,4
1423,2015-03-16 23:13:00,9.12,9.12,9.11,9.11,34000,9.1141,6
1424,2015-03-16 23:14:00,9.12,9.12,9.11,9.11,12000,9.1183,3
1425,2015-03-16 23:15:00,9.12,9.12,9.11,9.11,24000,9.115,4
1426,2015-03-16 23:16:00,9.12,9.12,9.11,9.11,20000,9.114,4
1427,2015-03-16 23:17:00,9.12,9.12,9.11,9.11,26000,9.1146,5
1428,2015-03-16 23:18:00,9.12,9.12,9.11,9.11,18000,9.1133,3
1429,2015-03-16 23:19:00,9.12,9.13,9.12,9.13,374000,9.1201,13
1430,2015-03-16 23:20:00,9.13,9.13,9.12,9.13,20000,9.129,5
1431,2015-03-16 23:21:00,9.13,9.13,9.13,9.13,8000,9.13,2
1432,2015-03-16 23:22:00,9.13,9.13,9.13,9.13,8000,9.13,2
1433,2015-03-16 23:23:00,9.13,9.13,9.13,9.13,22000,9.13,3
1434,2015-03-16 23:24:00,9.13,9.13,9.12,9.13,152000,9.1293,10
1435,2015-03-16 23:25:00,9.13,9.13,9.13,9.13,22000,9.13,6
1436,2015-03-16 23:26:00,9.13,9.13,9.12,9.13,286000,9.1293,25
1437,2015-03-16 23:27:00,9.13,9.13,9.13,9.13,18000,9.13,3
1438,2015-03-16 23:28:00,9.13,9.13,9.13,9.13,14000,9.13,5
1439,2015-03-16 23:29:00,9.13,9.13,9.13,9.13,80000,9.13,11
1440,2015-03-16 23:30:00,9.13,9.13,9.13,9.13,8000,9.13,2
1441,2015-03-16 23:31:00,9.13,9.14,9.13,9.14,204000,9.1301,8
1442,2015-03-16 23:32:00,9.14,9.15,9.14,9.15,334000,9.1404,11
1443,2015-03-16 23:33:00,9.15,9.15,9.15,9.15,84000,9.15,10
1444,2015-03-16 23:34:00,9.15,9.15,9.15,9.15,30000,9.15,5
1445,2015-03-16 23:35:00,9.14,9.15,9.14,9.15,8000,9.1475,2
1446,2015-03-16 23:36:00,9.15,9.15,9.15,9.15,6000,9.15,2
1447,2015-03-16 23:37:00,9.14,9.16,9.14,9.16,320000,9.1504,17
1448,2015-03-16 23:38:00,9.15,9.15,9.15,9.15,430000,9.15,4
1449,2015-03-16 23:39:00,9.15,9.15,9.15,9.15,0,9.15,0
1450,2015-03-16 23:40:00,9.14,9.14,9.13,9.14,554000,9.1392,14
1451,2015-03-16 23:41:00,9.14,9.14,9.14,9.14,262000,9.14,6
1452,2015-03-16 23:42:00,9.14,9.14,9.14,9.14,0,9.14,0
1453,2015-03-16 23:43:00,9.14,9.14,9.14,9.14,0,9.14,0
1454,2015-03-16 23:44:00,9.13,9.13,9.13,9.13,40000,9.13,3
1455,2015-03-16 23:45:00,9.13,9.13,9.13,9.13,170000,9.13,10
1456,2015-03-16 23:46:00,9.14,9.14,9.14,9.14,42000,9.14,2
1457,2015-03-16 23:47:00,9.15,9.15,9.15,9.15,2000,9.15,1
1458,2015-03-16 23:48:00,9.15,9.15,9.15,9.15,2000,9.15,1
1459,2015-03-16 23:49:00,9.15,9.15,9.15,9.15,34000,9.15,2
1460,2015-03-16 23:50:00,9.15,9.15,9.15,9.15,0,9.15,0
1461,2015-03-16 23:51:00,9.15,9.15,9.15,9.15,0,9.15,0
1462,2015-03-16 23:52:00,9.15,9.15,9.15,9.15,38000,9.15,3
1463,2015-03-16 23:53:00,9.16,9.16,9.15,9.16,22000,9.1545,3
1464,2015-03-16 23:54:00,9.16,9.16,9.15,9.15,14000,9.1514,2
1465,2015-03-16 23:55:00,9.16,9.16,9.15,9.15,30000,9.1547,5
1466,2015-03-16 23:56:00,9.16,9.16,9.15,9.15,20000,9.156,3
1467,2015-03-16 23:57:00,9.16,9.16,9.15,9.16,16000,9.155,4
1468,2015-03-16 23:58:00,9.16,9.16,9.15,9.15,26000,9.1569,6
1469,2015-03-16 23:59:00,9.16,9.16,9.15,9.15,28000,9.1593,8
1470,2015-03-17 01:00:00,9.15,9.18,9.15,9.17,374000,9.1628,41
1471,2015-03-17 01:01:00,9.18,9.18,9.18,9.18,104000,9.18,15
1472,2015-03-17 01:02:00,9.19,9.19,9.19,9.19,6000,9.19,1
1473,2015-03-17 01:03:00,9.18,9.18,9.18,9.18,118000,9.18,5
1474,2015-03-17 01:04:00,9.18,9.2,9.18,9.2,452000,9.1922,19
1475,2015-03-17 01:05:00,9.2,9.23,9.2,9.23,166000,9.2069,11
1476,2015-03-17 01:06:00,9.23,9.23,9.22,9.23,104000,9.2298,17
1477,2015-03-17 01:07:00,9.22,9.22,9.2,9.2,180000,9.2099,5
1478,2015-03-17 01:08:00,9.19,9.19,9.18,9.18,40000,9.189,3
1479,2015-03-17 01:09:00,9.18,9.18,9.18,9.18,0,9.18,0
1480,2015-03-17 01:10:00,9.18,9.18,9.18,9.18,2000,9.18,1
1481,2015-03-17 01:11:00,9.19,9.19,9.16,9.16,168000,9.1776,9
1482,2015-03-17 01:12:00,9.16,9.16,9.16,9.16,4000,9.16,1
1483,2015-03-17 01:13:00,9.16,9.17,9.16,9.16,12000,9.1617,3
1484,2015-03-17 01:14:00,9.16,9.16,9.16,9.16,12000,9.16,1
1485,2015-03-17 01:15:00,9.16,9.16,9.16,9.16,24000,9.16,3
1486,2015-03-17 01:16:00,9.16,9.16,9.13,9.13,162000,9.1506,10
1487,2015-03-17 01:17:00,9.13,9.14,9.1,9.14,282000,9.1218,12
1488,2015-03-17 01:18:00,9.15,9.15,9.15,9.15,14000,9.15,3
1489,2015-03-17 01:19:00,9.15,9.15,9.15,9.15,0,9.15,0
1490,2015-03-17 01:20:00,9.15,9.15,9.14,9.14,128000,9.145,6
1491,2015-03-17 01:21:00,9.14,9.14,9.13,9.13,28000,9.1357,4
1492,2015-03-17 01:22:00,9.14,9.14,9.13,9.13,8000,9.135,3
1493,2015-03-17 01:23:00,9.13,9.13,9.13,9.13,4000,9.13,1
1494,2015-03-17 01:24:00,9.13,9.13,9.13,9.13,14000,9.13,1
1495,2015-03-17 01:25:00,9.13,9.14,9.13,9.13,18000,9.1311,5
1496,2015-03-17 01:26:00,9.13,9.13,9.13,9.13,34000,9.13,3
1497,2015-03-17 01:27:00,9.13,9.14,9.13,9.14,10000,9.132,2
1498,2015-03-17 01:28:00,9.13,9.13,9.13,9.13,20000,9.13,4
1499,2015-03-17 01:29:00,9.13,9.14,9.13,9.13,28000,9.1307,3
1500,2015-03-17 01:30:00,9.13,9.13,9.13,9.13,16000,9.13,2
1501,2015-03-17 01:31:00,9.14,9.14,9.13,9.13,24000,9.1317,4
1502,2015-03-17 01:32:00,9.13,9.14,9.13,9.14,4000,9.135,2
1503,2015-03-17 01:33:00,9.13,9.14,9.13,9.14,34000,9.1353,6
1504,2015-03-17 01:34:00,9.13,9.14,9.13,9.14,22000,9.1327,4
1505,2015-03-17 01:35:00,9.13,9.14,9.13,9.14,20000,9.134,4
1506,2015-03-17 01:36:00,9.14,9.14,9.13,9.14,20000,9.133,3
1507,2015-03-17 01:37:00,9.13,9.17,9.13,9.17,478000,9.1453,11
1508,2015-03-17 01:38:00,9.18,9.18,9.18,9.18,8000,9.18,2
1509,2015-03-17 01:39:00,9.17,9.17,9.17,9.17,18000,9.17,1
1510,2015-03-17 01:40:00,9.18,9.18,9.18,9.18,46000,9.18,6
1511,2015-03-17 01:41:00,9.18,9.18,9.17,9.18,178000,9.1785,10
1512,2015-03-17 01:42:00,9.18,9.21,9.18,9.21,146000,9.1988,13
1513,2015-03-17 01:43:00,9.21,9.21,9.19,9.2,234000,9.203,11
1514,2015-03-17 01:44:00,9.19,9.19,9.17,9.17,102000,9.1778,4
1515,2015-03-17 01:45:00,9.16,9.16,9.16,9.16,22000,9.16,4
1516,2015-03-17 01:46:00,9.17,9.17,9.17,9.17,66000,9.17,2
1517,2015-03-17 01:47:00,9.17,9.17,9.17,9.17,0,9.17,0
1518,2015-03-17 01:48:00,9.18,9.18,9.17,9.17,28000,9.1793,4
1519,2015-03-17 01:49:00,9.17,9.18,9.17,9.18,56000,9.1764,3
1520,2015-03-17 01:50:00,9.17,9.17,9.17,9.17,62000,9.17,1
1521,2015-03-17 01:51:00,9.17,9.17,9.17,9.17,10000,9.17,2
1522,2015-03-17 01:52:00,9.16,9.16,9.16,9.16,76000,9.16,3
1523,2015-03-17 01:53:00,9.16,9.16,9.14,9.14,138000,9.1557,8
1524,2015-03-17 01:54:00,9.14,9.14,9.14,9.14,16000,9.14,1
1525,2015-03-17 01:55:00,9.14,9.14,9.14,9.14,14000,9.14,3
1526,2015-03-17 01:56:00,9.14,9.15,9.13,9.13,70000,9.1386,8
1527,2015-03-17 01:57:00,9.13,9.13,9.12,9.12,36000,9.1233,4
1528,2015-03-17 01:58:00,9.12,9.12,9.11,9.11,50000,9.116,4
1529,2015-03-17 01:59:00,9.11,9.11,9.11,9.11,4000,9.11,1
1530,2015-03-17 02:00:00,9.11,9.11,9.11,9.11,34000,9.11,3
1531,2015-03-17 02:01:00,9.11,9.11,9.1,9.11,94000,9.1098,8
1532,2015-03-17 02:02:00,9.11,9.14,9.11,9.14,170000,9.1258,24
1533,2015-03-17 02:03:00,9.14,9.14,9.13,9.13,74000,9.1338,8
1534,2015-03-17 02:04:00,9.13,9.13,9.13,9.13,0,9.13,0
1535,2015-03-17 02:05:00,9.14,9.14,9.13,9.14,10000,9.134,5
1536,2015-03-17 02:06:00,9.14,9.14,9.14,9.14,0,9.14,0
1537,2015-03-17 02:07:00,9.14,9.14,9.14,9.14,0,9.14,0
1538,2015-03-17 02:08:00,9.14,9.14,9.13,9.13,12000,9.1317,4
1539,2015-03-17 02:09:00,9.13,9.13,9.13,9.13,56000,9.13,4
1540,2015-03-17 02:10:00,9.12,9.13,9.12,9.13,10000,9.124,3
1541,2015-03-17 02:11:00,9.12,9.13,9.12,9.13,16000,9.1213,2
1542,2015-03-17 02:12:00,9.13,9.13,9.12,9.12,12000,9.1233,3
1543,2015-03-17 02:13:00,9.12,9.13,9.12,9.13,18000,9.1211,2
1544,2015-03-17 02:14:00,9.13,9.13,9.12,9.13,12000,9.1267,4
1545,2015-03-17 02:15:00,9.13,9.13,9.12,9.12,44000,9.1295,6
1546,2015-03-17 02:16:00,9.13,9.16,9.13,9.16,164000,9.1329,10
1547,2015-03-17 02:17:00,9.16,9.16,9.16,9.16,6000,9.16,3
1548,2015-03-17 02:18:00,9.16,9.16,9.15,9.16,12000,9.1583,4
1549,2015-03-17 02:19:00,9.16,9.17,9.16,9.17,96000,9.161,9
1550,2015-03-17 02:20:00,9.17,9.17,9.17,9.17,16000,9.17,4
1551,2015-03-17 02:21:00,9.17,9.17,9.16,9.16,6000,9.1633,2
1552,2015-03-17 02:22:00,9.17,9.17,9.17,9.17,126000,9.17,5
1553,2015-03-17 02:23:00,9.17,9.17,9.17,9.17,12000,9.17,4
1554,2015-03-17 02:24:00,9.16,9.17,9.16,9.17,16000,9.1663,4
1555,2015-03-17 02:25:00,9.17,9.17,9.17,9.17,50000,9.17,5
1556,2015-03-17 02:26:00,9.16,9.16,9.14,9.14,394000,9.1524,11
1557,2015-03-17 02:27:00,9.13,9.14,9.13,9.14,16000,9.1313,3
1558,2015-03-17 02:28:00,9.14,9.14,9.13,9.13,6000,9.1333,2
1559,2015-03-17 02:29:00,9.13,9.14,9.13,9.14,8000,9.1325,3
1560,2015-03-17 02:30:00,9.13,9.13,9.13,9.13,20000,9.13,2
1561,2015-03-17 02:31:00,9.14,9.14,9.13,9.13,20000,9.131,3
1562,2015-03-17 02:32:00,9.13,9.14,9.13,9.13,32000,9.1313,6
1563,2015-03-17 02:33:00,9.13,9.13,9.13,9.13,22000,9.13,2
1564,2015-03-17 02:34:00,9.14,9.14,9.13,9.13,116000,9.1302,5
1565,2015-03-17 02:35:00,9.12,9.12,9.11,9.11,102000,9.1141,7
1566,2015-03-17 02:36:00,9.11,9.11,9.11,9.11,28000,9.11,1
1567,2015-03-17 02:37:00,9.11,9.12,9.11,9.12,28000,9.1107,2
1568,2015-03-17 02:38:00,9.11,9.11,9.11,9.11,22000,9.11,1
1569,2015-03-17 02:39:00,9.11,9.12,9.11,9.11,28000,9.1107,5
1570,2015-03-17 02:40:00,9.11,9.11,9.1,9.1,28000,9.1093,3
1571,2015-03-17 02:41:00,9.11,9.11,9.11,9.11,30000,9.11,3
1572,2015-03-17 02:42:00,9.11,9.11,9.1,9.1,46000,9.1096,3
1573,2015-03-17 02:43:00,9.1,9.1,9.1,9.1,20000,9.1,1
1574,2015-03-17 02:44:00,9.1,9.1,9.09,9.09,170000,9.0973,10
1575,2015-03-17 02:45:00,9.1,9.1,9.1,9.1,40000,9.1,5
1576,2015-03-17 02:46:00,9.08,9.08,9.08,9.08,10000,9.08,1
1577,2015-03-17 02:47:00,9.08,9.09,9.08,9.09,24000,9.0892,3
1578,2015-03-17 02:48:00,9.09,9.09,9.08,9.08,22000,9.0818,3
1579,2015-03-17 02:49:00,9.08,9.11,9.08,9.08,118000,9.1064,4
1580,2015-03-17 02:50:00,9.08,9.08,9.08,9.08,16000,9.08,1
1581,2015-03-17 02:51:00,9.1,9.1,9.08,9.09,54000,9.0904,9
1582,2015-03-17 02:52:00,9.08,9.09,9.08,9.08,120000,9.084,9
1583,2015-03-17 02:53:00,9.08,9.08,9.08,9.08,16000,9.08,1
1584,2015-03-17 02:54:00,9.08,9.09,9.08,9.09,96000,9.0883,3
1585,2015-03-17 02:55:00,9.09,9.09,9.09,9.09,4000,9.09,1
1586,2015-03-17 02:56:00,9.1,9.11,9.1,9.11,168000,9.1006,6
1587,2015-03-17 02:57:00,9.11,9.11,9.11,9.11,98000,9.11,11
1588,2015-03-17 02:58:00,9.12,9.12,9.12,9.12,2000,9.12,1
1589,2015-03-17 02:59:00,9.11,9.11,9.1,9.1,164000,9.1088,6
1590,2015-03-17 03:00:00,9.1,9.1,9.1,9.1,2000,9.1,1
1591,2015-03-17 03:01:00,9.1,9.1,9.1,9.1,2000,9.1,1
1592,2015-03-17 03:02:00,9.1,9.11,9.1,9.11,28000,9.1007,4
1593,2015-03-17 03:03:00,9.1,9.12,9.1,9.12,256000,9.1096,9
1594,2015-03-17 03:04:00,9.12,9.12,9.12,9.12,16000,9.12,2
1595,2015-03-17 03:05:00,9.11,9.11,9.11,9.11,4000,9.11,2
1596,2015-03-17 03:06:00,9.11,9.12,9.11,9.11,8000,9.115,3
1597,2015-03-17 03:07:00,9.12,9.12,9.11,9.11,28000,9.1193,4
1598,2015-03-17 03:08:00,9.12,9.12,9.11,9.11,4000,9.115,2
1599,2015-03-17 03:09:00,9.11,9.12,9.11,9.12,26000,9.1177,5
1600,2015-03-17 03:10:00,9.12,9.12,9.11,9.11,32000,9.1188,6
1601,2015-03-17 03:11:00,9.12,9.12,9.11,9.12,26000,9.1138,5
1602,2015-03-17 03:12:00,9.12,9.12,9.11,9.11,32000,9.1156,5
1603,2015-03-17 03:13:00,9.11,9.12,9.11,9.12,38000,9.1153,7
1604,2015-03-17 03:14:00,9.12,9.12,9.11,9.11,38000,9.1137,7
1605,2015-03-17 03:15:00,9.11,9.12,9.11,9.11,26000,9.1108,4
1606,2015-03-17 03:16:00,9.12,9.12,9.11,9.12,8000,9.1175,3
1607,2015-03-17 03:17:00,9.11,9.12,9.11,9.12,46000,9.1191,7
1608,2015-03-17 03:18:00,9.12,9.12,9.12,9.12,50000,9.12,5
1609,2015-03-17 03:19:00,9.12,9.12,9.12,9.12,112000,9.12,9
1610,2015-03-17 03:20:00,9.13,9.13,9.13,9.13,14000,9.13,3
1611,2015-03-17 03:21:00,9.13,9.13,9.12,9.12,6000,9.1267,2
1612,2015-03-17 03:22:00,9.12,9.13,9.12,9.13,14000,9.1271,5
1613,2015-03-17 03:23:00,9.13,9.13,9.12,9.13,12000,9.1283,4
1614,2015-03-17 03:24:00,9.13,9.13,9.12,9.13,58000,9.1276,9
1615,2015-03-17 03:25:00,9.12,9.13,9.12,9.13,48000,9.1221,6
1616,2015-03-17 03:26:00,9.13,9.13,9.12,9.12,56000,9.1275,7
1617,2015-03-17 03:27:00,9.13,9.13,9.12,9.12,146000,9.1204,8
1618,2015-03-17 03:28:00,9.13,9.13,9.11,9.12,38000,9.12,4
1619,2015-03-17 03:29:00,9.11,9.11,9.1,9.1,112000,9.1071,10
1620,2015-03-17 03:30:00,9.1,9.11,9.1,9.1,38000,9.1005,6
1621,2015-03-17 03:31:00,9.1,9.1,9.09,9.09,92000,9.097,7
1622,2015-03-17 03:32:00,9.08,9.09,9.08,9.09,140000,9.0894,12
1623,2015-03-17 03:33:00,9.09,9.09,9.09,9.09,0,9.09,0
1624,2015-03-17 03:34:00,9.09,9.1,9.09,9.1,12000,9.0917,3
1625,2015-03-17 03:35:00,9.09,9.1,9.08,9.08,204000,9.0856,9
1626,2015-03-17 03:36:00,9.08,9.09,9.07,9.07,52000,9.0746,6
1627,2015-03-17 03:37:00,9.08,9.09,9.08,9.09,168000,9.0814,6
1628,2015-03-17 03:38:00,9.1,9.1,9.09,9.09,30000,9.0907,2
1629,2015-03-17 03:39:00,9.09,9.09,9.09,9.09,26000,9.09,2
1630,2015-03-17 03:40:00,9.09,9.1,9.09,9.1,36000,9.0911,5
1631,2015-03-17 03:41:00,9.09,9.1,9.09,9.09,108000,9.0915,6
1632,2015-03-17 03:42:00,9.09,9.1,9.09,9.1,80000,9.0903,3
1633,2015-03-17 03:43:00,9.09,9.1,9.09,9.09,58000,9.0914,5
1634,2015-03-17 03:44:00,9.09,9.09,9.08,9.08,66000,9.0827,5
1635,2015-03-17 03:45:00,9.08,9.09,9.08,9.08,98000,9.0822,7
1636,2015-03-17 03:46:00,9.08,9.08,9.07,9.07,228000,9.0754,8
1637,2015-03-17 03:47:00,9.07,9.07,9.07,9.07,106000,9.07,6
1638,2015-03-17 03:48:00,9.07,9.08,9.06,9.08,330000,9.0688,9
1639,2015-03-17 03:49:00,9.08,9.1,9.08,9.1,92000,9.0872,10
1640,2015-03-17 03:50:00,9.1,9.1,9.09,9.1,28000,9.0993,11
1641,2015-03-17 03:51:00,9.09,9.11,9.09,9.11,802000,9.1,21
1642,2015-03-17 03:52:00,9.11,9.11,9.1,9.11,198000,9.1094,23
1643,2015-03-17 03:53:00,9.11,9.11,9.1,9.11,250000,9.1048,19
1644,2015-03-17 03:54:00,9.11,9.11,9.1,9.11,94000,9.1098,15
1645,2015-03-17 03:55:00,9.11,9.11,9.11,9.11,84000,9.11,16
1646,2015-03-17 03:56:00,9.11,9.11,9.1,9.11,176000,9.1073,27
1647,2015-03-17 03:57:00,9.11,9.11,9.08,9.09,464000,9.096,48
1648,2015-03-17 03:58:00,9.09,9.09,9.05,9.06,372000,9.0644,50
1649,2015-03-17 03:59:00,9.05,9.07,9.02,9.07,1034000,9.0444,69
1650,2015-03-17 21:30:00,9.18,9.2,9.08,9.11,536000,9.134,100
1651,2015-03-17 21:31:00,9.11,9.12,9.11,9.11,12000,9.1117,5
1652,2015-03-17 21:32:00,9.12,9.16,9.11,9.16,228000,9.1357,35
1653,2015-03-17 21:33:00,9.16,9.17,9.15,9.16,70000,9.1629,16
1654,2015-03-17 21:34:00,9.16,9.16,9.1,9.1,268000,9.1346,31
1655,2015-03-17 21:35:00,9.11,9.14,9.11,9.14,58000,9.119,10
1656,2015-03-17 21:36:00,9.14,9.19,9.13,9.19,174000,9.1582,17
1657,2015-03-17 21:37:00,9.19,9.21,9.19,9.21,80000,9.198,11
1658,2015-03-17 21:38:00,9.21,9.22,9.21,9.22,84000,9.2169,21
1659,2015-03-17 21:39:00,9.21,9.22,9.18,9.2,284000,9.2049,23
1660,2015-03-17 21:40:00,9.2,9.2,9.2,9.2,0,9.2,0
1661,2015-03-17 21:41:00,9.2,9.2,9.2,9.2,0,9.2,0
1662,2015-03-17 21:42:00,9.2,9.21,9.2,9.21,46000,9.2004,4
1663,2015-03-17 21:43:00,9.21,9.24,9.21,9.23,286000,9.2215,26
1664,2015-03-17 21:44:00,9.24,9.24,9.22,9.22,72000,9.2217,5
1665,2015-03-17 21:45:00,9.22,9.23,9.22,9.23,20000,9.221,2
1666,2015-03-17 21:46:00,9.21,9.21,9.17,9.17,94000,9.2038,6
1667,2015-03-17 21:47:00,9.17,9.17,9.17,9.17,4000,9.17,2
1668,2015-03-17 21:48:00,9.17,9.17,9.16,9.16,4000,9.165,2
1669,2015-03-17 21:49:00,9.17,9.22,9.17,9.22,216000,9.1813,18
1670,2015-03-17 21:50:00,9.23,9.23,9.23,9.23,4000,9.23,2
1671,2015-03-17 21:51:00,9.22,9.24,9.21,9.24,76000,9.2218,11
1672,2015-03-17 21:52:00,9.24,9.27,9.24,9.26,306000,9.2529,24
1673,2015-03-17 21:53:00,9.27,9.27,9.26,9.27,16000,9.2638,3
1674,2015-03-17 21:54:00,9.27,9.27,9.27,9.27,4000,9.27,2
1675,2015-03-17 21:55:00,9.26,9.26,9.23,9.24,302000,9.2547,13
1676,2015-03-17 21:56:00,9.22,9.24,9.22,9.24,8000,9.23,3
1677,2015-03-17 21:57:00,9.23,9.24,9.23,9.23,58000,9.2303,6
1678,2015-03-17 21:58:00,9.22,9.22,9.22,9.22,8000,9.22,2
1679,2015-03-17 21:59:00,9.23,9.23,9.23,9.23,6000,9.23,2
1680,2015-03-17 22:00:00,9.23,9.23,9.23,9.23,48000,9.23,1
1681,2015-03-17 22:01:00,9.23,9.23,9.23,9.23,0,9.23,0
1682,2015-03-17 22:02:00,9.24,9.26,9.24,9.25,174000,9.2446,13
1683,2015-03-17 22:03:00,9.26,9.28,9.26,9.28,88000,9.2677,11
1684,2015-03-17 22:04:00,9.27,9.27,9.21,9.21,224000,9.2651,11
1685,2015-03-17 22:05:00,9.22,9.24,9.22,9.24,48000,9.2292,5
1686,2015-03-17 22:06:00,9.21,9.21,9.21,9.21,6000,9.21,1
1687,2015-03-17 22:07:00,9.23,9.26,9.23,9.26,136000,9.2465,8
1688,2015-03-17 22:08:00,9.26,9.26,9.26,9.26,0,9.26,0
1689,2015-03-17 22:09:00,9.27,9.31,9.27,9.27,568000,9.2897,30
1690,2015-03-17 22:10:00,9.26,9.26,9.24,9.24,22000,9.2536,4
1691,2015-03-17 22:11:00,9.23,9.26,9.23,9.26,24000,9.2483,4
1692,2015-03-17 22:12:00,9.26,9.26,9.26,9.26,0,9.26,0
1693,2015-03-17 22:13:00,9.25,9.25,9.24,9.24,40000,9.249,5
1694,2015-03-17 22:14:00,9.24,9.28,9.24,9.27,192000,9.2667,11
1695,2015-03-17 22:15:00,9.27,9.28,9.27,9.28,90000,9.2764,7
1696,2015-03-17 22:16:00,9.26,9.26,9.21,9.22,306000,9.2258,21
1697,2015-03-17 22:17:00,9.22,9.22,9.22,9.22,0,9.22,0
1698,2015-03-17 22:18:00,9.22,9.22,9.21,9.22,34000,9.2118,3
1699,2015-03-17 22:19:00,9.22,9.22,9.22,9.22,0,9.22,0
1700,2015-03-17 22:20:00,9.2,9.2,9.19,9.2,64000,9.1972,6
1701,2015-03-17 22:21:00,9.19,9.19,9.18,9.18,32000,9.1813,6
1702,2015-03-17 22:22:00,9.17,9.23,9.16,9.21,306000,9.1816,22
1703,2015-03-17 22:23:00,9.21,9.21,9.21,9.21,0,9.21,0
1704,2015-03-17 22:24:00,9.21,9.21,9.21,9.21,0,9.21,0
1705,2015-03-17 22:25:00,9.21,9.22,9.21,9.22,72000,9.2156,9
1706,2015-03-17 22:26:00,9.21,9.21,9.21,9.21,20000,9.21,1
1707,2015-03-17 22:27:00,9.21,9.21,9.21,9.21,6000,9.21,3
1708,2015-03-17 22:28:00,9.2,9.2,9.19,9.2,26000,9.1992,5
1709,2015-03-17 22:29:00,9.2,9.2,9.2,9.2,0,9.2,0
1710,2015-03-17 22:30:00,9.2,9.22,9.2,9.21,100000,9.2092,7
1711,2015-03-17 22:31:00,9.22,9.22,9.22,9.22,2000,9.22,1
1712,2015-03-17 22:32:00,9.2,9.21,9.2,9.21,18000,9.2089,3
1713,2015-03-17 22:33:00,9.21,9.21,9.21,9.21,0,9.21,0
1714,2015-03-17 22:34:00,9.21,9.23,9.21,9.23,60000,9.218,6
1715,2015-03-17 22:35:00,9.23,9.25,9.23,9.25,166000,9.243,15
1716,2015-03-17 22:36:00,9.25,9.25,9.24,9.25,146000,9.2488,10
1717,2015-03-17 22:37:00,9.22,9.22,9.19,9.19,14000,9.2057,5
1718,2015-03-17 22:38:00,9.21,9.21,9.19,9.19,16000,9.205,2
1719,2015-03-17 22:39:00,9.21,9.23,9.21,9.23,56000,9.2146,4
1720,2015-03-17 22:40:00,9.23,9.23,9.23,9.23,10000,9.23,2
1721,2015-03-17 22:41:00,9.23,9.23,9.23,9.23,0,9.23,0
1722,2015-03-17 22:42:00,9.23,9.23,9.23,9.23,0,9.23,0
1723,2015-03-17 22:43:00,9.22,9.22,9.21,9.21,92000,9.2172,4
1724,2015-03-17 22:44:00,9.2,9.2,9.2,9.2,20000,9.2,3
1725,2015-03-17 22:45:00,9.2,9.2,9.2,9.2,2000,9.2,1
1726,2015-03-17 22:46:00,9.2,9.2,9.2,9.2,12000,9.2,1
1727,2015-03-17 22:47:00,9.19,9.19,9.19,9.19,8000,9.19,2
1728,2015-03-17 22:48:00,9.19,9.19,9.19,9.19,0,9.19,0
1729,2015-03-17 22:49:00,9.18,9.18,9.18,9.18,22000,9.18,2
1730,2015-03-17 22:50:00,9.19,9.19,9.18,9.18,20000,9.181,4
1731,2015-03-17 22:51:00,9.19,9.2,9.19,9.2,172000,9.1936,6
1732,2015-03-17 22:52:00,9.2,9.2,9.2,9.2,0,9.2,0
1733,2015-03-17 22:53:00,9.21,9.22,9.21,9.22,62000,9.2126,5
1734,2015-03-17 22:54:00,9.22,9.22,9.22,9.22,24000,9.22,6
1735,2015-03-17 22:55:00,9.22,9.22,9.2,9.2,76000,9.2074,7
1736,2015-03-17 22:56:00,9.19,9.19,9.19,9.19,10000,9.19,3
1737,2015-03-17 22:57:00,9.19,9.19,9.19,9.19,4000,9.19,1
1738,2015-03-17 22:58:00,9.22,9.22,9.2,9.2,4000,9.21,2
1739,2015-03-17 22:59:00,9.21,9.21,9.21,9.21,2000,9.21,1
1740,2015-03-17 23:00:00,9.21,9.22,9.21,9.22,86000,9.2126,5
1741,2015-03-17 23:01:00,9.22,9.22,9.22,9.22,0,9.22,0
1742,2015-03-17 23:02:00,9.23,9.23,9.23,9.23,2000,9.23,1
1743,2015-03-17 23:03:00,9.22,9.22,9.19,9.19,106000,9.217,6
1744,2015-03-17 23:04:00,9.19,9.2,9.19,9.2,74000,9.1949,6
1745,2015-03-17 23:05:00,9.21,9.21,9.21,9.21,16000,9.21,2
1746,2015-03-17 23:06:00,9.21,9.21,9.21,9.21,0,9.21,0
1747,2015-03-17 23:07:00,9.21,9.23,9.21,9.23,68000,9.2129,5
1748,2015-03-17 23:08:00,9.22,9.22,9.22,9.22,12000,9.22,4
1749,2015-03-17 23:09:00,9.22,9.24,9.22,9.24,52000,9.2273,8
1750,2015-03-17 23:10:00,9.24,9.24,9.24,9.24,2000,9.24,1
1751,2015-03-17 23:11:00,9.23,9.23,9.22,9.22,10000,9.224,3
1752,2015-03-17 23:12:00,9.22,9.22,9.22,9.22,0,9.22,0
1753,2015-03-17 23:13:00,9.22,9.22,9.2,9.2,114000,9.2167,6
1754,2015-03-17 23:14:00,9.2,9.21,9.2,9.21,6000,9.2067,2
1755,2015-03-17 23:15:00,9.21,9.21,9.2,9.21,22000,9.2082,6
1756,2015-03-17 23:16:00,9.21,9.21,9.21,9.21,0,9.21,0
1757,2015-03-17 23:17:00,9.2,9.2,9.19,9.19,70000,9.1963,5
1758,2015-03-17 23:18:00,9.19,9.19,9.19,9.19,0,9.19,0
1759,2015-03-17 23:19:00,9.18,9.19,9.18,9.19,4000,9.185,2
1760,2015-03-17 23:20:00,9.19,9.19,9.19,9.19,4000,9.19,2
1761,2015-03-17 23:21:00,9.19,9.19,9.19,9.19,10000,9.19,3
1762,2015-03-17 23:22:00,9.2,9.2,9.19,9.19,8000,9.195,4
1763,2015-03-17 23:23:00,9.2,9.2,9.19,9.19,50000,9.1904,6
1764,2015-03-17 23:24:00,9.19,9.19,9.19,9.19,2000,9.19,1
1765,2015-03-17 23:25:00,9.2,9.2,9.19,9.19,22000,9.1909,4
1766,2015-03-17 23:26:00,9.19,9.19,9.19,9.19,4000,9.19,2
1767,2015-03-17 23:27:00,9.19,9.19,9.19,9.19,26000,9.19,3
1768,2015-03-17 23:28:00,9.19,9.19,9.19,9.19,0,9.19,0
1769,2015-03-17 23:29:00,9.19,9.2,9.19,9.19,58000,9.1903,11
1770,2015-03-17 23:30:00,9.19,9.2,9.18,9.18,38000,9.19,8
1771,2015-03-17 23:31:00,9.19,9.19,9.18,9.18,16000,9.1838,6
1772,2015-03-17 23:32:00,9.18,9.18,9.18,9.18,2000,9.18,1
1773,2015-03-17 23:33:00,9.18,9.22,9.18,9.21,288000,9.1961,14
1774,2015-03-17 23:34:00,9.22,9.22,9.22,9.22,2000,9.22,1
1775,2015-03-17 23:35:00,9.21,9.21,9.21,9.21,2000,9.21,1
1776,2015-03-17 23:36:00,9.22,9.22,9.19,9.19,132000,9.2056,5
1777,2015-03-17 23:37:00,9.19,9.19,9.19,9.19,34000,9.19,4
1778,2015-03-17 23:38:00,9.19,9.19,9.19,9.19,0,9.19,0
1779,2015-03-17 23:39:00,9.19,9.19,9.19,9.19,0,9.19,0
1780,2015-03-17 23:40:00,9.2,9.21,9.2,9.21,184000,9.2008,6
1781,2015-03-17 23:41:00,9.21,9.21,9.21,9.21,6000,9.21,1
1782,2015-03-17 23:42:00,9.21,9.22,9.21,9.21,88000,9.2109,4
1783,2015-03-17 23:43:00,9.21,9.21,9.21,9.21,0,9.21,0
1784,2015-03-17 23:44:00,9.22,9.22,9.22,9.22,2000,9.22,1
1785,2015-03-17 23:45:00,9.22,9.23,9.2,9.2,304000,9.2228,10
1786,2015-03-17 23:46:00,9.2,9.2,9.19,9.19,44000,9.1982,2
1787,2015-03-17 23:47:00,9.2,9.2,9.2,9.2,24000,9.2,1
1788,2015-03-17 23:48:00,9.2,9.2,9.2,9.2,76000,9.2,3
1789,2015-03-17 23:49:00,9.2,9.2,9.2,9.2,0,9.2,0
1790,2015-03-17 23:50:00,9.2,9.2,9.2,9.2,2000,9.2,1
1791,2015-03-17 23:51:00,9.21,9.21,9.2,9.2,14000,9.2057,4
1792,2015-03-17 23:52:00,9.2,9.21,9.2,9.2,78000,9.2003,6
1793,2015-03-17 23:53:00,9.19,9.2,9.19,9.2,4000,9.195,2
1794,2015-03-17 23:54:00,9.2,9.22,9.2,9.22,332000,9.205,9
1795,2015-03-17 23:55:00,9.22,9.22,9.22,9.22,8000,9.22,1
1796,2015-03-17 23:56:00,9.22,9.22,9.2,9.2,100000,9.2156,7
1797,2015-03-17 23:57:00,9.2,9.2,9.2,9.2,0,9.2,0
1798,2015-03-17 23:58:00,9.22,9.23,9.22,9.23,70000,9.2206,6
1799,2015-03-17 23:59:00,9.23,9.23,9.23,9.23,2000,9.23,1
1800,2015-03-18 01:00:00,9.22,9.23,9.22,9.23,24000,9.2275,3
1801,2015-03-18 01:01:00,9.23,9.23,9.23,9.23,0,9.23,0
1802,2015-03-18 01:02:00,9.22,9.22,9.22,9.22,6000,9.22,2
1803,2015-03-18 01:03:00,9.23,9.23,9.21,9.21,194000,9.2173,10
1804,2015-03-18 01:04:00,9.2,9.2,9.19,9.19,206000,9.199,5
1805,2015-03-18 01:05:00,9.18,9.18,9.16,9.16,266000,9.1771,13
1806,2015-03-18 01:06:00,9.16,9.16,9.15,9.15,22000,9.1509,3
1807,2015-03-18 01:07:00,9.15,9.15,9.15,9.15,0,9.15,0
1808,2015-03-18 01:08:00,9.16,9.18,9.16,9.18,190000,9.1659,16
1809,2015-03-18 01:09:00,9.18,9.18,9.18,9.18,0,9.18,0
1810,2015-03-18 01:10:00,9.18,9.18,9.18,9.18,2000,9.18,1
1811,2015-03-18 01:11:00,9.18,9.18,9.18,9.18,8000,9.18,3
1812,2015-03-18 01:12:00,9.17,9.18,9.17,9.18,126000,9.1795,5
1813,2015-03-18 01:13:00,9.19,9.19,9.17,9.18,118000,9.1792,5
1814,2015-03-18 01:14:00,9.18,9.18,9.18,9.18,0,9.18,0
1815,2015-03-18 01:15:00,9.17,9.18,9.17,9.18,18000,9.1711,5
1816,2015-03-18 01:16:00,9.18,9.18,9.17,9.17,8000,9.1725,3
1817,2015-03-18 01:17:00,9.17,9.17,9.17,9.17,0,9.17,0
1818,2015-03-18 01:18:00,9.17,9.17,9.17,9.17,0,9.17,0
1819,2015-03-18 01:19:00,9.17,9.17,9.17,9.17,0,9.17,0
1820,2015-03-18 01:20:00,9.18,9.21,9.18,9.21,198000,9.1916,8
1821,2015-03-18 01:21:00,9.21,9.21,9.21,9.21,0,9.21,0
1822,2015-03-18 01:22:00,9.21,9.22,9.18,9.18,386000,9.2057,15
1823,2015-03-18 01:23:00,9.17,9.17,9.17,9.17,30000,9.17,1
1824,2015-03-18 01:24:00,9.18,9.2,9.18,9.2,74000,9.1876,6
1825,2015-03-18 01:25:00,9.18,9.18,9.18,9.18,10000,9.18,1
1826,2015-03-18 01:26:00,9.19,9.2,9.19,9.2,22000,9.1918,3
1827,2015-03-18 01:27:00,9.19,9.2,9.19,9.2,12000,9.1933,5
1828,2015-03-18 01:28:00,9.2,9.2,9.2,9.2,0,9.2,0
1829,2015-03-18 01:29:00,9.19,9.19,9.19,9.19,36000,9.19,5
1830,2015-03-18 01:30:00,9.19,9.19,9.18,9.18,82000,9.182,5
1831,2015-03-18 01:31:00,9.19,9.19,9.19,9.19,2000,9.19,1
1832,2015-03-18 01:32:00,9.18,9.18,9.18,9.18,46000,9.18,3
1833,2015-03-18 01:33:00,9.18,9.18,9.18,9.18,0,9.18,0
1834,2015-03-18 01:34:00,9.18,9.19,9.18,9.19,4000,9.185,2
1835,2015-03-18 01:35:00,9.19,9.19,9.19,9.19,0,9.19,0
1836,2015-03-18 01:36:00,9.19,9.19,9.18,9.18,54000,9.1804,3
1837,2015-03-18 01:37:00,9.18,9.18,9.18,9.18,0,9.18,0
1838,2015-03-18 01:38:00,9.18,9.2,9.18,9.2,154000,9.1829,5
1839,2015-03-18 01:39:00,9.2,9.2,9.2,9.2,2000,9.2,1
1840,2015-03-18 01:40:00,9.2,9.2,9.2,9.2,4000,9.2,2
1841,2015-03-18 01:41:00,9.2,9.2,9.2,9.2,0,9.2,0
1842,2015-03-18 01:42:00,9.19,9.19,9.19,9.19,2000,9.19,1
1843,2015-03-18 01:43:00,9.19,9.19,9.19,9.19,66000,9.19,5
1844,2015-03-18 01:44:00,9.18,9.18,9.18,9.18,26000,9.18,1
1845,2015-03-18 01:45:00,9.18,9.18,9.18,9.18,2000,9.18,1
1846,2015-03-18 01:46:00,9.19,9.19,9.19,9.19,2000,9.19,1
1847,2015-03-18 01:47:00,9.19,9.2,9.19,9.2,104000,9.1902,7
1848,2015-03-18 01:48:00,9.2,9.2,9.2,9.2,2000,9.2,1
1849,2015-03-18 01:49:00,9.2,9.2,9.2,9.2,0,9.2,0
1850,2015-03-18 01:50:00,9.2,9.2,9.2,9.2,28000,9.2,7
1851,2015-03-18 01:51:00,9.2,9.23,9.2,9.2,208000,9.2075,19
1852,2015-03-18 01:52:00,9.2,9.2,9.2,9.2,0,9.2,0
1853,2015-03-18 01:53:00,9.2,9.2,9.2,9.2,2000,9.2,1
1854,2015-03-18 01:54:00,9.2,9.2,9.2,9.2,26000,9.2,4
1855,2015-03-18 01:55:00,9.2,9.2,9.2,9.2,6000,9.2,1
1856,2015-03-18 01:56:00,9.2,9.2,9.19,9.19,4000,9.195,2
1857,2015-03-18 01:57:00,9.2,9.2,9.2,9.2,4000,9.2,1
1858,2015-03-18 01:58:00,9.2,9.2,9.19,9.2,14000,9.1986,6
1859,2015-03-18 01:59:00,9.2,9.2,9.19,9.19,44000,9.1936,5
1860,2015-03-18 02:00:00,9.19,9.19,9.18,9.18,112000,9.1877,5
1861,2015-03-18 02:01:00,9.18,9.18,9.18,9.18,0,9.18,0
1862,2015-03-18 02:02:00,9.18,9.18,9.18,9.18,2000,9.18,1
1863,2015-03-18 02:03:00,9.18,9.18,9.18,9.18,0,9.18,0
1864,2015-03-18 02:04:00,9.19,9.19,9.19,9.19,4000,9.19,2
1865,2015-03-18 02:05:00,9.18,9.18,9.18,9.18,6000,9.18,2
1866,2015-03-18 02:06:00,9.19,9.19,9.19,9.19,2000,9.19,1
1867,2015-03-18 02:07:00,9.19,9.19,9.18,9.18,6000,9.1867,3
1868,2015-03-18 02:08:00,9.18,9.18,9.18,9.18,0,9.18,0
1869,2015-03-18 02:09:00,9.19,9.19,9.17,9.17,128000,9.1798,9
1870,2015-03-18 02:10:00,9.17,9.18,9.17,9.18,174000,9.1702,9
1871,2015-03-18 02:11:00,9.17,9.18,9.17,9.17,34000,9.1782,4
1872,2015-03-18 02:12:00,9.18,9.18,9.18,9.18,36000,9.18,1
1873,2015-03-18 02:13:00,9.18,9.18,9.18,9.18,2000,9.18,1
1874,2015-03-18 02:14:00,9.18,9.19,9.18,9.19,96000,9.1858,8
1875,2015-03-18 02:15:00,9.19,9.19,9.19,9.19,16000,9.19,2
1876,2015-03-18 02:16:00,9.19,9.19,9.19,9.19,4000,9.19,2
1877,2015-03-18 02:17:00,9.19,9.19,9.19,9.19,28000,9.19,5
1878,2015-03-18 02:18:00,9.19,9.19,9.19,9.19,0,9.19,0
1879,2015-03-18 02:19:00,9.2,9.2,9.2,9.2,18000,9.2,3
1880,2015-03-18 02:20:00,9.2,9.2,9.2,9.2,8000,9.2,3
1881,2015-03-18 02:21:00,9.2,9.2,9.2,9.2,28000,9.2,5
1882,2015-03-18 02:22:00,9.2,9.2,9.19,9.2,12000,9.1967,5
1883,2015-03-18 02:23:00,9.2,9.2,9.2,9.2,12000,9.2,4
1884,2015-03-18 02:24:00,9.2,9.2,9.19,9.19,8000,9.1975,3
1885,2015-03-18 02:25:00,9.2,9.2,9.2,9.2,12000,9.2,3
1886,2015-03-18 02:26:00,9.2,9.2,9.2,9.2,10000,9.2,3
1887,2015-03-18 02:27:00,9.2,9.2,9.2,9.2,18000,9.2,3
1888,2015-03-18 02:28:00,9.2,9.2,9.18,9.18,226000,9.1901,16
1889,2015-03-18 02:29:00,9.18,9.18,9.18,9.18,0,9.18,0
1890,2015-03-18 02:30:00,9.18,9.18,9.18,9.18,36000,9.18,3
1891,2015-03-18 02:31:00,9.19,9.19,9.19,9.19,36000,9.19,8
1892,2015-03-18 02:32:00,9.18,9.18,9.18,9.18,2000,9.18,1
1893,2015-03-18 02:33:00,9.18,9.18,9.18,9.18,0,9.18,0
1894,2015-03-18 02:34:00,9.18,9.19,9.17,9.19,220000,9.1793,23
1895,2015-03-18 02:35:00,9.19,9.19,9.19,9.19,120000,9.19,4
1896,2015-03-18 02:36:00,9.19,9.19,9.19,9.19,2000,9.19,1
1897,2015-03-18 02:37:00,9.19,9.19,9.19,9.19,36000,9.19,2
1898,2015-03-18 02:38:00,9.19,9.19,9.19,9.19,2000,9.19,1
1899,2015-03-18 02:39:00,9.19,9.19,9.18,9.18,102000,9.1876,6
1900,2015-03-18 02:40:00,9.18,9.18,9.18,9.18,0,9.18,0
1901,2015-03-18 02:41:00,9.18,9.19,9.18,9.19,62000,9.1835,4
1902,2015-03-18 02:42:00,9.19,9.19,9.19,9.19,0,9.19,0
1903,2015-03-18 02:43:00,9.19,9.19,9.19,9.19,36000,9.19,5
1904,2015-03-18 02:44:00,9.19,9.19,9.19,9.19,2000,9.19,1
1905,2015-03-18 02:45:00,9.19,9.19,9.19,9.19,4000,9.19,2
1906,2015-03-18 02:46:00,9.19,9.19,9.19,9.19,0,9.19,0
1907,2015-03-18 02:47:00,9.19,9.19,9.19,9.19,2000,9.19,1
1908,2015-03-18 02:48:00,9.18,9.19,9.18,9.19,4000,9.185,2
1909,2015-03-18 02:49:00,9.19,9.19,9.19,9.19,0,9.19,0
1910,2015-03-18 02:50:00,9.19,9.19,9.18,9.19,6000,9.1867,3
1911,2015-03-18 02:51:00,9.19,9.19,9.19,9.19,10000,9.19,2
1912,2015-03-18 02:52:00,9.18,9.2,9.18,9.2,144000,9.1924,10
1913,2015-03-18 02:53:00,9.19,9.2,9.19,9.2,20000,9.193,4
1914,2015-03-18 02:54:00,9.2,9.2,9.18,9.2,36000,9.1889,4
1915,2015-03-18 02:55:00,9.2,9.2,9.19,9.19,38000,9.1916,10
1916,2015-03-18 02:56:00,9.19,9.19,9.19,9.19,10000,9.19,2
1917,2015-03-18 02:57:00,9.19,9.19,9.19,9.19,16000,9.19,4
1918,2015-03-18 02:58:00,9.19,9.2,9.18,9.19,80000,9.1903,13
1919,2015-03-18 02:59:00,9.19,9.19,9.19,9.19,44000,9.19,4
1920,2015-03-18 03:00:00,9.19,9.19,9.19,9.19,8000,9.19,2
1921,2015-03-18 03:01:00,9.18,9.18,9.18,9.18,154000,9.18,8
1922,2015-03-18 03:02:00,9.17,9.17,9.17,9.17,36000,9.17,3
1923,2015-03-18 03:03:00,9.17,9.17,9.17,9.17,0,9.17,0
1924,2015-03-18 03:04:00,9.17,9.18,9.17,9.18,118000,9.172,11
1925,2015-03-18 03:05:00,9.18,9.18,9.18,9.18,0,9.18,0
1926,2015-03-18 03:06:00,9.19,9.19,9.19,9.19,130000,9.19,6
1927,2015-03-18 03:07:00,9.19,9.19,9.19,9.19,0,9.19,0
1928,2015-03-18 03:08:00,9.19,9.2,9.19,9.2,96000,9.1988,7
1929,2015-03-18 03:09:00,9.2,9.2,9.2,9.2,2000,9.2,1
1930,2015-03-18 03:10:00,9.2,9.2,9.2,9.2,44000,9.2,5
1931,2015-03-18 03:11:00,9.2,9.2,9.2,9.2,0,9.2,0
1932,2015-03-18 03:12:00,9.2,9.2,9.18,9.18,464000,9.1895,18
1933,2015-03-18 03:13:00,9.18,9.18,9.18,9.18,0,9.18,0
1934,2015-03-18 03:14:00,9.17,9.17,9.17,9.17,6000,9.17,1
1935,2015-03-18 03:15:00,9.19,9.2,9.19,9.19,84000,9.1902,7
1936,2015-03-18 03:16:00,9.19,9.19,9.19,9.19,32000,9.19,4
1937,2015-03-18 03:17:00,9.19,9.19,9.18,9.18,18000,9.1856,3
1938,2015-03-18 03:18:00,9.19,9.19,9.19,9.19,26000,9.19,4
1939,2015-03-18 03:19:00,9.2,9.2,9.19,9.19,8000,9.1925,3
1940,2015-03-18 03:20:00,9.19,9.19,9.19,9.19,10000,9.19,1
1941,2015-03-18 03:21:00,9.2,9.2,9.2,9.2,4000,9.2,2
1942,2015-03-18 03:22:00,9.2,9.21,9.2,9.2,166000,9.2001,4
1943,2015-03-18 03:23:00,9.2,9.2,9.2,9.2,64000,9.2,4
1944,2015-03-18 03:24:00,9.19,9.2,9.19,9.2,152000,9.1901,6
1945,2015-03-18 03:25:00,9.2,9.2,9.2,9.2,0,9.2,0
1946,2015-03-18 03:26:00,9.19,9.2,9.19,9.19,16000,9.1913,6
1947,2015-03-18 03:27:00,9.18,9.2,9.18,9.2,56000,9.1811,3
1948,2015-03-18 03:28:00,9.2,9.2,9.2,9.2,2000,9.2,1
1949,2015-03-18 03:29:00,9.2,9.2,9.2,9.2,18000,9.2,2
1950,2015-03-18 03:30:00,9.2,9.21,9.2,9.2,102000,9.2002,4
1951,2015-03-18 03:31:00,9.21,9.21,9.18,9.19,454000,9.1948,14
1952,2015-03-18 03:32:00,9.18,9.19,9.18,9.19,68000,9.1894,6
1953,2015-03-18 03:33:00,9.19,9.19,9.18,9.18,8000,9.1875,2
1954,2015-03-18 03:34:00,9.18,9.2,9.18,9.2,64000,9.19,11
1955,2015-03-18 03:35:00,9.19,9.19,9.19,9.19,2000,9.19,1
1956,2015-03-18 03:36:00,9.19,9.21,9.19,9.21,136000,9.2,4
1957,2015-03-18 03:37:00,9.21,9.21,9.19,9.19,134000,9.2006,5
1958,2015-03-18 03:38:00,9.2,9.2,9.2,9.2,76000,9.2,3
1959,2015-03-18 03:39:00,9.2,9.2,9.2,9.2,2000,9.2,1
1960,2015-03-18 03:40:00,9.2,9.2,9.18,9.18,250000,9.1948,12
1961,2015-03-18 03:41:00,9.19,9.19,9.19,9.19,34000,9.19,3
1962,2015-03-18 03:42:00,9.19,9.2,9.19,9.2,52000,9.1927,7
1963,2015-03-18 03:43:00,9.19,9.21,9.19,9.2,224000,9.1998,11
1964,2015-03-18 03:44:00,9.2,9.21,9.2,9.2,76000,9.2003,11
1965,2015-03-18 03:45:00,9.21,9.21,9.21,9.21,2000,9.21,1
1966,2015-03-18 03:46:00,9.2,9.21,9.2,9.21,10000,9.206,5
1967,2015-03-18 03:47:00,9.21,9.21,9.2,9.21,244000,9.2099,13
1968,2015-03-18 03:48:00,9.21,9.21,9.18,9.2,764000,9.1973,27
1969,2015-03-18 03:49:00,9.17,9.18,9.16,9.18,36000,9.1722,8
1970,2015-03-18 03:50:00,9.17,9.18,9.17,9.17,28000,9.1714,4
1971,2015-03-18 03:51:00,9.18,9.2,9.18,9.2,162000,9.1938,16
1972,2015-03-18 03:52:00,9.2,9.2,9.19,9.2,66000,9.1997,7
1973,2015-03-18 03:53:00,9.2,9.2,9.19,9.19,90000,9.1991,12
1974,2015-03-18 03:54:00,9.2,9.2,9.19,9.2,104000,9.1998,14
1975,2015-03-18 03:55:00,9.2,9.2,9.19,9.19,90000,9.1989,11
1976,2015-03-18 03:56:00,9.2,9.2,9.2,9.2,200000,9.2,15
1977,2015-03-18 03:57:00,9.2,9.2,9.19,9.2,234000,9.1998,21
1978,2015-03-18 03:58:00,9.21,9.22,9.19,9.2,684000,9.211,30
1979,2015-03-18 03:59:00,9.2,9.22,9.18,9.22,900000,9.207,49
1980,2015-03-18 21:30:00,9.28,9.28,9.23,9.27,314000,9.2571,30
1981,2015-03-18 21:31:00,9.25,9.25,9.23,9.23,80000,9.2435,6
1982,2015-03-18 21:32:00,9.24,9.24,9.23,9.24,68000,9.2385,7
1983,2015-03-18 21:33:00,9.25,9.25,9.25,9.25,2000,9.25,1
1984,2015-03-18 21:34:00,9.25,9.28,9.25,9.27,218000,9.2642,17
1985,2015-03-18 21:35:00,9.26,9.27,9.25,9.27,56000,9.2579,7
1986,2015-03-18 21:36:00,9.26,9.26,9.24,9.24,56000,9.255,7
1987,2015-03-18 21:37:00,9.24,9.25,9.13,9.13,248000,9.2171,18
1988,2015-03-18 21:38:00,9.13,9.13,9.13,9.13,0,9.13,0
1989,2015-03-18 21:39:00,9.16,9.19,9.16,9.19,10000,9.168,4
1990,2015-03-18 21:40:00,9.16,9.16,9.16,9.16,4000,9.16,1
1991,2015-03-18 21:41:00,9.19,9.19,9.18,9.19,128000,9.1898,3
1992,2015-03-18 21:42:00,9.2,9.2,9.2,9.2,2000,9.2,1
1993,2015-03-18 21:43:00,9.2,9.21,9.2,9.21,120000,9.2018,6
1994,2015-03-18 21:44:00,9.21,9.21,9.21,9.21,0,9.21,0
1995,2015-03-18 21:45:00,9.21,9.21,9.18,9.19,144000,9.2006,9
1996,2015-03-18 21:46:00,9.19,9.19,9.19,9.19,104000,9.19,8
1997,2015-03-18 21:47:00,9.19,9.19,9.18,9.19,30000,9.1867,4
1998,2015-03-18 21:48:00,9.2,9.2,9.2,9.2,104000,9.2,4
1999,2015-03-18 21:49:00,9.2,9.2,9.2,9.2,2000,9.2,1
2000,2015-03-18 21:50:00,9.2,9.21,9.19,9.21,34000,9.1994,5
2001,2015-03-18 21:51:00,9.21,9.21,9.21,9.21,0,9.21,0
2002,2015-03-18 21:52:00,9.18,9.18,9.18,9.18,2000,9.18,1
2003,2015-03-18 21:53:00,9.19,9.2,9.19,9.2,32000,9.1925,2
2004,2015-03-18 21:54:00,9.2,9.2,9.2,9.2,10000,9.2,1
2005,2015-03-18 21:55:00,9.2,9.2,9.2,9.2,8000,9.2,1
2006,2015-03-18 21:56:00,9.2,9.2,9.18,9.18,32000,9.1863,4
2007,2015-03-18 21:57:00,9.18,9.18,9.18,9.18,0,9.18,0
2008,2015-03-18 21:58:00,9.16,9.18,9.16,9.18,6000,9.1733,3
2009,2015-03-18 21:59:00,9.18,9.18,9.18,9.18,0,9.18,0
2010,2015-03-18 22:00:00,9.17,9.18,9.16,9.18,48000,9.1667,8
2011,2015-03-18 22:01:00,9.16,9.18,9.16,9.16,6000,9.1667,3
2012,2015-03-18 22:02:00,9.16,9.16,9.15,9.15,10000,9.156,4
2013,2015-03-18 22:03:00,9.16,9.17,9.15,9.15,68000,9.1594,14
2014,2015-03-18 22:04:00,9.16,9.18,9.16,9.18,110000,9.1731,11
2015,2015-03-18 22:05:00,9.19,9.2,9.18,9.19,52000,9.1873,9
2016,2015-03-18 22:06:00,9.18,9.2,9.18,9.2,110000,9.1851,23
2017,2015-03-18 22:07:00,9.19,9.19,9.19,9.19,14000,9.19,2
2018,2015-03-18 22:08:00,9.19,9.19,9.19,9.19,0,9.19,0
2019,2015-03-18 22:09:00,9.19,9.19,9.19,9.19,0,9.19,0
2020,2015-03-18 22:10:00,9.19,9.19,9.19,9.19,0,9.19,0
2021,2015-03-18 22:11:00,9.19,9.19,9.15,9.15,188000,9.1765,14
2022,2015-03-18 22:12:00,9.15,9.16,9.15,9.16,98000,9.1592,6
2023,2015-03-18 22:13:00,9.17,9.17,9.16,9.17,16000,9.1688,4
2024,2015-03-18 22:14:00,9.16,9.18,9.16,9.18,280000,9.1624,10
2025,2015-03-18 22:15:00,9.17,9.18,9.17,9.18,44000,9.1764,7
2026,2015-03-18 22:16:00,9.18,9.18,9.18,9.18,0,9.18,0
2027,2015-03-18 22:17:00,9.18,9.22,9.18,9.21,292000,9.1921,12
2028,2015-03-18 22:18:00,9.21,9.22,9.21,9.21,54000,9.217,9
2029,2015-03-18 22:19:00,9.22,9.23,9.22,9.22,64000,9.2263,6
2030,2015-03-18 22:20:00,9.23,9.25,9.23,9.25,38000,9.2416,6
2031,2015-03-18 22:21:00,9.24,9.24,9.24,9.24,14000,9.24,3
2032,2015-03-18 22:22:00,9.24,9.24,9.24,9.24,2000,9.24,1
2033,2015-03-18 22:23:00,9.25,9.25,9.24,9.24,6000,9.2467,3
2034,2015-03-18 22:24:00,9.25,9.25,9.25,9.25,12000,9.25,1
2035,2015-03-18 22:25:00,9.25,9.25,9.25,9.25,6000,9.25,2
2036,2015-03-18 22:26:00,9.25,9.27,9.25,9.27,64000,9.2553,10
2037,2015-03-18 22:27:00,9.28,9.28,9.24,9.24,44000,9.2545,6
2038,2015-03-18 22:28:00,9.23,9.24,9.23,9.24,34000,9.2388,4
2039,2015-03-18 22:29:00,9.24,9.24,9.21,9.21,88000,9.2282,6
2040,2015-03-18 22:30:00,9.2,9.2,9.17,9.17,12000,9.1767,5
2041,2015-03-18 22:31:00,9.18,9.18,9.18,9.18,32000,9.18,1
2042,2015-03-18 22:32:00,9.18,9.19,9.18,9.19,14000,9.1886,2
2043,2015-03-18 22:33:00,9.2,9.2,9.2,9.2,20000,9.2,2
2044,2015-03-18 22:34:00,9.2,9.2,9.2,9.2,0,9.2,0
2045,2015-03-18 22:35:00,9.2,9.21,9.2,9.21,36000,9.2044,5
2046,2015-03-18 22:36:00,9.21,9.23,9.21,9.23,66000,9.2267,8
2047,2015-03-18 22:37:00,9.23,9.23,9.23,9.23,0,9.23,0
2048,2015-03-18 22:38:00,9.23,9.24,9.23,9.24,36000,9.2328,8
2049,2015-03-18 22:39:00,9.24,9.24,9.21,9.21,136000,9.2288,7
2050,2015-03-18 22:40:00,9.21,9.21,9.2,9.2,18000,9.2078,4
2051,2015-03-18 22:41:00,9.2,9.2,9.2,9.2,0,9.2,0
2052,2015-03-18 22:42:00,9.2,9.2,9.2,9.2,4000,9.2,1
2053,2015-03-18 22:43:00,9.2,9.2,9.2,9.2,4000,9.2,1
2054,2015-03-18 22:44:00,9.2,9.2,9.2,9.2,0,9.2,0
2055,2015-03-18 22:45:00,9.2,9.21,9.2,9.21,26000,9.2077,3
2056,2015-03-18 22:46:00,9.21,9.21,9.21,9.21,0,9.21,0
2057,2015-03-18 22:47:00,9.2,9.2,9.19,9.19,70000,9.1986,3
2058,2015-03-18 22:48:00,9.19,9.19,9.19,9.19,2000,9.19,1
2059,2015-03-18 22:49:00,9.18,9.19,9.18,9.19,108000,9.1835,10
2060,2015-03-18 22:50:00,9.19,9.21,9.19,9.2,294000,9.1993,9
2061,2015-03-18 22:51:00,9.19,9.19,9.18,9.18,58000,9.1831,4
2062,2015-03-18 22:52:00,9.19,9.21,9.19,9.21,220000,9.1961,6
2063,2015-03-18 22:53:00,9.19,9.19,9.19,9.19,6000,9.19,1
2064,2015-03-18 22:54:00,9.19,9.19,9.19,9.19,10000,9.19,1
2065,2015-03-18 22:55:00,9.19,9.19,9.19,9.19,0,9.19,0
2066,2015-03-18 22:56:00,9.19,9.19,9.19,9.19,2000,9.19,1
2067,2015-03-18 22:57:00,9.18,9.18,9.18,9.18,4000,9.18,2
2068,2015-03-18 22:58:00,9.18,9.19,9.18,9.18,32000,9.1844,4
2069,2015-03-18 22:59:00,9.18,9.18,9.18,9.18,0,9.18,0
2070,2015-03-18 23:00:00,9.18,9.18,9.18,9.18,0,9.18,0
2071,2015-03-18 23:01:00,9.18,9.18,9.18,9.18,0,9.18,0
2072,2015-03-18 23:02:00,9.18,9.18,9.18,9.18,0,9.18,0
2073,2015-03-18 23:03:00,9.19,9.21,9.19,9.21,178000,9.1956,9
2074,2015-03-18 23:04:00,9.21,9.21,9.2,9.2,68000,9.2059,3
2075,2015-03-18 23:05:00,9.2,9.21,9.2,9.2,42000,9.2076,5
2076,2015-03-18 23:06:00,9.21,9.21,9.2,9.2,22000,9.2091,2
2077,2015-03-18 23:07:00,9.21,9.21,9.2,9.2,24000,9.2083,3
2078,2015-03-18 23:08:00,9.2,9.2,9.2,9.2,0,9.2,0
2079,2015-03-18 23:09:00,9.2,9.21,9.2,9.2,48000,9.2071,7
2080,2015-03-18 23:10:00,9.2,9.2,9.2,9.2,2000,9.2,1
2081,2015-03-18 23:11:00,9.2,9.2,9.2,9.2,2000,9.2,1
2082,2015-03-18 23:12:00,9.21,9.22,9.2,9.22,314000,9.2109,20
2083,2015-03-18 23:13:00,9.22,9.24,9.22,9.23,344000,9.2294,16
2084,2015-03-18 23:14:00,9.22,9.23,9.22,9.22,38000,9.2253,3
2085,2015-03-18 23:15:00,9.23,9.23,9.22,9.23,44000,9.2295,4
2086,2015-03-18 23:16:00,9.23,9.23,9.23,9.23,0,9.23,0
2087,2015-03-18 23:17:00,9.23,9.24,9.23,9.24,232000,9.2316,12
2088,2015-03-18 23:18:00,9.23,9.23,9.23,9.23,20000,9.23,5
2089,2015-03-18 23:19:00,9.23,9.23,9.23,9.23,0,9.23,0
2090,2015-03-18 23:20:00,9.24,9.24,9.23,9.23,34000,9.2312,4
2091,2015-03-18 23:21:00,9.23,9.23,9.23,9.23,0,9.23,0
2092,2015-03-18 23:22:00,9.22,9.22,9.22,9.22,4000,9.22,1
2093,2015-03-18 23:23:00,9.23,9.23,9.22,9.22,160000,9.2253,14
2094,2015-03-18 23:24:00,9.22,9.22,9.22,9.22,8000,9.22,1
2095,2015-03-18 23:25:00,9.22,9.22,9.22,9.22,0,9.22,0
2096,2015-03-18 23:26:00,9.22,9.22,9.22,9.22,0,9.22,0
2097,2015-03-18 23:27:00,9.22,9.22,9.22,9.22,122000,9.22,5
2098,2015-03-18 23:28:00,9.22,9.22,9.22,9.22,4000,9.22,1
2099,2015-03-18 23:29:00,9.22,9.22,9.22,9.22,6000,9.22,2
2100,2015-03-18 23:30:00,9.22,9.22,9.22,9.22,0,9.22,0
2101,2015-03-18 23:31:00,9.22,9.22,9.22,9.22,0,9.22,0
2102,2015-03-18 23:32:00,9.22,9.22,9.22,9.22,0,9.22,0
2103,2015-03-18 23:33:00,9.22,9.22,9.22,9.22,0,9.22,0
2104,2015-03-18 23:34:00,9.22,9.22,9.22,9.22,0,9.22,0
2105,2015-03-18 23:35:00,9.22,9.22,9.22,9.22,78000,9.22,3
2106,2015-03-18 23:36:00,9.22,9.22,9.22,9.22,0,9.22,0
2107,2015-03-18 23:37:00,9.22,9.22,9.22,9.22,0,9.22,0
2108,2015-03-18 23:38:00,9.22,9.22,9.22,9.22,0,9.22,0
2109,2015-03-18 23:39:00,9.21,9.21,9.21,9.21,16000,9.21,3
2110,2015-03-18 23:40:00,9.21,9.21,9.21,9.21,0,9.21,0
2111,2015-03-18 23:41:00,9.21,9.21,9.21,9.21,0,9.21,0
2112,2015-03-18 23:42:00,9.21,9.21,9.21,9.21,0,9.21,0
2113,2015-03-18 23:43:00,9.22,9.22,9.22,9.22,8000,9.22,1
2114,2015-03-18 23:44:00,9.22,9.22,9.22,9.22,12000,9.22,1
2115,2015-03-18 23:45:00,9.21,9.22,9.21,9.22,20000,9.217,2
2116,2015-03-18 23:46:00,9.21,9.22,9.21,9.22,6000,9.2167,2
2117,2015-03-18 23:47:00,9.22,9.22,9.22,9.22,8000,9.22,3
2118,2015-03-18 23:48:00,9.22,9.24,9.22,9.23,482000,9.2267,19
2119,2015-03-18 23:49:00,9.22,9.23,9.22,9.23,28000,9.2214,5
2120,2015-03-18 23:50:00,9.23,9.23,9.23,9.23,0,9.23,0
2121,2015-03-18 23:51:00,9.23,9.23,9.23,9.23,0,9.23,0
2122,2015-03-18 23:52:00,9.22,9.23,9.22,9.22,22000,9.2227,4
2123,2015-03-18 23:53:00,9.22,9.22,9.22,9.22,2000,9.22,1
2124,2015-03-18 23:54:00,9.22,9.22,9.22,9.22,0,9.22,0
2125,2015-03-18 23:55:00,9.22,9.22,9.22,9.22,6000,9.22,1
2126,2015-03-18 23:56:00,9.23,9.23,9.23,9.23,4000,9.23,1
2127,2015-03-18 23:57:00,9.22,9.22,9.22,9.22,6000,9.22,2
2128,2015-03-18 23:58:00,9.22,9.22,9.22,9.22,0,9.22,0
2129,2015-03-18 23:59:00,9.23,9.23,9.22,9.22,50000,9.2292,9
2130,2015-03-19 01:00:00,9.22,9.22,9.2,9.2,348000,9.2103,10
2131,2015-03-19 01:01:00,9.2,9.2,9.18,9.18,78000,9.1941,9
2132,2015-03-19 01:02:00,9.18,9.18,9.18,9.18,0,9.18,0
2133,2015-03-19 01:03:00,9.18,9.19,9.18,9.19,22000,9.1891,2
2134,2015-03-19 01:04:00,9.19,9.19,9.19,9.19,0,9.19,0
2135,2015-03-19 01:05:00,9.19,9.19,9.19,9.19,32000,9.19,3
2136,2015-03-19 01:06:00,9.19,9.19,9.19,9.19,20000,9.19,4
2137,2015-03-19 01:07:00,9.19,9.19,9.19,9.19,62000,9.19,9
2138,2015-03-19 01:08:00,9.19,9.19,9.19,9.19,0,9.19,0
2139,2015-03-19 01:09:00,9.2,9.21,9.19,9.21,278000,9.2012,9
2140,2015-03-19 01:10:00,9.21,9.21,9.19,9.19,100000,9.199,4
2141,2015-03-19 01:11:00,9.19,9.19,9.19,9.19,58000,9.19,3
2142,2015-03-19 01:12:00,9.19,9.19,9.19,9.19,10000,9.19,1
2143,2015-03-19 01:13:00,9.19,9.19,9.19,9.19,0,9.19,0
2144,2015-03-19 01:14:00,9.18,9.18,9.18,9.18,8000,9.18,1
2145,2015-03-19 01:15:00,9.18,9.18,9.18,9.18,0,9.18,0
2146,2015-03-19 01:16:00,9.18,9.18,9.18,9.18,4000,9.18,2
2147,2015-03-19 01:17:00,9.18,9.19,9.18,9.18,136000,9.1801,12
2148,2015-03-19 01:18:00,9.18,9.18,9.18,9.18,26000,9.18,5
2149,2015-03-19 01:19:00,9.19,9.19,9.18,9.18,22000,9.1891,2
2150,2015-03-19 01:20:00,9.18,9.18,9.18,9.18,0,9.18,0
2151,2015-03-19 01:21:00,9.18,9.18,9.18,9.18,4000,9.18,1
2152,2015-03-19 01:22:00,9.18,9.18,9.18,9.18,92000,9.18,5
2153,2015-03-19 01:23:00,9.18,9.18,9.18,9.18,6000,9.18,2
2154,2015-03-19 01:24:00,9.18,9.18,9.18,9.18,0,9.18,0
2155,2015-03-19 01:25:00,9.18,9.18,9.18,9.18,6000,9.18,3
2156,2015-03-19 01:26:00,9.17,9.17,9.17,9.17,2000,9.17,1
2157,2015-03-19 01:27:00,9.17,9.17,9.17,9.17,104000,9.17,4
2158,2015-03-19 01:28:00,9.16,9.16,9.16,9.16,14000,9.16,3
2159,2015-03-19 01:29:00,9.15,9.15,9.14,9.15,202000,9.1482,8
2160,2015-03-19 01:30:00,9.14,9.14,9.14,9.14,8000,9.14,1
2161,2015-03-19 01:31:00,9.14,9.14,9.14,9.14,0,9.14,0
2162,2015-03-19 01:32:00,9.13,9.13,9.13,9.13,2000,9.13,1
2163,2015-03-19 01:33:00,9.13,9.13,9.13,9.13,0,9.13,0
2164,2015-03-19 01:34:00,9.13,9.13,9.13,9.13,0,9.13,0
2165,2015-03-19 01:35:00,9.13,9.13,9.13,9.13,4000,9.13,2
2166,2015-03-19 01:36:00,9.13,9.13,9.13,9.13,0,9.13,0
2167,2015-03-19 01:37:00,9.13,9.14,9.13,9.14,80000,9.1385,6
2168,2015-03-19 01:38:00,9.14,9.14,9.13,9.13,106000,9.1311,4
2169,2015-03-19 01:39:00,9.13,9.13,9.13,9.13,6000,9.13,2
2170,2015-03-19 01:40:00,9.14,9.16,9.14,9.16,134000,9.1466,10
2171,2015-03-19 01:41:00,9.16,9.16,9.15,9.15,26000,9.1592,2
2172,2015-03-19 01:42:00,9.15,9.15,9.15,9.15,0,9.15,0
2173,2015-03-19 01:43:00,9.14,9.14,9.14,9.14,10000,9.14,2
2174,2015-03-19 01:44:00,9.14,9.16,9.14,9.16,68000,9.1521,6
2175,2015-03-19 01:45:00,9.16,9.16,9.16,9.16,0,9.16,0
2176,2015-03-19 01:46:00,9.16,9.16,9.16,9.16,10000,9.16,2
2177,2015-03-19 01:47:00,9.16,9.16,9.16,9.16,0,9.16,0
2178,2015-03-19 01:48:00,9.16,9.16,9.16,9.16,0,9.16,0
2179,2015-03-19 01:49:00,9.16,9.16,9.16,9.16,0,9.16,0
2180,2015-03-19 01:50:00,9.16,9.16,9.15,9.15,52000,9.1504,2
2181,2015-03-19 01:51:00,9.16,9.16,9.15,9.15,14000,9.1586,2
2182,2015-03-19 01:52:00,9.15,9.15,9.15,9.15,40000,9.15,3
2183,2015-03-19 01:53:00,9.16,9.16,9.14,9.14,16000,9.1563,5
2184,2015-03-19 01:54:00,9.16,9.16,9.16,9.16,8000,9.16,3
2185,2015-03-19 01:55:00,9.14,9.15,9.14,9.14,16000,9.1475,5
2186,2015-03-19 01:56:00,9.14,9.14,9.14,9.14,0,9.14,0
2187,2015-03-19 01:57:00,9.14,9.15,9.14,9.15,4000,9.145,2
2188,2015-03-19 01:58:00,9.15,9.15,9.15,9.15,0,9.15,0
2189,2015-03-19 01:59:00,9.15,9.15,9.15,9.15,46000,9.15,6
2190,2015-03-19 02:00:00,9.15,9.15,9.15,9.15,0,9.15,0
2191,2015-03-19 02:01:00,9.15,9.15,9.15,9.15,0,9.15,0
2192,2015-03-19 02:02:00,9.15,9.15,9.15,9.15,0,9.15,0
2193,2015-03-19 02:03:00,9.15,9.15,9.15,9.15,0,9.15,0
2194,2015-03-19 02:04:00,9.14,9.15,9.13,9.15,184000,9.136,10
2195,2015-03-19 02:05:00,9.13,9.13,9.13,9.13,4000,9.13,1
2196,2015-03-19 02:06:00,9.14,9.14,9.13,9.13,14000,9.1386,2
2197,2015-03-19 02:07:00,9.13,9.13,9.13,9.13,2000,9.13,1
2198,2015-03-19 02:08:00,9.14,9.14,9.13,9.13,16000,9.1375,5
2199,2015-03-19 02:09:00,9.14,9.15,9.14,9.15,60000,9.1467,9
2200,2015-03-19 02:10:00,9.15,9.15,9.15,9.15,10000,9.15,2
2201,2015-03-19 02:11:00,9.15,9.15,9.15,9.15,2000,9.15,1
2202,2015-03-19 02:12:00,9.15,9.15,9.15,9.15,0,9.15,0
2203,2015-03-19 02:13:00,9.16,9.16,9.16,9.16,2000,9.16,1
2204,2015-03-19 02:14:00,9.16,9.16,9.16,9.16,2000,9.16,1
2205,2015-03-19 02:15:00,9.16,9.16,9.16,9.16,6000,9.16,2
2206,2015-03-19 02:16:00,9.16,9.16,9.15,9.16,10000,9.158,5
2207,2015-03-19 02:17:00,9.16,9.16,9.16,9.16,0,9.16,0
2208,2015-03-19 02:18:00,9.16,9.17,9.16,9.17,78000,9.1631,13
2209,2015-03-19 02:19:00,9.17,9.18,9.17,9.18,12000,9.1783,3
2210,2015-03-19 02:20:00,9.18,9.18,9.18,9.18,0,9.18,0
2211,2015-03-19 02:21:00,9.17,9.17,9.17,9.17,20000,9.17,2
2212,2015-03-19 02:22:00,9.17,9.17,9.17,9.17,0,9.17,0
2213,2015-03-19 02:23:00,9.15,9.15,9.14,9.15,106000,9.1466,9
2214,2015-03-19 02:24:00,9.16,9.16,9.16,9.16,8000,9.16,3
2215,2015-03-19 02:25:00,9.16,9.17,9.16,9.17,44000,9.1618,6
2216,2015-03-19 02:26:00,9.17,9.17,9.17,9.17,0,9.17,0
2217,2015-03-19 02:27:00,9.17,9.17,9.16,9.16,8000,9.1625,2
2218,2015-03-19 02:28:00,9.16,9.16,9.16,9.16,0,9.16,0
2219,2015-03-19 02:29:00,9.16,9.16,9.16,9.16,0,9.16,0
2220,2015-03-19 02:30:00,9.14,9.14,9.14,9.14,6000,9.14,2
2221,2015-03-19 02:31:00,9.14,9.15,9.14,9.15,12000,9.1483,2
2222,2015-03-19 02:32:00,9.16,9.16,9.16,9.16,2000,9.16,1
2223,2015-03-19 02:33:00,9.16,9.16,9.16,9.16,2000,9.16,1
2224,2015-03-19 02:34:00,9.14,9.15,9.14,9.15,8000,9.1425,3
2225,2015-03-19 02:35:00,9.15,9.16,9.15,9.16,102000,9.1516,7
2226,2015-03-19 02:36:00,9.16,9.16,9.16,9.16,22000,9.16,6
2227,2015-03-19 02:37:00,9.16,9.18,9.16,9.18,38000,9.17,5
2228,2015-03-19 02:38:00,9.17,9.17,9.16,9.16,56000,9.1661,3
2229,2015-03-19 02:39:00,9.16,9.16,9.16,9.16,0,9.16,0
2230,2015-03-19 02:40:00,9.16,9.16,9.16,9.16,0,9.16,0
2231,2015-03-19 02:41:00,9.16,9.16,9.16,9.16,0,9.16,0
2232,2015-03-19 02:42:00,9.17,9.17,9.15,9.16,130000,9.1683,9
2233,2015-03-19 02:43:00,9.16,9.16,9.16,9.16,0,9.16,0
2234,2015-03-19 02:44:00,9.16,9.16,9.16,9.16,6000,9.16,2
2235,2015-03-19 02:45:00,9.15,9.15,9.15,9.15,2000,9.15,1
2236,2015-03-19 02:46:00,9.16,9.18,9.16,9.18,82000,9.1659,9
2237,2015-03-19 02:47:00,9.17,9.17,9.16,9.17,40000,9.1695,7
2238,2015-03-19 02:48:00,9.15,9.15,9.15,9.15,2000,9.15,1
2239,2015-03-19 02:49:00,9.18,9.18,9.18,9.18,20000,9.18,1
2240,2015-03-19 02:50:00,9.16,9.16,9.15,9.16,14000,9.1557,4
2241,2015-03-19 02:51:00,9.16,9.16,9.12,9.16,68000,9.1409,4
2242,2015-03-19 02:52:00,9.16,9.18,9.16,9.18,48000,9.17,4
2243,2015-03-19 02:53:00,9.18,9.18,9.18,9.18,24000,9.18,1
2244,2015-03-19 02:54:00,9.18,9.18,9.18,9.18,20000,9.18,1
2245,2015-03-19 02:55:00,9.17,9.18,9.17,9.18,32000,9.1781,6
2246,2015-03-19 02:56:00,9.18,9.18,9.18,9.18,0,9.18,0
2247,2015-03-19 02:57:00,9.18,9.18,9.18,9.18,20000,9.18,1
2248,2015-03-19 02:58:00,9.18,9.18,9.18,9.18,0,9.18,0
2249,2015-03-19 02:59:00,9.18,9.18,9.14,9.14,90000,9.1662,6
2250,2015-03-19 03:00:00,9.14,9.14,9.14,9.14,0,9.14,0
2251,2015-03-19 03:01:00,9.14,9.14,9.14,9.14,28000,9.14,1
2252,2015-03-19 03:02:00,9.14,9.14,9.14,9.14,0,9.14,0
2253,2015-03-19 03:03:00,9.16,9.16,9.16,9.16,28000,9.16,2
2254,2015-03-19 03:04:00,9.16,9.17,9.16,9.17,30000,9.1687,3
2255,2015-03-19 03:05:00,9.17,9.17,9.17,9.17,4000,9.17,2
2256,2015-03-19 03:06:00,9.15,9.15,9.15,9.15,6000,9.15,2
2257,2015-03-19 03:07:00,9.16,9.16,9.16,9.16,22000,9.16,4
2258,2015-03-19 03:08:00,9.16,9.16,9.15,9.16,34000,9.1594,5
2259,2015-03-19 03:09:00,9.15,9.15,9.15,9.15,2000,9.15,1
2260,2015-03-19 03:10:00,9.15,9.16,9.15,9.15,30000,9.1567,5
2261,2015-03-19 03:11:00,9.17,9.17,9.17,9.17,62000,9.17,3
2262,2015-03-19 03:12:00,9.15,9.15,9.15,9.15,4000,9.15,2
2263,2015-03-19 03:13:00,9.15,9.16,9.15,9.15,34000,9.1541,3
2264,2015-03-19 03:14:00,9.15,9.15,9.14,9.14,22000,9.1482,2
2265,2015-03-19 03:15:00,9.15,9.15,9.15,9.15,28000,9.15,4
2266,2015-03-19 03:16:00,9.15,9.15,9.15,9.15,8000,9.15,1
2267,2015-03-19 03:17:00,9.15,9.16,9.15,9.16,16000,9.1538,2
2268,2015-03-19 03:18:00,9.15,9.15,9.15,9.15,28000,9.15,4
2269,2015-03-19 03:19:00,9.16,9.16,9.14,9.14,82000,9.1493,6
2270,2015-03-19 03:20:00,9.14,9.14,9.14,9.14,14000,9.14,2
2271,2015-03-19 03:21:00,9.13,9.15,9.13,9.15,82000,9.1422,5
2272,2015-03-19 03:22:00,9.15,9.15,9.15,9.15,56000,9.15,3
2273,2015-03-19 03:23:00,9.15,9.15,9.15,9.15,0,9.15,0
2274,2015-03-19 03:24:00,9.16,9.18,9.16,9.18,120000,9.1615,7
2275,2015-03-19 03:25:00,9.17,9.17,9.17,9.17,42000,9.17,2
2276,2015-03-19 03:26:00,9.18,9.18,9.17,9.17,90000,9.1731,8
2277,2015-03-19 03:27:00,9.18,9.18,9.18,9.18,14000,9.18,2
2278,2015-03-19 03:28:00,9.19,9.19,9.19,9.19,4000,9.19,1
2279,2015-03-19 03:29:00,9.18,9.18,9.17,9.17,14000,9.1786,2
2280,2015-03-19 03:30:00,9.18,9.19,9.17,9.17,24000,9.1842,6
2281,2015-03-19 03:31:00,9.19,9.19,9.18,9.19,30000,9.1853,6
2282,2015-03-19 03:32:00,9.19,9.19,9.18,9.19,152000,9.1892,13
2283,2015-03-19 03:33:00,9.19,9.2,9.18,9.18,56000,9.1939,4
2284,2015-03-19 03:34:00,9.19,9.19,9.18,9.19,22000,9.1855,8
2285,2015-03-19 03:35:00,9.19,9.19,9.18,9.18,62000,9.1881,4
2286,2015-03-19 03:36:00,9.18,9.19,9.17,9.17,122000,9.1775,10
2287,2015-03-19 03:37:00,9.18,9.18,9.18,9.18,28000,9.18,2
2288,2015-03-19 03:38:00,9.18,9.18,9.18,9.18,0,9.18,0
2289,2015-03-19 03:39:00,9.18,9.18,9.17,9.17,22000,9.1764,4
2290,2015-03-19 03:40:00,9.17,9.18,9.17,9.18,62000,9.1794,10
2291,2015-03-19 03:41:00,9.18,9.19,9.18,9.19,56000,9.185,9
2292,2015-03-19 03:42:00,9.19,9.19,9.19,9.19,32000,9.19,7
2293,2015-03-19 03:43:00,9.2,9.2,9.18,9.18,76000,9.1842,9
2294,2015-03-19 03:44:00,9.19,9.19,9.18,9.19,10000,9.188,3
2295,2015-03-19 03:45:00,9.18,9.19,9.18,9.18,24000,9.1883,4
2296,2015-03-19 03:46:00,9.19,9.22,9.19,9.22,426000,9.2054,15
2297,2015-03-19 03:47:00,9.22,9.25,9.22,9.23,282000,9.224,16
2298,2015-03-19 03:48:00,9.21,9.23,9.21,9.22,102000,9.2196,10
2299,2015-03-19 03:49:00,9.23,9.23,9.21,9.21,14000,9.2243,3
2300,2015-03-19 03:50:00,9.22,9.26,9.21,9.22,132000,9.2364,18
2301,2015-03-19 03:51:00,9.25,9.25,9.22,9.24,148000,9.2419,18
2302,2015-03-19 03:52:00,9.24,9.24,9.23,9.24,164000,9.2393,13
2303,2015-03-19 03:53:00,9.24,9.25,9.23,9.24,216000,9.2431,18
2304,2015-03-19 03:54:00,9.25,9.26,9.23,9.25,264000,9.2428,13
2305,2015-03-19 03:55:00,9.25,9.26,9.23,9.26,450000,9.2475,20
2306,2015-03-19 03:56:00,9.26,9.26,9.23,9.26,322000,9.2527,18
2307,2015-03-19 03:57:00,9.26,9.28,9.25,9.28,562000,9.2633,19
2308,2015-03-19 03:58:00,9.28,9.28,9.27,9.28,512000,9.278,36
2309,2015-03-19 03:59:00,9.28,9.29,9.26,9.29,824000,9.2819,49
2310,2015-03-19 21:30:00,9.28,9.33,9.26,9.26,150000,9.2859,11
2311,2015-03-19 21:31:00,9.25,9.25,9.19,9.19,222000,9.2185,21
2312,2015-03-19 21:32:00,9.18,9.18,9.17,9.17,6000,9.1767,3
2313,2015-03-19 21:33:00,9.18,9.18,9.18,9.18,6000,9.18,3
2314,2015-03-19 21:34:00,9.18,9.18,9.17,9.17,26000,9.1785,3
2315,2015-03-19 21:35:00,9.18,9.18,9.18,9.18,20000,9.18,1
2316,2015-03-19 21:36:00,9.18,9.22,9.18,9.22,62000,9.1845,7
2317,2015-03-19 21:37:00,9.24,9.24,9.24,9.24,2000,9.24,1
2318,2015-03-19 21:38:00,9.24,9.26,9.17,9.17,222000,9.2351,27
2319,2015-03-19 21:39:00,9.19,9.25,9.17,9.25,174000,9.193,6
2320,2015-03-19 21:40:00,9.25,9.25,9.25,9.25,0,9.25,0
2321,2015-03-19 21:41:00,9.25,9.25,9.25,9.25,0,9.25,0
2322,2015-03-19 21:42:00,9.23,9.23,9.22,9.22,60000,9.2297,7
2323,2015-03-19 21:43:00,9.24,9.27,9.24,9.24,64000,9.2497,10
2324,2015-03-19 21:44:00,9.23,9.23,9.22,9.22,20000,9.229,2
2325,2015-03-19 21:45:00,9.22,9.22,9.22,9.22,0,9.22,0
2326,2015-03-19 21:46:00,9.21,9.21,9.2,9.21,68000,9.2065,10
2327,2015-03-19 21:47:00,9.21,9.21,9.19,9.19,62000,9.2029,5
2328,2015-03-19 21:48:00,9.19,9.19,9.19,9.19,0,9.19,0
2329,2015-03-19 21:49:00,9.21,9.21,9.21,9.21,4000,9.21,1
2330,2015-03-19 21:50:00,9.19,9.19,9.19,9.19,4000,9.19,1
2331,2015-03-19 21:51:00,9.2,9.2,9.19,9.19,4000,9.195,2
2332,2015-03-19 21:52:00,9.19,9.19,9.19,9.19,4000,9.19,1
2333,2015-03-19 21:53:00,9.2,9.2,9.2,9.2,4000,9.2,2
2334,2015-03-19 21:54:00,9.2,9.2,9.2,9.2,18000,9.2,3
2335,2015-03-19 21:55:00,9.19,9.19,9.19,9.19,8000,9.19,3
2336,2015-03-19 21:56:00,9.19,9.2,9.16,9.16,88000,9.1873,4
2337,2015-03-19 21:57:00,9.14,9.14,9.14,9.14,22000,9.14,2
2338,2015-03-19 21:58:00,9.15,9.15,9.14,9.15,86000,9.1493,8
2339,2015-03-19 21:59:00,9.16,9.16,9.15,9.15,6000,9.1567,2
2340,2015-03-19 22:00:00,9.15,9.2,9.15,9.2,132000,9.1727,11
2341,2015-03-19 22:01:00,9.2,9.2,9.16,9.16,62000,9.1826,7
2342,2015-03-19 22:02:00,9.16,9.16,9.16,9.16,0,9.16,0
2343,2015-03-19 22:03:00,9.16,9.16,9.16,9.16,4000,9.16,1
2344,2015-03-19 22:04:00,9.16,9.17,9.16,9.17,44000,9.1664,5
2345,2015-03-19 22:05:00,9.18,9.18,9.18,9.18,4000,9.18,1
2346,2015-03-19 22:06:00,9.16,9.16,9.12,9.12,182000,9.1423,8
2347,2015-03-19 22:07:00,9.12,9.12,9.1,9.1,68000,9.1124,7
2348,2015-03-19 22:08:00,9.1,9.1,9.1,9.1,0,9.1,0
2349,2015-03-19 22:09:00,9.12,9.12,9.08,9.08,40000,9.098,4
2350,2015-03-19 22:10:00,9.08,9.08,9.08,9.08,4000,9.08,1
2351,2015-03-19 22:11:00,9.09,9.09,9.09,9.09,4000,9.09,2
2352,2015-03-19 22:12:00,9.09,9.09,9.08,9.09,32000,9.0888,3
2353,2015-03-19 22:13:00,9.09,9.1,9.09,9.1,36000,9.0983,4
2354,2015-03-19 22:14:00,9.09,9.09,9.09,9.09,6000,9.09,2
2355,2015-03-19 22:15:00,9.09,9.09,9.09,9.09,0,9.09,0
2356,2015-03-19 22:16:00,9.1,9.1,9.1,9.1,10000,9.1,1
2357,2015-03-19 22:17:00,9.09,9.1,9.09,9.09,158000,9.0991,8
2358,2015-03-19 22:18:00,9.1,9.1,9.1,9.1,10000,9.1,2
2359,2015-03-19 22:19:00,9.1,9.1,9.1,9.1,8000,9.1,3
2360,2015-03-19 22:20:00,9.1,9.1,9.1,9.1,0,9.1,0
2361,2015-03-19 22:21:00,9.1,9.11,9.1,9.11,54000,9.1085,5
2362,2015-03-19 22:22:00,9.1,9.1,9.1,9.1,6000,9.1,2
2363,2015-03-19 22:23:00,9.1,9.1,9.1,9.1,72000,9.1,6
2364,2015-03-19 22:24:00,9.1,9.1,9.1,9.1,6000,9.1,2
2365,2015-03-19 22:25:00,9.11,9.11,9.1,9.1,172000,9.1091,2
2366,2015-03-19 22:26:00,9.1,9.1,9.1,9.1,0,9.1,0
2367,2015-03-19 22:27:00,9.1,9.11,9.1,9.1,22000,9.1018,5
2368,2015-03-19 22:28:00,9.1,9.1,9.1,9.1,0,9.1,0
2369,2015-03-19 22:29:00,9.11,9.11,9.1,9.11,18000,9.1078,5
2370,2015-03-19 22:30:00,9.11,9.11,9.11,9.11,4000,9.11,2
2371,2015-03-19 22:31:00,9.11,9.11,9.1,9.1,12000,9.105,3
2372,2015-03-19 22:32:00,9.11,9.11,9.1,9.1,8000,9.105,2
2373,2015-03-19 22:33:00,9.1,9.1,9.1,9.1,4000,9.1,1
2374,2015-03-19 22:34:00,9.1,9.1,9.1,9.1,4000,9.1,1
2375,2015-03-19 22:35:00,9.11,9.11,9.1,9.1,12000,9.1083,3
2376,2015-03-19 22:36:00,9.1,9.1,9.08,9.08,296000,9.0938,17
2377,2015-03-19 22:37:00,9.08,9.08,9.08,9.08,18000,9.08,2
2378,2015-03-19 22:38:00,9.08,9.08,9.05,9.07,350000,9.07,15
2379,2015-03-19 22:39:00,9.07,9.07,9.06,9.07,40000,9.0685,4
2380,2015-03-19 22:40:00,9.07,9.07,9.07,9.07,0,9.07,0
2381,2015-03-19 22:41:00,9.07,9.07,9.07,9.07,4000,9.07,1
2382,2015-03-19 22:42:00,9.07,9.07,9.05,9.05,94000,9.0613,10
2383,2015-03-19 22:43:00,9.06,9.06,9.06,9.06,20000,9.06,5
2384,2015-03-19 22:44:00,9.06,9.08,9.06,9.08,116000,9.0695,9
2385,2015-03-19 22:45:00,9.06,9.06,9.06,9.06,26000,9.06,4
2386,2015-03-19 22:46:00,9.07,9.07,9.06,9.06,20000,9.062,5
2387,2015-03-19 22:47:00,9.06,9.06,9.06,9.06,4000,9.06,2
2388,2015-03-19 22:48:00,9.06,9.07,9.06,9.06,16000,9.0663,3
2389,2015-03-19 22:49:00,9.06,9.08,9.02,9.02,360000,9.0568,13
2390,2015-03-19 22:50:00,9.02,9.02,9.01,9.01,100000,9.0178,5
2391,2015-03-19 22:51:00,9.0,9.02,8.99,9.02,248000,9.0035,19
2392,2015-03-19 22:52:00,9.03,9.04,9.03,9.04,42000,9.0348,6
2393,2015-03-19 22:53:00,9.03,9.04,9.03,9.04,16000,9.0313,2
2394,2015-03-19 22:54:00,9.02,9.04,9.02,9.04,14000,9.0257,3
2395,2015-03-19 22:55:00,9.04,9.04,9.02,9.04,20000,9.031,5
2396,2015-03-19 22:56:00,9.03,9.04,9.03,9.04,36000,9.0333,4
2397,2015-03-19 22:57:00,9.04,9.04,9.03,9.03,132000,9.0389,8
2398,2015-03-19 22:58:00,9.03,9.03,8.99,8.99,98000,9.0186,10
2399,2015-03-19 22:59:00,8.99,8.99,8.99,8.99,0,8.99,0
2400,2015-03-19 23:00:00,8.99,9.0,8.99,8.99,94000,8.9985,9
2401,2015-03-19 23:01:00,9.01,9.01,8.99,8.99,126000,9.0062,13
2402,2015-03-19 23:02:00,8.99,9.01,8.99,9.01,88000,9.0009,8
2403,2015-03-19 23:03:00,9.01,9.01,9.01,9.01,0,9.01,0
2404,2015-03-19 23:04:00,9.0,9.0,8.99,9.0,34000,8.9982,7
2405,2015-03-19 23:05:00,8.99,8.99,8.99,8.99,6000,8.99,2
2406,2015-03-19 23:06:00,8.99,8.99,8.99,8.99,2000,8.99,1
2407,2015-03-19 23:07:00,8.99,8.99,8.96,8.98,214000,8.9787,17
2408,2015-03-19 23:08:00,8.98,8.98,8.98,8.98,0,8.98,0
2409,2015-03-19 23:09:00,8.97,8.98,8.97,8.97,32000,8.9763,4
2410,2015-03-19 23:10:00,8.97,8.97,8.96,8.96,50000,8.9696,6
2411,2015-03-19 23:11:00,8.97,8.98,8.96,8.96,106000,8.9664,11
2412,2015-03-19 23:12:00,8.97,8.97,8.96,8.96,18000,8.9622,5
2413,2015-03-19 23:13:00,8.95,8.95,8.93,8.94,174000,8.9452,18
2414,2015-03-19 23:14:00,8.94,8.95,8.94,8.95,190000,8.9468,10
2415,2015-03-19 23:15:00,8.95,8.95,8.95,8.95,4000,8.95,1
2416,2015-03-19 23:16:00,8.94,8.94,8.94,8.94,2000,8.94,1
2417,2015-03-19 23:17:00,8.94,8.94,8.94,8.94,6000,8.94,1
2418,2015-03-19 23:18:00,8.94,8.94,8.93,8.93,154000,8.9391,10
2419,2015-03-19 23:19:00,8.94,8.94,8.94,8.94,50000,8.94,4
2420,2015-03-19 23:20:00,8.93,8.93,8.93,8.93,14000,8.93,3
2421,2015-03-19 23:21:00,8.92,8.92,8.91,8.91,68000,8.9188,5
2422,2015-03-19 23:22:00,8.92,8.92,8.9,8.91,144000,8.9097,8
2423,2015-03-19 23:23:00,8.91,8.92,8.9,8.91,130000,8.9097,7
2424,2015-03-19 23:24:00,8.91,8.91,8.91,8.91,2000,8.91,1
2425,2015-03-19 23:25:00,8.92,8.92,8.92,8.92,76000,8.92,4
2426,2015-03-19 23:26:00,8.93,8.93,8.93,8.93,30000,8.93,1
2427,2015-03-19 23:27:00,8.93,8.93,8.93,8.93,0,8.93,0
2428,2015-03-19 23:28:00,8.94,8.94,8.94,8.94,26000,8.94,2
2429,2015-03-19 23:29:00,8.93,8.93,8.93,8.93,2000,8.93,1
2430,2015-03-19 23:30:00,8.94,8.94,8.94,8.94,2000,8.94,1
2431,2015-03-19 23:31:00,8.93,8.93,8.93,8.93,4000,8.93,1
2432,2015-03-19 23:32:00,8.95,8.97,8.93,8.97,154000,8.9496,10
2433,2015-03-19 23:33:00,8.97,8.97,8.94,8.94,88000,8.9595,11
2434,2015-03-19 23:34:00,8.96,8.96,8.93,8.96,56000,8.9475,10
2435,2015-03-19 23:35:00,8.96,8.96,8.96,8.96,0,8.96,0
2436,2015-03-19 23:36:00,8.95,8.95,8.94,8.94,30000,8.948,6
2437,2015-03-19 23:37:00,8.96,8.97,8.95,8.97,86000,8.9647,9
2438,2015-03-19 23:38:00,8.97,8.97,8.97,8.97,4000,8.97,1
2439,2015-03-19 23:39:00,8.97,8.97,8.97,8.97,0,8.97,0
2440,2015-03-19 23:40:00,8.97,8.97,8.97,8.97,2000,8.97,1
2441,2015-03-19 23:41:00,8.97,8.97,8.97,8.97,16000,8.97,4
2442,2015-03-19 23:42:00,8.97,8.97,8.97,8.97,0,8.97,0
2443,2015-03-19 23:43:00,8.97,8.97,8.97,8.97,18000,8.97,4
2444,2015-03-19 23:44:00,8.97,8.97,8.97,8.97,0,8.97,0
2445,2015-03-19 23:45:00,8.97,8.97,8.97,8.97,4000,8.97,1
2446,2015-03-19 23:46:00,8.97,8.97,8.97,8.97,4000,8.97,1
2447,2015-03-19 23:47:00,8.97,8.97,8.95,8.96,156000,8.9626,8
2448,2015-03-19 23:48:00,8.96,8.96,8.95,8.95,34000,8.9588,2
2449,2015-03-19 23:49:00,8.95,8.95,8.95,8.95,0,8.95,0
2450,2015-03-19 23:50:00,8.96,8.96,8.96,8.96,26000,8.96,2
2451,2015-03-19 23:51:00,8.96,8.96,8.96,8.96,30000,8.96,4
2452,2015-03-19 23:52:00,8.97,8.97,8.97,8.97,40000,8.97,2
2453,2015-03-19 23:53:00,8.96,8.96,8.96,8.96,6000,8.96,2
2454,2015-03-19 23:54:00,8.96,8.97,8.96,8.96,48000,8.9625,5
2455,2015-03-19 23:55:00,8.96,8.96,8.96,8.96,28000,8.96,2
2456,2015-03-19 23:56:00,8.96,8.96,8.96,8.96,4000,8.96,1
2457,2015-03-19 23:57:00,8.96,8.96,8.96,8.96,6000,8.96,1
2458,2015-03-19 23:58:00,8.97,8.97,8.96,8.96,8000,8.965,2
2459,2015-03-19 23:59:00,8.96,8.96,8.96,8.96,2000,8.96,1
2460,2015-03-20 01:00:00,8.97,8.97,8.97,8.97,2000,8.97,1
2461,2015-03-20 01:01:00,8.96,8.97,8.96,8.97,10000,8.966,3
2462,2015-03-20 01:02:00,8.97,8.98,8.96,8.98,184000,8.972,9
2463,2015-03-20 01:03:00,8.98,8.98,8.98,8.98,2000,8.98,1
2464,2015-03-20 01:04:00,8.97,8.98,8.97,8.98,100000,8.9768,6
2465,2015-03-20 01:05:00,8.98,8.98,8.98,8.98,0,8.98,0
2466,2015-03-20 01:06:00,8.98,8.98,8.98,8.98,0,8.98,0
2467,2015-03-20 01:07:00,8.98,8.98,8.97,8.97,72000,8.9794,6
2468,2015-03-20 01:08:00,8.97,8.98,8.96,8.98,236000,8.9703,11
2469,2015-03-20 01:09:00,8.98,8.98,8.98,8.98,0,8.98,0
2470,2015-03-20 01:10:00,8.99,8.99,8.98,8.99,40000,8.9895,7
2471,2015-03-20 01:11:00,8.99,8.99,8.99,8.99,46000,8.99,6
2472,2015-03-20 01:12:00,8.99,8.99,8.97,8.97,28000,8.9871,3
2473,2015-03-20 01:13:00,8.97,8.97,8.97,8.97,0,8.97,0
2474,2015-03-20 01:14:00,9.0,9.0,8.98,8.99,10000,8.986,3
2475,2015-03-20 01:15:00,8.99,8.99,8.99,8.99,0,8.99,0
2476,2015-03-20 01:16:00,8.98,8.99,8.98,8.99,62000,8.9894,6
2477,2015-03-20 01:17:00,8.99,8.99,8.99,8.99,0,8.99,0
2478,2015-03-20 01:18:00,8.98,8.99,8.98,8.98,56000,8.9818,4
2479,2015-03-20 01:19:00,8.98,8.98,8.98,8.98,6000,8.98,2
2480,2015-03-20 01:20:00,8.98,8.98,8.98,8.98,0,8.98,0
2481,2015-03-20 01:21:00,8.98,8.98,8.98,8.98,62000,8.98,7
2482,2015-03-20 01:22:00,8.99,8.99,8.98,8.99,14000,8.9886,3
2483,2015-03-20 01:23:00,8.99,9.0,8.98,8.98,112000,8.9909,7
2484,2015-03-20 01:24:00,8.98,8.98,8.98,8.98,4000,8.98,1
2485,2015-03-20 01:25:00,8.98,8.99,8.97,8.99,200000,8.9809,9
2486,2015-03-20 01:26:00,8.99,9.0,8.99,9.0,108000,8.9917,11
2487,2015-03-20 01:27:00,9.0,9.02,9.0,9.02,294000,9.0051,8
2488,2015-03-20 01:28:00,9.01,9.01,9.01,9.01,18000,9.01,1
2489,2015-03-20 01:29:00,9.01,9.02,9.01,9.02,14000,9.0171,2
2490,2015-03-20 01:30:00,9.02,9.04,9.02,9.04,186000,9.0277,10
2491,2015-03-20 01:31:00,9.05,9.05,9.04,9.04,30000,9.048,3
2492,2015-03-20 01:32:00,9.04,9.06,9.03,9.06,66000,9.0403,3
2493,2015-03-20 01:33:00,9.03,9.03,9.03,9.03,10000,9.03,2
2494,2015-03-20 01:34:00,9.03,9.03,9.03,9.03,2000,9.03,1
2495,2015-03-20 01:35:00,9.04,9.04,9.04,9.04,32000,9.04,3
2496,2015-03-20 01:36:00,9.04,9.04,9.04,9.04,12000,9.04,3
2497,2015-03-20 01:37:00,9.05,9.05,9.04,9.04,64000,9.0428,6
2498,2015-03-20 01:38:00,9.05,9.05,9.04,9.04,4000,9.045,2
2499,2015-03-20 01:39:00,9.04,9.04,9.02,9.02,90000,9.0378,8
2500,2015-03-20 01:40:00,9.03,9.03,9.03,9.03,14000,9.03,3
2501,2015-03-20 01:41:00,9.04,9.04,9.03,9.03,12000,9.0383,2
2502,2015-03-20 01:42:00,9.03,9.03,9.03,9.03,4000,9.03,1
2503,2015-03-20 01:43:00,9.03,9.03,9.02,9.02,44000,9.0295,6
2504,2015-03-20 01:44:00,9.02,9.02,9.02,9.02,0,9.02,0
2505,2015-03-20 01:45:00,9.02,9.02,9.02,9.02,10000,9.02,2
2506,2015-03-20 01:46:00,9.02,9.02,9.01,9.02,30000,9.0193,5
2507,2015-03-20 01:47:00,9.0,9.0,9.0,9.0,2000,9.0,1
2508,2015-03-20 01:48:00,9.0,9.0,9.0,9.0,0,9.0,0
2509,2015-03-20 01:49:00,9.02,9.02,9.02,9.02,34000,9.02,5
2510,2015-03-20 01:50:00,9.02,9.02,9.02,9.02,0,9.02,0
2511,2015-03-20 01:51:00,9.02,9.02,9.02,9.02,2000,9.02,1
2512,2015-03-20 01:52:00,9.02,9.02,9.01,9.01,4000,9.015,2
2513,2015-03-20 01:53:00,9.01,9.01,9.01,9.01,0,9.01,0
2514,2015-03-20 01:54:00,9.01,9.01,9.01,9.01,0,9.01,0
2515,2015-03-20 01:55:00,9.01,9.01,9.01,9.01,4000,9.01,1
2516,2015-03-20 01:56:00,9.02,9.02,9.01,9.01,22000,9.0173,4
2517,2015-03-20 01:57:00,9.01,9.01,9.01,9.01,2000,9.01,1
2518,2015-03-20 01:58:00,9.02,9.04,9.02,9.04,452000,9.0258,22
2519,2015-03-20 01:59:00,9.03,9.03,9.03,9.03,124000,9.03,5
2520,2015-03-20 02:00:00,9.03,9.03,9.03,9.03,0,9.03,0
2521,2015-03-20 02:01:00,9.03,9.03,9.03,9.03,36000,9.03,5
2522,2015-03-20 02:02:00,9.03,9.03,9.03,9.03,66000,9.03,12
2523,2015-03-20 02:03:00,9.03,9.03,9.03,9.03,0,9.03,0
2524,2015-03-20 02:04:00,9.02,9.02,9.02,9.02,2000,9.02,1
2525,2015-03-20 02:05:00,9.02,9.02,9.02,9.02,0,9.02,0
2526,2015-03-20 02:06:00,9.02,9.04,9.02,9.04,166000,9.0358,7
2527,2015-03-20 02:07:00,9.04,9.04,9.03,9.04,258000,9.0329,7
2528,2015-03-20 02:08:00,9.03,9.03,9.02,9.03,52000,9.025,5
2529,2015-03-20 02:09:00,9.02,9.02,9.02,9.02,28000,9.02,3
2530,2015-03-20 02:10:00,9.02,9.03,9.02,9.03,76000,9.0239,5
2531,2015-03-20 02:11:00,9.02,9.02,9.02,9.02,32000,9.02,3
2532,2015-03-20 02:12:00,9.02,9.03,9.02,9.03,18000,9.0278,4
2533,2015-03-20 02:13:00,9.02,9.03,9.02,9.03,152000,9.0297,5
2534,2015-03-20 02:14:00,9.03,9.04,9.03,9.04,14000,9.0371,4
2535,2015-03-20 02:15:00,9.04,9.04,9.04,9.04,0,9.04,0
2536,2015-03-20 02:16:00,9.04,9.04,9.04,9.04,42000,9.04,5
2537,2015-03-20 02:17:00,9.04,9.05,9.04,9.04,50000,9.0476,5
2538,2015-03-20 02:18:00,9.04,9.05,9.04,9.05,4000,9.045,2
2539,2015-03-20 02:19:00,9.05,9.05,9.05,9.05,0,9.05,0
2540,2015-03-20 02:20:00,9.04,9.04,9.04,9.04,108000,9.04,3
2541,2015-03-20 02:21:00,9.05,9.05,9.04,9.04,60000,9.0403,4
2542,2015-03-20 02:22:00,9.05,9.05,9.05,9.05,156000,9.05,3
2543,2015-03-20 02:23:00,9.05,9.05,9.05,9.05,70000,9.05,2
2544,2015-03-20 02:24:00,9.05,9.05,9.05,9.05,40000,9.05,2
2545,2015-03-20 02:25:00,9.05,9.05,9.05,9.05,6000,9.05,1
2546,2015-03-20 02:26:00,9.05,9.05,9.05,9.05,10000,9.05,2
2547,2015-03-20 02:27:00,9.05,9.05,9.05,9.05,16000,9.05,5
2548,2015-03-20 02:28:00,9.05,9.05,9.05,9.05,4000,9.05,1
2549,2015-03-20 02:29:00,9.06,9.06,9.05,9.05,8000,9.0525,3
2550,2015-03-20 02:30:00,9.05,9.05,9.05,9.05,2000,9.05,1
2551,2015-03-20 02:31:00,9.05,9.05,9.05,9.05,4000,9.05,1
2552,2015-03-20 02:32:00,9.05,9.05,9.05,9.05,0,9.05,0
2553,2015-03-20 02:33:00,9.05,9.05,9.05,9.05,0,9.05,0
2554,2015-03-20 02:34:00,9.05,9.05,9.05,9.05,4000,9.05,1
2555,2015-03-20 02:35:00,9.05,9.05,9.05,9.05,0,9.05,0
2556,2015-03-20 02:36:00,9.05,9.05,9.05,9.05,0,9.05,0
2557,2015-03-20 02:37:00,9.05,9.05,9.05,9.05,4000,9.05,1
2558,2015-03-20 02:38:00,9.05,9.05,9.05,9.05,0,9.05,0
2559,2015-03-20 02:39:00,9.05,9.05,9.04,9.04,338000,9.0431,15
2560,2015-03-20 02:40:00,9.05,9.05,9.05,9.05,76000,9.05,3
2561,2015-03-20 02:41:00,9.05,9.05,9.04,9.04,112000,9.0457,6
2562,2015-03-20 02:42:00,9.04,9.04,9.04,9.04,12000,9.04,5
2563,2015-03-20 02:43:00,9.04,9.04,9.04,9.04,0,9.04,0
2564,2015-03-20 02:44:00,9.04,9.04,9.04,9.04,0,9.04,0
2565,2015-03-20 02:45:00,9.04,9.04,9.04,9.04,14000,9.04,2
2566,2015-03-20 02:46:00,9.04,9.04,9.04,9.04,0,9.04,0
2567,2015-03-20 02:47:00,9.04,9.04,9.04,9.04,2000,9.04,1
2568,2015-03-20 02:48:00,9.04,9.04,9.04,9.04,4000,9.04,1
2569,2015-03-20 02:49:00,9.04,9.04,9.04,9.04,0,9.04,0
2570,2015-03-20 02:50:00,9.04,9.04,9.04,9.04,0,9.04,0
2571,2015-03-20 02:51:00,9.04,9.04,9.03,9.03,114000,9.0395,4
2572,2015-03-20 02:52:00,9.03,9.03,9.03,9.03,46000,9.03,5
2573,2015-03-20 02:53:00,9.03,9.03,9.03,9.03,0,9.03,0
2574,2015-03-20 02:54:00,9.03,9.03,9.03,9.03,0,9.03,0
2575,2015-03-20 02:55:00,9.03,9.03,9.03,9.03,4000,9.03,1
2576,2015-03-20 02:56:00,9.03,9.03,9.03,9.03,2000,9.03,1
2577,2015-03-20 02:57:00,9.03,9.03,9.03,9.03,4000,9.03,1
2578,2015-03-20 02:58:00,9.03,9.03,9.03,9.03,0,9.03,0
2579,2015-03-20 02:59:00,9.04,9.04,9.03,9.03,6000,9.0333,3
2580,2015-03-20 03:00:00,9.03,9.03,9.03,9.03,4000,9.03,1
2581,2015-03-20 03:01:00,9.03,9.03,9.03,9.03,0,9.03,0
2582,2015-03-20 03:02:00,9.03,9.03,9.03,9.03,0,9.03,0
2583,2015-03-20 03:03:00,9.03,9.04,9.03,9.04,6000,9.0333,2
2584,2015-03-20 03:04:00,9.04,9.04,9.04,9.04,194000,9.04,2
2585,2015-03-20 03:05:00,9.05,9.05,9.05,9.05,50000,9.05,9
2586,2015-03-20 03:06:00,9.04,9.04,9.04,9.04,2000,9.04,1
2587,2015-03-20 03:07:00,9.04,9.04,9.04,9.04,10000,9.04,2
2588,2015-03-20 03:08:00,9.04,9.04,9.04,9.04,0,9.04,0
2589,2015-03-20 03:09:00,9.04,9.04,9.04,9.04,4000,9.04,1
2590,2015-03-20 03:10:00,9.05,9.06,9.05,9.06,338000,9.0525,6
2591,2015-03-20 03:11:00,9.06,9.06,9.06,9.06,4000,9.06,1
2592,2015-03-20 03:12:00,9.06,9.06,9.06,9.06,0,9.06,0
2593,2015-03-20 03:13:00,9.06,9.06,9.05,9.06,148000,9.0591,7
2594,2015-03-20 03:14:00,9.06,9.06,9.06,9.06,24000,9.06,3
2595,2015-03-20 03:15:00,9.06,9.06,9.06,9.06,0,9.06,0
2596,2015-03-20 03:16:00,9.06,9.06,9.05,9.05,78000,9.0577,6
2597,2015-03-20 03:17:00,9.05,9.05,9.05,9.05,10000,9.05,4
2598,2015-03-20 03:18:00,9.05,9.05,9.05,9.05,0,9.05,0
2599,2015-03-20 03:19:00,9.05,9.05,9.05,9.05,6000,9.05,2
2600,2015-03-20 03:20:00,9.05,9.06,9.05,9.06,26000,9.0538,3
2601,2015-03-20 03:21:00,9.06,9.06,9.05,9.05,18000,9.0589,2
2602,2015-03-20 03:22:00,9.05,9.05,9.05,9.05,2000,9.05,1
2603,2015-03-20 03:23:00,9.06,9.06,9.05,9.05,20000,9.058,3
2604,2015-03-20 03:24:00,9.05,9.05,9.05,9.05,0,9.05,0
2605,2015-03-20 03:25:00,9.05,9.05,9.05,9.05,4000,9.05,1
2606,2015-03-20 03:26:00,9.06,9.06,9.05,9.06,20000,9.059,3
2607,2015-03-20 03:27:00,9.06,9.06,9.06,9.06,4000,9.06,2
2608,2015-03-20 03:28:00,9.05,9.05,9.05,9.05,4000,9.05,1
2609,2015-03-20 03:29:00,9.06,9.06,9.05,9.05,96000,9.0567,13
2610,2015-03-20 03:30:00,9.05,9.05,9.05,9.05,2000,9.05,1
2611,2015-03-20 03:31:00,9.05,9.06,9.05,9.06,26000,9.0569,5
2612,2015-03-20 03:32:00,9.06,9.06,9.05,9.06,38000,9.0579,8
2613,2015-03-20 03:33:00,9.06,9.06,9.06,9.06,6000,9.06,3
2614,2015-03-20 03:34:00,9.06,9.06,9.05,9.06,78000,9.0536,14
2615,2015-03-20 03:35:00,9.05,9.06,9.05,9.05,10000,9.054,4
2616,2015-03-20 03:36:00,9.06,9.06,9.05,9.06,36000,9.0578,7
2617,2015-03-20 03:37:00,9.06,9.06,9.06,9.06,0,9.06,0
2618,2015-03-20 03:38:00,9.06,9.06,9.05,9.06,52000,9.0565,11
2619,2015-03-20 03:39:00,9.05,9.06,9.05,9.06,6000,9.0533,3
2620,2015-03-20 03:40:00,9.06,9.06,9.06,9.06,0,9.06,0
2621,2015-03-20 03:41:00,9.06,9.06,9.05,9.06,28000,9.0579,4
2622,2015-03-20 03:42:00,9.06,9.06,9.05,9.06,30000,9.0553,12
2623,2015-03-20 03:43:00,9.05,9.06,9.05,9.06,62000,9.0523,11
2624,2015-03-20 03:44:00,9.06,9.06,9.05,9.06,56000,9.0521,13
2625,2015-03-20 03:45:00,9.06,9.06,9.05,9.05,48000,9.0592,7
2626,2015-03-20 03:46:00,9.05,9.06,9.05,9.05,26000,9.0515,5
2627,2015-03-20 03:47:00,9.05,9.05,9.05,9.05,10000,9.05,4
2628,2015-03-20 03:48:00,9.05,9.06,9.05,9.06,104000,9.0523,15
2629,2015-03-20 03:49:00,9.05,9.06,9.05,9.05,44000,9.0532,14
2630,2015-03-20 03:50:00,9.06,9.06,9.05,9.06,18000,9.0544,7
2631,2015-03-20 03:51:00,9.05,9.06,9.05,9.06,26000,9.0562,8
2632,2015-03-20 03:52:00,9.05,9.06,9.05,9.06,16000,9.055,3
2633,2015-03-20 03:53:00,9.06,9.06,9.05,9.05,44000,9.0509,7
2634,2015-03-20 03:54:00,9.05,9.06,9.05,9.06,18000,9.0522,5
2635,2015-03-20 03:55:00,9.05,9.06,9.05,9.05,74000,9.0568,19
2636,2015-03-20 03:56:00,9.05,9.06,9.05,9.05,58000,9.0576,9
2637,2015-03-20 03:57:00,9.06,9.06,9.05,9.05,488000,9.0514,36
2638,2015-03-20 03:58:00,9.05,9.06,9.05,9.06,288000,9.0529,24
2639,2015-03-20 03:59:00,9.05,9.06,9.04,9.05,2652000,9.052,133
2640,2015-03-22 21:30:00,9.05,9.13,9.05,9.12,22000,9.12,6
2641,2015-03-22 21:31:00,9.13,9.14,9.09,9.1,226000,9.1126,29
2642,2015-03-22 21:32:00,9.1,9.1,9.1,9.1,0,9.1,0
2643,2015-03-22 21:33:00,9.1,9.1,9.09,9.09,4000,9.095,2
2644,2015-03-22 21:34:00,9.07,9.07,9.05,9.05,42000,9.0605,6
2645,2015-03-22 21:35:00,9.05,9.05,9.05,9.05,0,9.05,0
2646,2015-03-22 21:36:00,9.05,9.05,9.05,9.05,0,9.05,0
2647,2015-03-22 21:37:00,9.04,9.04,9.0,9.02,94000,9.0302,9
2648,2015-03-22 21:38:00,9.02,9.02,9.0,9.01,18000,9.0144,4
2649,2015-03-22 21:39:00,9.0,9.0,9.0,9.0,2000,9.0,1
2650,2015-03-22 21:40:00,9.0,9.09,9.0,9.08,286000,9.0422,19
2651,2015-03-22 21:41:00,9.04,9.06,9.03,9.04,124000,9.0394,5
2652,2015-03-22 21:42:00,9.02,9.02,9.02,9.02,4000,9.02,2
2653,2015-03-22 21:43:00,9.03,9.03,9.03,9.03,2000,9.03,1
2654,2015-03-22 21:44:00,9.04,9.04,9.04,9.04,2000,9.04,1
2655,2015-03-22 21:45:00,9.04,9.04,9.04,9.04,6000,9.04,2
2656,2015-03-22 21:46:00,9.04,9.04,9.02,9.02,38000,9.0326,8
2657,2015-03-22 21:47:00,9.01,9.01,9.01,9.01,24000,9.01,3
2658,2015-03-22 21:48:00,9.01,9.04,9.0,9.04,324000,9.011,24
2659,2015-03-22 21:49:00,9.02,9.06,9.02,9.06,4000,9.04,2
2660,2015-03-22 21:50:00,9.03,9.03,9.03,9.03,2000,9.03,1
2661,2015-03-22 21:51:00,9.03,9.06,9.03,9.06,12000,9.05,3
2662,2015-03-22 21:52:00,9.04,9.08,9.04,9.08,18000,9.06,5
2663,2015-03-22 21:53:00,9.06,9.06,9.06,9.06,2000,9.06,1
2664,2015-03-22 21:54:00,9.06,9.08,9.06,9.08,6000,9.07,3
2665,2015-03-22 21:55:00,9.08,9.16,9.08,9.16,302000,9.1019,18
2666,2015-03-22 21:56:00,9.15,9.2,9.15,9.15,168000,9.1608,19
2667,2015-03-22 21:57:00,9.15,9.15,9.15,9.15,4000,9.15,1
2668,2015-03-22 21:58:00,9.15,9.16,9.15,9.16,4000,9.155,2
2669,2015-03-22 21:59:00,9.18,9.26,9.18,9.23,216000,9.2057,21
2670,2015-03-22 22:00:00,9.21,9.22,9.18,9.18,110000,9.1996,8
2671,2015-03-22 22:01:00,9.16,9.16,9.16,9.16,6000,9.16,2
2672,2015-03-22 22:02:00,9.16,9.16,9.16,9.16,6000,9.16,2
2673,2015-03-22 22:03:00,9.16,9.16,9.15,9.15,22000,9.1591,3
2674,2015-03-22 22:04:00,9.15,9.15,9.15,9.15,10000,9.15,5
2675,2015-03-22 22:05:00,9.15,9.15,9.12,9.14,42000,9.1424,6
2676,2015-03-22 22:06:00,9.12,9.12,9.12,9.12,2000,9.12,1
2677,2015-03-22 22:07:00,9.14,9.14,9.12,9.12,66000,9.1309,10
2678,2015-03-22 22:08:00,9.12,9.12,9.1,9.1,26000,9.1169,3
2679,2015-03-22 22:09:00,9.11,9.11,9.1,9.1,14000,9.1071,7
2680,2015-03-22 22:10:00,9.11,9.11,9.1,9.11,40000,9.109,8
2681,2015-03-22 22:11:00,9.11,9.11,9.11,9.11,60000,9.11,6
2682,2015-03-22 22:12:00,9.11,9.15,9.11,9.15,96000,9.1204,7
2683,2015-03-22 22:13:00,9.15,9.15,9.15,9.15,0,9.15,0
2684,2015-03-22 22:14:00,9.14,9.14,9.12,9.12,4000,9.13,2
2685,2015-03-22 22:15:00,9.12,9.12,9.12,9.12,2000,9.12,1
2686,2015-03-22 22:16:00,9.12,9.12,9.12,9.12,16000,9.12,3
2687,2015-03-22 22:17:00,9.12,9.12,9.1,9.1,4000,9.11,2
2688,2015-03-22 22:18:00,9.1,9.1,9.1,9.1,2000,9.1,1
2689,2015-03-22 22:19:00,9.1,9.11,9.1,9.11,8000,9.1075,4
2690,2015-03-22 22:20:00,9.11,9.11,9.1,9.1,4000,9.105,2
2691,2015-03-22 22:21:00,9.12,9.15,9.12,9.14,132000,9.1265,10
2692,2015-03-22 22:22:00,9.14,9.14,9.12,9.12,20000,9.133,4
2693,2015-03-22 22:23:00,9.13,9.13,9.13,9.13,12000,9.13,3
2694,2015-03-22 22:24:00,9.12,9.12,9.12,9.12,2000,9.12,1
2695,2015-03-22 22:25:00,9.12,9.12,9.1,9.1,40000,9.117,4
2696,2015-03-22 22:26:00,9.11,9.11,9.11,9.11,2000,9.11,1
2697,2015-03-22 22:27:00,9.11,9.11,9.11,9.11,2000,9.11,1
2698,2015-03-22 22:28:00,9.11,9.12,9.11,9.12,38000,9.1189,9
2699,2015-03-22 22:29:00,9.12,9.12,9.12,9.12,0,9.12,0
2700,2015-03-22 22:30:00,9.11,9.11,9.11,9.11,40000,9.11,1
2701,2015-03-22 22:31:00,9.11,9.11,9.1,9.1,14000,9.1086,2
2702,2015-03-22 22:32:00,9.1,9.1,9.1,9.1,2000,9.1,1
2703,2015-03-22 22:33:00,9.1,9.1,9.1,9.1,0,9.1,0
2704,2015-03-22 22:34:00,9.1,9.12,9.1,9.1,40000,9.11,7
2705,2015-03-22 22:35:00,9.1,9.11,9.09,9.1,50000,9.1,7
2706,2015-03-22 22:36:00,9.1,9.1,9.09,9.09,24000,9.0992,5
2707,2015-03-22 22:37:00,9.09,9.11,9.09,9.11,12000,9.0933,3
2708,2015-03-22 22:38:00,9.09,9.15,9.09,9.13,136000,9.11,8
2709,2015-03-22 22:39:00,9.11,9.13,9.11,9.11,6000,9.1167,3
2710,2015-03-22 22:40:00,9.13,9.15,9.13,9.15,38000,9.1332,5
2711,2015-03-22 22:41:00,9.14,9.14,9.13,9.14,64000,9.1344,10
2712,2015-03-22 22:42:00,9.14,9.14,9.14,9.14,0,9.14,0
2713,2015-03-22 22:43:00,9.13,9.15,9.1,9.1,360000,9.1094,7
2714,2015-03-22 22:44:00,9.1,9.1,9.09,9.09,18000,9.0989,4
2715,2015-03-22 22:45:00,9.1,9.13,9.1,9.11,176000,9.1099,6
2716,2015-03-22 22:46:00,9.15,9.15,9.15,9.15,20000,9.15,1
2717,2015-03-22 22:47:00,9.14,9.14,9.14,9.14,4000,9.14,1
2718,2015-03-22 22:48:00,9.14,9.14,9.13,9.13,4000,9.135,2
2719,2015-03-22 22:49:00,9.14,9.14,9.13,9.13,78000,9.1362,11
2720,2015-03-22 22:50:00,9.12,9.12,9.12,9.12,2000,9.12,1
2721,2015-03-22 22:51:00,9.12,9.12,9.12,9.12,4000,9.12,2
2722,2015-03-22 22:52:00,9.12,9.14,9.12,9.14,4000,9.13,2
2723,2015-03-22 22:53:00,9.14,9.14,9.13,9.14,36000,9.1389,9
2724,2015-03-22 22:54:00,9.13,9.14,9.13,9.13,28000,9.1307,5
2725,2015-03-22 22:55:00,9.13,9.14,9.13,9.14,20000,9.134,5
2726,2015-03-22 22:56:00,9.14,9.14,9.14,9.14,0,9.14,0
2727,2015-03-22 22:57:00,9.13,9.13,9.13,9.13,2000,9.13,1
2728,2015-03-22 22:58:00,9.14,9.17,9.14,9.17,82000,9.1495,10
2729,2015-03-22 22:59:00,9.15,9.15,9.15,9.15,50000,9.15,1
2730,2015-03-22 23:00:00,9.14,9.14,9.14,9.14,2000,9.14,1
2731,2015-03-22 23:01:00,9.15,9.16,9.15,9.16,30000,9.158,7
2732,2015-03-22 23:02:00,9.16,9.17,9.16,9.17,64000,9.1622,8
2733,2015-03-22 23:03:00,9.15,9.15,9.14,9.14,76000,9.1482,4
2734,2015-03-22 23:04:00,9.17,9.17,9.17,9.17,20000,9.17,2
2735,2015-03-22 23:05:00,9.14,9.15,9.14,9.14,26000,9.1415,5
2736,2015-03-22 23:06:00,9.17,9.17,9.14,9.16,60000,9.162,5
2737,2015-03-22 23:07:00,9.15,9.15,9.14,9.14,4000,9.145,2
2738,2015-03-22 23:08:00,9.15,9.15,9.14,9.14,8000,9.145,3
2739,2015-03-22 23:09:00,9.14,9.14,9.14,9.14,8000,9.14,2
2740,2015-03-22 23:10:00,9.14,9.14,9.14,9.14,2000,9.14,1
2741,2015-03-22 23:11:00,9.15,9.15,9.15,9.15,18000,9.15,7
2742,2015-03-22 23:12:00,9.14,9.16,9.14,9.16,8000,9.1525,3
2743,2015-03-22 23:13:00,9.15,9.15,9.15,9.15,12000,9.15,3
2744,2015-03-22 23:14:00,9.15,9.15,9.15,9.15,52000,9.15,4
2745,2015-03-22 23:15:00,9.14,9.14,9.13,9.13,58000,9.1369,8
2746,2015-03-22 23:16:00,9.12,9.13,9.12,9.12,18000,9.1278,5
2747,2015-03-22 23:17:00,9.14,9.17,9.14,9.16,100000,9.1456,10
2748,2015-03-22 23:18:00,9.16,9.16,9.16,9.16,28000,9.16,3
2749,2015-03-22 23:19:00,9.14,9.14,9.14,9.14,2000,9.14,1
2750,2015-03-22 23:20:00,9.14,9.14,9.14,9.14,2000,9.14,1
2751,2015-03-22 23:21:00,9.14,9.16,9.14,9.15,20000,9.147,4
2752,2015-03-22 23:22:00,9.15,9.16,9.15,9.15,14000,9.1514,4
2753,2015-03-22 23:23:00,9.16,9.16,9.15,9.15,30000,9.1587,4
2754,2015-03-22 23:24:00,9.15,9.16,9.15,9.15,10000,9.152,4
2755,2015-03-22 23:25:00,9.14,9.14,9.14,9.14,4000,9.14,2
2756,2015-03-22 23:26:00,9.15,9.15,9.15,9.15,2000,9.15,1
2757,2015-03-22 23:27:00,9.15,9.15,9.15,9.15,4000,9.15,1
2758,2015-03-22 23:28:00,9.15,9.16,9.14,9.14,44000,9.1482,5
2759,2015-03-22 23:29:00,9.14,9.14,9.13,9.13,34000,9.1371,4
2760,2015-03-22 23:30:00,9.13,9.14,9.13,9.14,26000,9.1315,8
2761,2015-03-22 23:31:00,9.13,9.16,9.13,9.16,78000,9.1467,6
2762,2015-03-22 23:32:00,9.15,9.16,9.15,9.16,4000,9.155,2
2763,2015-03-22 23:33:00,9.15,9.15,9.15,9.15,4000,9.15,2
2764,2015-03-22 23:34:00,9.16,9.17,9.16,9.17,30000,9.1607,2
2765,2015-03-22 23:35:00,9.17,9.17,9.17,9.17,2000,9.17,1
2766,2015-03-22 23:36:00,9.16,9.17,9.16,9.17,8000,9.1675,4
2767,2015-03-22 23:37:00,9.17,9.19,9.17,9.18,78000,9.1772,7
2768,2015-03-22 23:38:00,9.18,9.19,9.18,9.19,4000,9.185,2
2769,2015-03-22 23:39:00,9.18,9.18,9.18,9.18,76000,9.18,2
2770,2015-03-22 23:40:00,9.18,9.2,9.18,9.2,142000,9.1869,4
2771,2015-03-22 23:41:00,9.2,9.2,9.2,9.2,14000,9.2,3
2772,2015-03-22 23:42:00,9.2,9.2,9.2,9.2,0,9.2,0
2773,2015-03-22 23:43:00,9.2,9.2,9.19,9.19,6000,9.1933,3
2774,2015-03-22 23:44:00,9.19,9.19,9.18,9.18,142000,9.1899,3
2775,2015-03-22 23:45:00,9.18,9.18,9.18,9.18,2000,9.18,1
2776,2015-03-22 23:46:00,9.18,9.18,9.18,9.18,40000,9.18,2
2777,2015-03-22 23:47:00,9.18,9.18,9.18,9.18,26000,9.18,3
2778,2015-03-22 23:48:00,9.17,9.17,9.17,9.17,2000,9.17,1
2779,2015-03-22 23:49:00,9.17,9.17,9.17,9.17,0,9.17,0
2780,2015-03-22 23:50:00,9.17,9.17,9.17,9.17,34000,9.17,2
2781,2015-03-22 23:51:00,9.16,9.16,9.16,9.16,40000,9.16,2
2782,2015-03-22 23:52:00,9.16,9.16,9.16,9.16,2000,9.16,1
2783,2015-03-22 23:53:00,9.15,9.16,9.15,9.16,8000,9.1575,2
2784,2015-03-22 23:54:00,9.15,9.15,9.15,9.15,12000,9.15,4
2785,2015-03-22 23:55:00,9.15,9.15,9.15,9.15,2000,9.15,1
2786,2015-03-22 23:56:00,9.15,9.16,9.15,9.16,6000,9.1567,3
2787,2015-03-22 23:57:00,9.15,9.15,9.15,9.15,4000,9.15,2
2788,2015-03-22 23:58:00,9.15,9.16,9.15,9.16,32000,9.1594,3
2789,2015-03-22 23:59:00,9.15,9.18,9.15,9.18,80000,9.1623,7
2790,2015-03-23 01:00:00,9.17,9.2,9.17,9.2,130000,9.1952,10
2791,2015-03-23 01:01:00,9.21,9.21,9.2,9.2,8000,9.2025,3
2792,2015-03-23 01:02:00,9.2,9.2,9.18,9.18,86000,9.1928,9
2793,2015-03-23 01:03:00,9.18,9.18,9.18,9.18,2000,9.18,1
2794,2015-03-23 01:04:00,9.18,9.19,9.18,9.19,26000,9.1808,5
2795,2015-03-23 01:05:00,9.18,9.18,9.17,9.17,28000,9.1793,4
2796,2015-03-23 01:06:00,9.18,9.18,9.18,9.18,6000,9.18,2
2797,2015-03-23 01:07:00,9.17,9.17,9.17,9.17,2000,9.17,1
2798,2015-03-23 01:08:00,9.17,9.17,9.16,9.16,24000,9.1692,4
2799,2015-03-23 01:09:00,9.17,9.17,9.17,9.17,2000,9.17,1
2800,2015-03-23 01:10:00,9.16,9.21,9.16,9.21,110000,9.1816,10
2801,2015-03-23 01:11:00,9.2,9.21,9.19,9.19,44000,9.1968,7
2802,2015-03-23 01:12:00,9.18,9.2,9.18,9.18,6000,9.1867,3
2803,2015-03-23 01:13:00,9.18,9.18,9.18,9.18,0,9.18,0
2804,2015-03-23 01:14:00,9.19,9.19,9.19,9.19,2000,9.19,1
2805,2015-03-23 01:15:00,9.19,9.19,9.19,9.19,8000,9.19,2
2806,2015-03-23 01:16:00,9.19,9.19,9.19,9.19,2000,9.19,1
2807,2015-03-23 01:17:00,9.19,9.19,9.17,9.17,44000,9.1859,6
2808,2015-03-23 01:18:00,9.17,9.17,9.16,9.16,30000,9.1687,5
2809,2015-03-23 01:19:00,9.16,9.17,9.15,9.16,18000,9.16,4
2810,2015-03-23 01:20:00,9.15,9.15,9.15,9.15,26000,9.15,3
2811,2015-03-23 01:21:00,9.15,9.15,9.15,9.15,0,9.15,0
2812,2015-03-23 01:22:00,9.15,9.15,9.15,9.15,2000,9.15,1
2813,2015-03-23 01:23:00,9.15,9.15,9.15,9.15,4000,9.15,2
2814,2015-03-23 01:24:00,9.16,9.16,9.15,9.15,4000,9.155,2
2815,2015-03-23 01:25:00,9.16,9.19,9.16,9.19,82000,9.1661,7
2816,2015-03-23 01:26:00,9.19,9.19,9.18,9.18,10000,9.182,3
2817,2015-03-23 01:27:00,9.18,9.19,9.17,9.19,28000,9.18,6
2818,2015-03-23 01:28:00,9.17,9.17,9.17,9.17,6000,9.17,2
2819,2015-03-23 01:29:00,9.17,9.17,9.17,9.17,6000,9.17,3
2820,2015-03-23 01:30:00,9.17,9.22,9.17,9.22,134000,9.1936,13
2821,2015-03-23 01:31:00,9.22,9.22,9.21,9.21,68000,9.2103,3
2822,2015-03-23 01:32:00,9.21,9.22,9.21,9.21,46000,9.2104,4
2823,2015-03-23 01:33:00,9.2,9.22,9.19,9.22,98000,9.2024,7
2824,2015-03-23 01:34:00,9.2,9.22,9.2,9.2,8000,9.2075,4
2825,2015-03-23 01:35:00,9.2,9.2,9.2,9.2,2000,9.2,1
2826,2015-03-23 01:36:00,9.2,9.22,9.2,9.22,90000,9.2124,12
2827,2015-03-23 01:37:00,9.22,9.22,9.22,9.22,2000,9.22,1
2828,2015-03-23 01:38:00,9.21,9.22,9.21,9.22,32000,9.2194,3
2829,2015-03-23 01:39:00,9.21,9.22,9.21,9.21,36000,9.2122,8
2830,2015-03-23 01:40:00,9.22,9.22,9.2,9.2,112000,9.2046,8
2831,2015-03-23 01:41:00,9.2,9.2,9.19,9.19,46000,9.1991,5
2832,2015-03-23 01:42:00,9.2,9.2,9.19,9.19,6000,9.1933,3
2833,2015-03-23 01:43:00,9.19,9.19,9.19,9.19,4000,9.19,2
2834,2015-03-23 01:44:00,9.19,9.2,9.19,9.2,16000,9.1975,3
2835,2015-03-23 01:45:00,9.2,9.2,9.2,9.2,0,9.2,0
2836,2015-03-23 01:46:00,9.19,9.2,9.19,9.2,10000,9.196,5
2837,2015-03-23 01:47:00,9.19,9.2,9.17,9.17,142000,9.1865,10
2838,2015-03-23 01:48:00,9.17,9.17,9.16,9.16,14000,9.1686,4
2839,2015-03-23 01:49:00,9.17,9.17,9.16,9.16,20000,9.165,3
2840,2015-03-23 01:50:00,9.16,9.16,9.16,9.16,4000,9.16,2
2841,2015-03-23 01:51:00,9.17,9.17,9.16,9.16,8000,9.1625,4
2842,2015-03-23 01:52:00,9.16,9.16,9.16,9.16,34000,9.16,4
2843,2015-03-23 01:53:00,9.15,9.16,9.15,9.16,10000,9.154,5
2844,2015-03-23 01:54:00,9.15,9.15,9.15,9.15,12000,9.15,3
2845,2015-03-23 01:55:00,9.15,9.2,9.15,9.18,132000,9.1702,15
2846,2015-03-23 01:56:00,9.2,9.2,9.18,9.18,64000,9.185,12
2847,2015-03-23 01:57:00,9.17,9.17,9.17,9.17,6000,9.17,2
2848,2015-03-23 01:58:00,9.17,9.17,9.16,9.16,20000,9.168,4
2849,2015-03-23 01:59:00,9.16,9.16,9.16,9.16,2000,9.16,1
2850,2015-03-23 02:00:00,9.16,9.16,9.16,9.16,0,9.16,0
2851,2015-03-23 02:01:00,9.16,9.16,9.16,9.16,0,9.16,0
2852,2015-03-23 02:02:00,9.17,9.17,9.17,9.17,2000,9.17,1
2853,2015-03-23 02:03:00,9.17,9.17,9.16,9.16,12000,9.165,6
2854,2015-03-23 02:04:00,9.17,9.17,9.16,9.16,34000,9.1618,5
2855,2015-03-23 02:05:00,9.16,9.16,9.16,9.16,2000,9.16,1
2856,2015-03-23 02:06:00,9.16,9.17,9.16,9.16,28000,9.1629,9
2857,2015-03-23 02:07:00,9.16,9.16,9.16,9.16,12000,9.16,4
2858,2015-03-23 02:08:00,9.16,9.16,9.16,9.16,0,9.16,0
2859,2015-03-23 02:09:00,9.15,9.16,9.14,9.15,108000,9.1515,12
2860,2015-03-23 02:10:00,9.16,9.16,9.14,9.16,26000,9.1454,5
2861,2015-03-23 02:11:00,9.14,9.2,9.14,9.2,280000,9.1713,34
2862,2015-03-23 02:12:00,9.2,9.2,9.2,9.2,12000,9.2,2
2863,2015-03-23 02:13:00,9.2,9.2,9.2,9.2,0,9.2,0
2864,2015-03-23 02:14:00,9.19,9.19,9.19,9.19,4000,9.19,2
2865,2015-03-23 02:15:00,9.18,9.18,9.18,9.18,4000,9.18,1
2866,2015-03-23 02:16:00,9.18,9.18,9.18,9.18,4000,9.18,1
2867,2015-03-23 02:17:00,9.19,9.19,9.19,9.19,2000,9.19,1
2868,2015-03-23 02:18:00,9.19,9.19,9.19,9.19,0,9.19,0
2869,2015-03-23 02:19:00,9.19,9.2,9.19,9.19,18000,9.1922,4
2870,2015-03-23 02:20:00,9.2,9.2,9.19,9.2,12000,9.1967,5
2871,2015-03-23 02:21:00,9.2,9.2,9.2,9.2,0,9.2,0
2872,2015-03-23 02:22:00,9.19,9.2,9.19,9.19,8000,9.1925,3
2873,2015-03-23 02:23:00,9.19,9.19,9.19,9.19,0,9.19,0
2874,2015-03-23 02:24:00,9.19,9.19,9.17,9.17,102000,9.1871,4
2875,2015-03-23 02:25:00,9.17,9.17,9.17,9.17,0,9.17,0
2876,2015-03-23 02:26:00,9.17,9.17,9.17,9.17,20000,9.17,3
2877,2015-03-23 02:27:00,9.17,9.17,9.17,9.17,0,9.17,0
2878,2015-03-23 02:28:00,9.16,9.16,9.16,9.16,4000,9.16,1
2879,2015-03-23 02:29:00,9.17,9.2,9.17,9.19,204000,9.1809,17
2880,2015-03-23 02:30:00,9.19,9.19,9.19,9.19,2000,9.19,1
2881,2015-03-23 02:31:00,9.19,9.19,9.19,9.19,4000,9.19,1
2882,2015-03-23 02:32:00,9.19,9.2,9.19,9.2,10000,9.194,3
2883,2015-03-23 02:33:00,9.2,9.2,9.2,9.2,2000,9.2,1
2884,2015-03-23 02:34:00,9.2,9.2,9.2,9.2,102000,9.2,11
2885,2015-03-23 02:35:00,9.2,9.2,9.2,9.2,38000,9.2,1
2886,2015-03-23 02:36:00,9.2,9.2,9.2,9.2,0,9.2,0
2887,2015-03-23 02:37:00,9.2,9.2,9.2,9.2,40000,9.2,7
2888,2015-03-23 02:38:00,9.2,9.2,9.17,9.18,160000,9.1886,16
2889,2015-03-23 02:39:00,9.17,9.17,9.17,9.17,30000,9.17,4
2890,2015-03-23 02:40:00,9.17,9.17,9.17,9.17,4000,9.17,1
2891,2015-03-23 02:41:00,9.18,9.18,9.17,9.17,32000,9.1769,5
2892,2015-03-23 02:42:00,9.17,9.17,9.17,9.17,0,9.17,0
2893,2015-03-23 02:43:00,9.17,9.2,9.17,9.2,156000,9.1829,7
2894,2015-03-23 02:44:00,9.2,9.2,9.2,9.2,0,9.2,0
2895,2015-03-23 02:45:00,9.2,9.2,9.2,9.2,18000,9.2,5
2896,2015-03-23 02:46:00,9.2,9.21,9.2,9.21,90000,9.2002,3
2897,2015-03-23 02:47:00,9.21,9.21,9.21,9.21,0,9.21,0
2898,2015-03-23 02:48:00,9.21,9.21,9.21,9.21,2000,9.21,1
2899,2015-03-23 02:49:00,9.21,9.21,9.21,9.21,8000,9.21,2
2900,2015-03-23 02:50:00,9.21,9.21,9.2,9.2,62000,9.2013,4
2901,2015-03-23 02:51:00,9.2,9.2,9.2,9.2,4000,9.2,1
2902,2015-03-23 02:52:00,9.2,9.21,9.2,9.2,140000,9.2001,7
2903,2015-03-23 02:53:00,9.2,9.2,9.2,9.2,144000,9.2,2
2904,2015-03-23 02:54:00,9.2,9.21,9.2,9.21,56000,9.2004,4
2905,2015-03-23 02:55:00,9.2,9.2,9.2,9.2,4000,9.2,1
2906,2015-03-23 02:56:00,9.2,9.21,9.2,9.21,50000,9.204,7
2907,2015-03-23 02:57:00,9.2,9.21,9.2,9.2,46000,9.2004,7
2908,2015-03-23 02:58:00,9.2,9.2,9.2,9.2,28000,9.2,5
2909,2015-03-23 02:59:00,9.2,9.2,9.2,9.2,16000,9.2,4
2910,2015-03-23 03:00:00,9.2,9.2,9.2,9.2,16000,9.2,4
2911,2015-03-23 03:01:00,9.2,9.21,9.2,9.21,52000,9.2054,14
2912,2015-03-23 03:02:00,9.2,9.21,9.2,9.2,44000,9.2055,11
2913,2015-03-23 03:03:00,9.2,9.22,9.2,9.22,174000,9.2129,13
2914,2015-03-23 03:04:00,9.22,9.23,9.21,9.22,206000,9.2235,13
2915,2015-03-23 03:05:00,9.22,9.22,9.21,9.21,22000,9.2182,5
2916,2015-03-23 03:06:00,9.22,9.22,9.22,9.22,22000,9.22,4
2917,2015-03-23 03:07:00,9.21,9.22,9.21,9.22,34000,9.2135,7
2918,2015-03-23 03:08:00,9.21,9.22,9.21,9.21,78000,9.2123,14
2919,2015-03-23 03:09:00,9.21,9.21,9.21,9.21,8000,9.21,2
2920,2015-03-23 03:10:00,9.21,9.22,9.21,9.22,30000,9.2147,7
2921,2015-03-23 03:11:00,9.22,9.22,9.21,9.22,14000,9.2129,5
2922,2015-03-23 03:12:00,9.21,9.22,9.21,9.21,32000,9.2131,8
2923,2015-03-23 03:13:00,9.21,9.22,9.21,9.21,18000,9.2111,5
2924,2015-03-23 03:14:00,9.21,9.21,9.2,9.2,102000,9.2088,13
2925,2015-03-23 03:15:00,9.2,9.21,9.2,9.2,20000,9.202,5
2926,2015-03-23 03:16:00,9.2,9.21,9.19,9.19,196000,9.1992,16
2927,2015-03-23 03:17:00,9.19,9.2,9.18,9.2,182000,9.1909,15
2928,2015-03-23 03:18:00,9.2,9.2,9.2,9.2,0,9.2,0
2929,2015-03-23 03:19:00,9.19,9.2,9.19,9.19,98000,9.1918,12
2930,2015-03-23 03:20:00,9.18,9.19,9.18,9.18,22000,9.1855,6
2931,2015-03-23 03:21:00,9.19,9.23,9.19,9.23,342000,9.2047,16
2932,2015-03-23 03:22:00,9.22,9.23,9.22,9.23,182000,9.2219,10
2933,2015-03-23 03:23:00,9.22,9.22,9.22,9.22,18000,9.22,3
2934,2015-03-23 03:24:00,9.22,9.23,9.22,9.22,24000,9.2233,5
2935,2015-03-23 03:25:00,9.22,9.23,9.22,9.22,94000,9.2213,8
2936,2015-03-23 03:26:00,9.22,9.22,9.21,9.21,30000,9.2127,8
2937,2015-03-23 03:27:00,9.21,9.22,9.21,9.21,24000,9.2133,5
2938,2015-03-23 03:28:00,9.21,9.21,9.2,9.2,170000,9.208,14
2939,2015-03-23 03:29:00,9.2,9.21,9.2,9.2,52000,9.2035,13
2940,2015-03-23 03:30:00,9.2,9.21,9.2,9.2,44000,9.2023,9
2941,2015-03-23 03:31:00,9.2,9.2,9.19,9.19,100000,9.1986,13
2942,2015-03-23 03:32:00,9.19,9.19,9.17,9.18,74000,9.1797,10
2943,2015-03-23 03:33:00,9.18,9.18,9.18,9.18,20000,9.18,5
2944,2015-03-23 03:34:00,9.18,9.18,9.17,9.17,26000,9.1738,5
2945,2015-03-23 03:35:00,9.17,9.17,9.16,9.16,44000,9.1645,10
2946,2015-03-23 03:36:00,9.16,9.17,9.16,9.17,32000,9.1606,8
2947,2015-03-23 03:37:00,9.16,9.18,9.15,9.18,236000,9.1678,14
2948,2015-03-23 03:38:00,9.19,9.21,9.19,9.19,116000,9.2005,4
2949,2015-03-23 03:39:00,9.22,9.22,9.18,9.19,36000,9.1967,6
2950,2015-03-23 03:40:00,9.19,9.21,9.19,9.19,100000,9.1934,12
2951,2015-03-23 03:41:00,9.18,9.2,9.18,9.2,90000,9.1947,4
2952,2015-03-23 03:42:00,9.2,9.21,9.18,9.18,68000,9.1915,10
2953,2015-03-23 03:43:00,9.18,9.19,9.18,9.18,48000,9.185,11
2954,2015-03-23 03:44:00,9.18,9.19,9.17,9.17,88000,9.1791,16
2955,2015-03-23 03:45:00,9.18,9.18,9.17,9.17,54000,9.1726,12
2956,2015-03-23 03:46:00,9.17,9.17,9.17,9.17,42000,9.17,11
2957,2015-03-23 03:47:00,9.17,9.17,9.17,9.17,54000,9.17,10
2958,2015-03-23 03:48:00,9.17,9.17,9.16,9.16,72000,9.1636,15
2959,2015-03-23 03:49:00,9.17,9.17,9.16,9.16,52000,9.1642,10
2960,2015-03-23 03:50:00,9.16,9.17,9.16,9.16,36000,9.1606,9
2961,2015-03-23 03:51:00,9.16,9.19,9.16,9.18,392000,9.1736,19
2962,2015-03-23 03:52:00,9.18,9.19,9.18,9.19,46000,9.1883,13
2963,2015-03-23 03:53:00,9.19,9.19,9.18,9.19,96000,9.1858,19
2964,2015-03-23 03:54:00,9.18,9.21,9.18,9.19,174000,9.1944,25
2965,2015-03-23 03:55:00,9.19,9.2,9.19,9.19,82000,9.192,19
2966,2015-03-23 03:56:00,9.19,9.2,9.18,9.19,244000,9.1898,23
2967,2015-03-23 03:57:00,9.19,9.2,9.19,9.19,124000,9.1919,34
2968,2015-03-23 03:58:00,9.19,9.2,9.18,9.18,184000,9.1882,33
2969,2015-03-23 03:59:00,9.19,9.19,9.17,9.17,624000,9.1836,59
2970,2015-03-23 21:30:00,9.25,9.26,9.2,9.22,198000,9.2155,30
2971,2015-03-23 21:31:00,9.22,9.22,9.18,9.2,132000,9.1879,16
2972,2015-03-23 21:32:00,9.2,9.24,9.2,9.24,24000,9.2275,8
2973,2015-03-23 21:33:00,9.23,9.24,9.17,9.2,166000,9.1978,15
2974,2015-03-23 21:34:00,9.2,9.22,9.2,9.2,40000,9.205,6
2975,2015-03-23 21:35:00,9.21,9.22,9.21,9.22,12000,9.2167,2
2976,2015-03-23 21:36:00,9.23,9.23,9.21,9.22,86000,9.2209,13
2977,2015-03-23 21:37:00,9.22,9.22,9.18,9.18,86000,9.2047,14
2978,2015-03-23 21:38:00,9.18,9.22,9.18,9.21,64000,9.2072,8
2979,2015-03-23 21:39:00,9.21,9.21,9.19,9.19,90000,9.2013,7
2980,2015-03-23 21:40:00,9.19,9.19,9.18,9.18,36000,9.1867,7
2981,2015-03-23 21:41:00,9.18,9.19,9.18,9.19,36000,9.1872,7
2982,2015-03-23 21:42:00,9.2,9.24,9.2,9.23,98000,9.2053,6
2983,2015-03-23 21:43:00,9.23,9.23,9.21,9.22,24000,9.225,9
2984,2015-03-23 21:44:00,9.22,9.23,9.22,9.23,20000,9.228,6
2985,2015-03-23 21:45:00,9.22,9.23,9.19,9.21,134000,9.2113,12
2986,2015-03-23 21:46:00,9.22,9.24,9.2,9.23,56000,9.2243,10
2987,2015-03-23 21:47:00,9.25,9.25,9.25,9.25,12000,9.25,3
2988,2015-03-23 21:48:00,9.25,9.25,9.22,9.23,14000,9.2343,6
2989,2015-03-23 21:49:00,9.24,9.24,9.22,9.22,58000,9.2317,14
2990,2015-03-23 21:50:00,9.24,9.24,9.19,9.19,142000,9.2135,16
2991,2015-03-23 21:51:00,9.23,9.24,9.19,9.24,20000,9.223,3
2992,2015-03-23 21:52:00,9.23,9.24,9.19,9.19,130000,9.2186,18
2993,2015-03-23 21:53:00,9.19,9.19,9.18,9.18,10000,9.188,4
2994,2015-03-23 21:54:00,9.18,9.18,9.18,9.18,2000,9.18,1
2995,2015-03-23 21:55:00,9.21,9.21,9.2,9.2,30000,9.2027,4
2996,2015-03-23 21:56:00,9.2,9.2,9.19,9.19,22000,9.1964,4
2997,2015-03-23 21:57:00,9.19,9.2,9.19,9.2,4000,9.195,2
2998,2015-03-23 21:58:00,9.2,9.2,9.19,9.19,8000,9.195,3
2999,2015-03-23 21:59:00,9.2,9.2,9.19,9.2,64000,9.1978,10
3000,2015-03-23 22:00:00,9.21,9.25,9.21,9.25,34000,9.2241,8
3001,2015-03-23 22:01:00,9.25,9.25,9.24,9.25,22000,9.2482,9
3002,2015-03-23 22:02:00,9.24,9.25,9.22,9.24,38000,9.2342,5
3003,2015-03-23 22:03:00,9.24,9.24,9.24,9.24,8000,9.24,1
3004,2015-03-23 22:04:00,9.24,9.24,9.24,9.24,10000,9.24,2
3005,2015-03-23 22:05:00,9.23,9.24,9.23,9.24,12000,9.235,5
3006,2015-03-23 22:06:00,9.24,9.25,9.23,9.23,192000,9.2416,17
3007,2015-03-23 22:07:00,9.23,9.23,9.23,9.23,0,9.23,0
3008,2015-03-23 22:08:00,9.23,9.24,9.22,9.24,18000,9.2322,4
3009,2015-03-23 22:09:00,9.24,9.25,9.23,9.25,44000,9.2405,6
3010,2015-03-23 22:10:00,9.24,9.24,9.24,9.24,8000,9.24,2
3011,2015-03-23 22:11:00,9.25,9.25,9.25,9.25,10000,9.25,2
3012,2015-03-23 22:12:00,9.23,9.25,9.23,9.23,6000,9.2367,3
3013,2015-03-23 22:13:00,9.25,9.26,9.25,9.25,38000,9.2505,7
3014,2015-03-23 22:14:00,9.26,9.26,9.25,9.25,14000,9.2586,4
3015,2015-03-23 22:15:00,9.25,9.25,9.25,9.25,40000,9.25,3
3016,2015-03-23 22:16:00,9.24,9.24,9.24,9.24,10000,9.24,1
3017,2015-03-23 22:17:00,9.25,9.25,9.23,9.23,88000,9.2373,12
3018,2015-03-23 22:18:00,9.22,9.22,9.22,9.22,12000,9.22,2
3019,2015-03-23 22:19:00,9.22,9.22,9.22,9.22,14000,9.22,3
3020,2015-03-23 22:20:00,9.22,9.22,9.22,9.22,10000,9.22,2
3021,2015-03-23 22:21:00,9.23,9.23,9.22,9.22,34000,9.2253,3
3022,2015-03-23 22:22:00,9.23,9.23,9.22,9.22,20000,9.228,7
3023,2015-03-23 22:23:00,9.23,9.23,9.23,9.23,10000,9.23,2
3024,2015-03-23 22:24:00,9.23,9.23,9.22,9.22,30000,9.2293,3
3025,2015-03-23 22:25:00,9.23,9.23,9.22,9.22,22000,9.2255,4
3026,2015-03-23 22:26:00,9.22,9.22,9.18,9.2,118000,9.2114,7
3027,2015-03-23 22:27:00,9.2,9.21,9.2,9.21,50000,9.208,3
3028,2015-03-23 22:28:00,9.22,9.22,9.22,9.22,6000,9.22,1
3029,2015-03-23 22:29:00,9.2,9.22,9.2,9.22,4000,9.21,2
3030,2015-03-23 22:30:00,9.22,9.23,9.22,9.23,46000,9.2278,6
3031,2015-03-23 22:31:00,9.23,9.25,9.23,9.25,76000,9.2416,10
3032,2015-03-23 22:32:00,9.25,9.25,9.25,9.25,0,9.25,0
3033,2015-03-23 22:33:00,9.24,9.24,9.24,9.24,2000,9.24,1
3034,2015-03-23 22:34:00,9.25,9.26,9.24,9.26,30000,9.2527,5
3035,2015-03-23 22:35:00,9.26,9.26,9.26,9.26,4000,9.26,2
3036,2015-03-23 22:36:00,9.26,9.27,9.26,9.27,80000,9.2618,6
3037,2015-03-23 22:37:00,9.27,9.27,9.27,9.27,10000,9.27,2
3038,2015-03-23 22:38:00,9.26,9.28,9.26,9.28,104000,9.2727,10
3039,2015-03-23 22:39:00,9.28,9.28,9.28,9.28,58000,9.28,6
3040,2015-03-23 22:40:00,9.28,9.28,9.28,9.28,0,9.28,0
3041,2015-03-23 22:41:00,9.28,9.28,9.26,9.26,132000,9.2708,12
3042,2015-03-23 22:42:00,9.26,9.27,9.26,9.27,64000,9.2631,5
3043,2015-03-23 22:43:00,9.27,9.27,9.26,9.26,40000,9.2655,4
3044,2015-03-23 22:44:00,9.25,9.26,9.25,9.26,18000,9.2589,4
3045,2015-03-23 22:45:00,9.25,9.25,9.23,9.23,100000,9.2446,11
3046,2015-03-23 22:46:00,9.22,9.22,9.21,9.21,6000,9.2167,2
3047,2015-03-23 22:47:00,9.21,9.21,9.21,9.21,2000,9.21,1
3048,2015-03-23 22:48:00,9.23,9.23,9.23,9.23,2000,9.23,1
3049,2015-03-23 22:49:00,9.23,9.23,9.21,9.23,8000,9.225,3
3050,2015-03-23 22:50:00,9.23,9.23,9.23,9.23,90000,9.23,7
3051,2015-03-23 22:51:00,9.23,9.23,9.18,9.18,160000,9.2099,15
3052,2015-03-23 22:52:00,9.18,9.18,9.18,9.18,44000,9.18,2
3053,2015-03-23 22:53:00,9.19,9.19,9.19,9.19,16000,9.19,1
3054,2015-03-23 22:54:00,9.2,9.22,9.2,9.2,92000,9.2041,6
3055,2015-03-23 22:55:00,9.2,9.2,9.2,9.2,0,9.2,0
3056,2015-03-23 22:56:00,9.2,9.2,9.2,9.2,0,9.2,0
3057,2015-03-23 22:57:00,9.23,9.23,9.23,9.23,14000,9.23,5
3058,2015-03-23 22:58:00,9.23,9.25,9.23,9.25,22000,9.2382,6
3059,2015-03-23 22:59:00,9.25,9.25,9.25,9.25,14000,9.25,4
3060,2015-03-23 23:00:00,9.25,9.25,9.24,9.25,20000,9.244,7
3061,2015-03-23 23:01:00,9.25,9.26,9.24,9.24,42000,9.2543,9
3062,2015-03-23 23:02:00,9.25,9.27,9.25,9.27,50000,9.256,7
3063,2015-03-23 23:03:00,9.27,9.27,9.27,9.27,20000,9.27,4
3064,2015-03-23 23:04:00,9.26,9.26,9.24,9.24,74000,9.253,4
3065,2015-03-23 23:05:00,9.24,9.25,9.24,9.25,18000,9.2478,5
3066,2015-03-23 23:06:00,9.24,9.24,9.24,9.24,30000,9.24,5
3067,2015-03-23 23:07:00,9.24,9.24,9.24,9.24,0,9.24,0
3068,2015-03-23 23:08:00,9.24,9.24,9.24,9.24,0,9.24,0
3069,2015-03-23 23:09:00,9.23,9.25,9.23,9.24,12000,9.245,3
3070,2015-03-23 23:10:00,9.25,9.25,9.24,9.24,12000,9.2433,5
3071,2015-03-23 23:11:00,9.24,9.25,9.24,9.25,6000,9.2467,2
3072,2015-03-23 23:12:00,9.25,9.25,9.25,9.25,12000,9.25,3
3073,2015-03-23 23:13:00,9.25,9.25,9.24,9.24,84000,9.2421,12
3074,2015-03-23 23:14:00,9.23,9.23,9.18,9.2,128000,9.2175,14
3075,2015-03-23 23:15:00,9.2,9.2,9.2,9.2,0,9.2,0
3076,2015-03-23 23:16:00,9.18,9.19,9.18,9.18,18000,9.1844,6
3077,2015-03-23 23:17:00,9.19,9.19,9.15,9.15,134000,9.1694,13
3078,2015-03-23 23:18:00,9.16,9.2,9.16,9.2,240000,9.165,9
3079,2015-03-23 23:19:00,9.17,9.17,9.17,9.17,2000,9.17,1
3080,2015-03-23 23:20:00,9.17,9.17,9.13,9.13,144000,9.1599,9
3081,2015-03-23 23:21:00,9.15,9.15,9.12,9.12,10000,9.132,3
3082,2015-03-23 23:22:00,9.12,9.17,9.12,9.17,128000,9.1398,12
3083,2015-03-23 23:23:00,9.17,9.17,9.17,9.17,0,9.17,0
3084,2015-03-23 23:24:00,9.17,9.18,9.17,9.18,16000,9.1725,4
3085,2015-03-23 23:25:00,9.18,9.19,9.18,9.19,24000,9.1858,5
3086,2015-03-23 23:26:00,9.19,9.19,9.19,9.19,2000,9.19,1
3087,2015-03-23 23:27:00,9.19,9.19,9.18,9.19,34000,9.1859,7
3088,2015-03-23 23:28:00,9.19,9.19,9.19,9.19,0,9.19,0
3089,2015-03-23 23:29:00,9.18,9.19,9.18,9.18,16000,9.1875,4
3090,2015-03-23 23:30:00,9.18,9.18,9.18,9.18,0,9.18,0
3091,2015-03-23 23:31:00,9.19,9.22,9.18,9.22,318000,9.1925,11
3092,2015-03-23 23:32:00,9.21,9.23,9.21,9.23,26000,9.2185,4
3093,2015-03-23 23:33:00,9.22,9.22,9.22,9.22,10000,9.22,3
3094,2015-03-23 23:34:00,9.22,9.22,9.22,9.22,2000,9.22,1
3095,2015-03-23 23:35:00,9.22,9.22,9.2,9.2,86000,9.2128,5
3096,2015-03-23 23:36:00,9.19,9.19,9.19,9.19,2000,9.19,1
3097,2015-03-23 23:37:00,9.2,9.2,9.2,9.2,14000,9.2,2
3098,2015-03-23 23:38:00,9.2,9.21,9.2,9.21,20000,9.207,4
3099,2015-03-23 23:39:00,9.21,9.21,9.21,9.21,2000,9.21,1
3100,2015-03-23 23:40:00,9.21,9.21,9.2,9.2,4000,9.205,2
3101,2015-03-23 23:41:00,9.2,9.2,9.2,9.2,2000,9.2,1
3102,2015-03-23 23:42:00,9.21,9.21,9.21,9.21,2000,9.21,1
3103,2015-03-23 23:43:00,9.2,9.2,9.2,9.2,4000,9.2,1
3104,2015-03-23 23:44:00,9.2,9.2,9.2,9.2,34000,9.2,2
3105,2015-03-23 23:45:00,9.2,9.2,9.19,9.2,44000,9.1986,13
3106,2015-03-23 23:46:00,9.19,9.19,9.19,9.19,2000,9.19,1
3107,2015-03-23 23:47:00,9.19,9.19,9.19,9.19,8000,9.19,3
3108,2015-03-23 23:48:00,9.19,9.19,9.19,9.19,10000,9.19,2
3109,2015-03-23 23:49:00,9.19,9.19,9.19,9.19,2000,9.19,1
3110,2015-03-23 23:50:00,9.19,9.19,9.16,9.16,92000,9.1824,8
3111,2015-03-23 23:51:00,9.17,9.19,9.17,9.18,98000,9.1739,8
3112,2015-03-23 23:52:00,9.18,9.18,9.18,9.18,0,9.18,0
3113,2015-03-23 23:53:00,9.18,9.18,9.18,9.18,10000,9.18,1
3114,2015-03-23 23:54:00,9.18,9.19,9.18,9.19,20000,9.181,4
3115,2015-03-23 23:55:00,9.17,9.17,9.17,9.17,42000,9.17,3
3116,2015-03-23 23:56:00,9.16,9.18,9.16,9.18,32000,9.1719,5
3117,2015-03-23 23:57:00,9.17,9.17,9.17,9.17,2000,9.17,1
3118,2015-03-23 23:58:00,9.17,9.17,9.17,9.17,8000,9.17,2
3119,2015-03-23 23:59:00,9.17,9.18,9.17,9.18,18000,9.1756,5
3120,2015-03-24 01:00:00,9.18,9.2,9.18,9.2,44000,9.1877,10
3121,2015-03-24 01:01:00,9.2,9.2,9.2,9.2,10000,9.2,2
3122,2015-03-24 01:02:00,9.2,9.21,9.19,9.21,52000,9.205,7
3123,2015-03-24 01:03:00,9.22,9.22,9.22,9.22,2000,9.22,1
3124,2015-03-24 01:04:00,9.22,9.22,9.21,9.21,10000,9.216,4
3125,2015-03-24 01:05:00,9.22,9.22,9.21,9.22,6000,9.2167,3
3126,2015-03-24 01:06:00,9.22,9.22,9.22,9.22,14000,9.22,5
3127,2015-03-24 01:07:00,9.22,9.25,9.22,9.24,92000,9.2359,9
3128,2015-03-24 01:08:00,9.24,9.24,9.23,9.23,40000,9.2335,4
3129,2015-03-24 01:09:00,9.24,9.24,9.24,9.24,16000,9.24,4
3130,2015-03-24 01:10:00,9.24,9.24,9.23,9.23,6000,9.2333,3
3131,2015-03-24 01:11:00,9.23,9.23,9.23,9.23,4000,9.23,1
3132,2015-03-24 01:12:00,9.25,9.25,9.25,9.25,4000,9.25,2
3133,2015-03-24 01:13:00,9.24,9.25,9.24,9.24,10000,9.242,3
3134,2015-03-24 01:14:00,9.24,9.24,9.24,9.24,4000,9.24,2
3135,2015-03-24 01:15:00,9.24,9.24,9.24,9.24,0,9.24,0
3136,2015-03-24 01:16:00,9.25,9.25,9.24,9.24,12000,9.2417,2
3137,2015-03-24 01:17:00,9.24,9.24,9.22,9.22,56000,9.2307,6
3138,2015-03-24 01:18:00,9.21,9.21,9.21,9.21,4000,9.21,2
3139,2015-03-24 01:19:00,9.21,9.21,9.21,9.21,2000,9.21,1
3140,2015-03-24 01:20:00,9.2,9.22,9.2,9.22,26000,9.2138,6
3141,2015-03-24 01:21:00,9.23,9.23,9.23,9.23,2000,9.23,1
3142,2015-03-24 01:22:00,9.23,9.23,9.23,9.23,2000,9.23,1
3143,2015-03-24 01:23:00,9.23,9.23,9.23,9.23,0,9.23,0
3144,2015-03-24 01:24:00,9.23,9.23,9.23,9.23,2000,9.23,1
3145,2015-03-24 01:25:00,9.22,9.22,9.22,9.22,12000,9.22,3
3146,2015-03-24 01:26:00,9.22,9.22,9.22,9.22,4000,9.22,2
3147,2015-03-24 01:27:00,9.22,9.22,9.22,9.22,0,9.22,0
3148,2015-03-24 01:28:00,9.23,9.23,9.22,9.22,8000,9.2225,2
3149,2015-03-24 01:29:00,9.23,9.24,9.23,9.24,146000,9.2379,9
3150,2015-03-24 01:30:00,9.24,9.26,9.24,9.26,174000,9.2526,8
3151,2015-03-24 01:31:00,9.26,9.26,9.26,9.26,42000,9.26,2
3152,2015-03-24 01:32:00,9.26,9.27,9.26,9.27,102000,9.2633,7
3153,2015-03-24 01:33:00,9.27,9.27,9.27,9.27,34000,9.27,2
3154,2015-03-24 01:34:00,9.27,9.28,9.27,9.28,84000,9.2745,7
3155,2015-03-24 01:35:00,9.28,9.28,9.28,9.28,12000,9.28,2
3156,2015-03-24 01:36:00,9.27,9.27,9.27,9.27,22000,9.27,2
3157,2015-03-24 01:37:00,9.29,9.29,9.29,9.29,2000,9.29,1
3158,2015-03-24 01:38:00,9.27,9.27,9.27,9.27,2000,9.27,1
3159,2015-03-24 01:39:00,9.27,9.27,9.27,9.27,0,9.27,0
3160,2015-03-24 01:40:00,9.29,9.29,9.27,9.28,76000,9.275,4
3161,2015-03-24 01:41:00,9.28,9.3,9.28,9.29,172000,9.2864,8
3162,2015-03-24 01:42:00,9.29,9.29,9.28,9.28,20000,9.289,3
3163,2015-03-24 01:43:00,9.29,9.29,9.29,9.29,12000,9.29,4
3164,2015-03-24 01:44:00,9.29,9.29,9.29,9.29,62000,9.29,3
3165,2015-03-24 01:45:00,9.29,9.29,9.29,9.29,12000,9.29,2
3166,2015-03-24 01:46:00,9.29,9.29,9.29,9.29,38000,9.29,2
3167,2015-03-24 01:47:00,9.29,9.29,9.29,9.29,22000,9.29,3
3168,2015-03-24 01:48:00,9.29,9.32,9.29,9.3,636000,9.3012,42
3169,2015-03-24 01:49:00,9.3,9.3,9.3,9.3,88000,9.3,3
3170,2015-03-24 01:50:00,9.32,9.32,9.31,9.31,84000,9.3179,5
3171,2015-03-24 01:51:00,9.31,9.31,9.31,9.31,40000,9.31,3
3172,2015-03-24 01:52:00,9.3,9.3,9.3,9.3,2000,9.3,1
3173,2015-03-24 01:53:00,9.3,9.3,9.3,9.3,0,9.3,0
3174,2015-03-24 01:54:00,9.32,9.32,9.31,9.32,64000,9.3181,6
3175,2015-03-24 01:55:00,9.32,9.32,9.32,9.32,28000,9.32,5
3176,2015-03-24 01:56:00,9.32,9.32,9.32,9.32,12000,9.32,1
3177,2015-03-24 01:57:00,9.32,9.33,9.32,9.33,26000,9.3208,3
3178,2015-03-24 01:58:00,9.32,9.32,9.32,9.32,96000,9.32,8
3179,2015-03-24 01:59:00,9.31,9.31,9.31,9.31,6000,9.31,1
3180,2015-03-24 02:00:00,9.31,9.31,9.31,9.31,0,9.31,0
3181,2015-03-24 02:01:00,9.32,9.32,9.31,9.31,6000,9.3167,2
3182,2015-03-24 02:02:00,9.31,9.32,9.31,9.31,34000,9.3106,4
3183,2015-03-24 02:03:00,9.31,9.31,9.31,9.31,126000,9.31,14
3184,2015-03-24 02:04:00,9.31,9.32,9.31,9.32,38000,9.3126,3
3185,2015-03-24 02:05:00,9.31,9.32,9.31,9.31,86000,9.3102,7
3186,2015-03-24 02:06:00,9.31,9.31,9.31,9.31,2000,9.31,1
3187,2015-03-24 02:07:00,9.32,9.32,9.32,9.32,66000,9.32,7
3188,2015-03-24 02:08:00,9.32,9.32,9.32,9.32,2000,9.32,1
3189,2015-03-24 02:09:00,9.32,9.32,9.32,9.32,2000,9.32,1
3190,2015-03-24 02:10:00,9.31,9.31,9.31,9.31,2000,9.31,1
3191,2015-03-24 02:11:00,9.31,9.32,9.31,9.32,8000,9.3175,3
3192,2015-03-24 02:12:00,9.32,9.32,9.31,9.31,8000,9.315,3
3193,2015-03-24 02:13:00,9.32,9.32,9.32,9.32,2000,9.32,1
3194,2015-03-24 02:14:00,9.32,9.32,9.26,9.27,212000,9.2887,18
3195,2015-03-24 02:15:00,9.22,9.26,9.22,9.26,8000,9.23,3
3196,2015-03-24 02:16:00,9.22,9.22,9.22,9.22,2000,9.22,1
3197,2015-03-24 02:17:00,9.26,9.26,9.25,9.25,72000,9.2594,5
3198,2015-03-24 02:18:00,9.25,9.25,9.25,9.25,28000,9.25,4
3199,2015-03-24 02:19:00,9.24,9.24,9.24,9.24,12000,9.24,3
3200,2015-03-24 02:20:00,9.24,9.25,9.23,9.25,60000,9.2427,5
3201,2015-03-24 02:21:00,9.26,9.28,9.26,9.28,52000,9.2627,7
3202,2015-03-24 02:22:00,9.28,9.29,9.27,9.29,12000,9.28,5
3203,2015-03-24 02:23:00,9.29,9.29,9.29,9.29,2000,9.29,1
3204,2015-03-24 02:24:00,9.29,9.29,9.29,9.29,18000,9.29,2
3205,2015-03-24 02:25:00,9.3,9.3,9.3,9.3,16000,9.3,4
3206,2015-03-24 02:26:00,9.3,9.31,9.3,9.31,6000,9.3033,2
3207,2015-03-24 02:27:00,9.31,9.31,9.29,9.29,62000,9.2997,3
3208,2015-03-24 02:28:00,9.29,9.29,9.28,9.29,84000,9.2871,9
3209,2015-03-24 02:29:00,9.29,9.29,9.29,9.29,32000,9.29,3
3210,2015-03-24 02:30:00,9.29,9.29,9.29,9.29,0,9.29,0
3211,2015-03-24 02:31:00,9.28,9.28,9.26,9.28,100000,9.2752,11
3212,2015-03-24 02:32:00,9.27,9.27,9.25,9.25,14000,9.2643,6
3213,2015-03-24 02:33:00,9.25,9.25,9.25,9.25,0,9.25,0
3214,2015-03-24 02:34:00,9.26,9.26,9.25,9.25,4000,9.255,2
3215,2015-03-24 02:35:00,9.26,9.27,9.25,9.26,52000,9.2627,7
3216,2015-03-24 02:36:00,9.27,9.27,9.25,9.25,44000,9.2555,6
3217,2015-03-24 02:37:00,9.25,9.26,9.25,9.26,50000,9.2524,3
3218,2015-03-24 02:38:00,9.26,9.26,9.25,9.25,28000,9.2579,5
3219,2015-03-24 02:39:00,9.25,9.25,9.25,9.25,0,9.25,0
3220,2015-03-24 02:40:00,9.24,9.24,9.24,9.24,2000,9.24,1
3221,2015-03-24 02:41:00,9.24,9.25,9.24,9.25,20000,9.249,3
3222,2015-03-24 02:42:00,9.25,9.25,9.25,9.25,10000,9.25,2
3223,2015-03-24 02:43:00,9.24,9.25,9.24,9.25,4000,9.245,2
3224,2015-03-24 02:44:00,9.25,9.25,9.24,9.25,92000,9.2443,5
3225,2015-03-24 02:45:00,9.26,9.26,9.26,9.26,38000,9.26,2
3226,2015-03-24 02:46:00,9.26,9.26,9.25,9.25,50000,9.2572,5
3227,2015-03-24 02:47:00,9.24,9.25,9.24,9.25,6000,9.2467,3
3228,2015-03-24 02:48:00,9.25,9.25,9.25,9.25,4000,9.25,2
3229,2015-03-24 02:49:00,9.26,9.26,9.26,9.26,2000,9.26,1
3230,2015-03-24 02:50:00,9.25,9.25,9.25,9.25,14000,9.25,2
3231,2015-03-24 02:51:00,9.24,9.24,9.24,9.24,2000,9.24,1
3232,2015-03-24 02:52:00,9.25,9.25,9.25,9.25,34000,9.25,2
3233,2015-03-24 02:53:00,9.25,9.25,9.25,9.25,0,9.25,0
3234,2015-03-24 02:54:00,9.26,9.26,9.26,9.26,2000,9.26,1
3235,2015-03-24 02:55:00,9.25,9.26,9.25,9.25,14000,9.2514,4
3236,2015-03-24 02:56:00,9.25,9.26,9.25,9.26,4000,9.255,2
3237,2015-03-24 02:57:00,9.25,9.26,9.25,9.26,4000,9.255,2
3238,2015-03-24 02:58:00,9.25,9.25,9.25,9.25,44000,9.25,4
3239,2015-03-24 02:59:00,9.25,9.25,9.24,9.24,20000,9.246,4
3240,2015-03-24 03:00:00,9.24,9.24,9.24,9.24,0,9.24,0
3241,2015-03-24 03:01:00,9.24,9.24,9.24,9.24,2000,9.24,1
3242,2015-03-24 03:02:00,9.25,9.25,9.24,9.25,16000,9.2438,5
3243,2015-03-24 03:03:00,9.24,9.24,9.22,9.22,64000,9.2359,5
3244,2015-03-24 03:04:00,9.23,9.23,9.23,9.23,2000,9.23,1
3245,2015-03-24 03:05:00,9.23,9.25,9.23,9.25,170000,9.2372,5
3246,2015-03-24 03:06:00,9.25,9.25,9.25,9.25,0,9.25,0
3247,2015-03-24 03:07:00,9.25,9.25,9.25,9.25,2000,9.25,1
3248,2015-03-24 03:08:00,9.25,9.25,9.25,9.25,48000,9.25,2
3249,2015-03-24 03:09:00,9.25,9.25,9.25,9.25,80000,9.25,3
3250,2015-03-24 03:10:00,9.24,9.24,9.24,9.24,2000,9.24,1
3251,2015-03-24 03:11:00,9.24,9.24,9.24,9.24,0,9.24,0
3252,2015-03-24 03:12:00,9.24,9.25,9.24,9.25,10000,9.242,3
3253,2015-03-24 03:13:00,9.25,9.25,9.24,9.24,10000,9.242,3
3254,2015-03-24 03:14:00,9.25,9.25,9.24,9.24,4000,9.245,2
3255,2015-03-24 03:15:00,9.25,9.25,9.25,9.25,8000,9.25,3
3256,2015-03-24 03:16:00,9.25,9.25,9.24,9.24,28000,9.2407,4
3257,2015-03-24 03:17:00,9.24,9.24,9.21,9.21,114000,9.2333,12
3258,2015-03-24 03:18:00,9.21,9.22,9.2,9.2,30000,9.2093,5
3259,2015-03-24 03:19:00,9.2,9.22,9.19,9.21,138000,9.2012,22
3260,2015-03-24 03:20:00,9.21,9.21,9.21,9.21,0,9.21,0
3261,2015-03-24 03:21:00,9.22,9.22,9.22,9.22,46000,9.22,3
3262,2015-03-24 03:22:00,9.23,9.23,9.23,9.23,20000,9.23,4
3263,2015-03-24 03:23:00,9.23,9.23,9.23,9.23,10000,9.23,4
3264,2015-03-24 03:24:00,9.24,9.24,9.24,9.24,6000,9.24,3
3265,2015-03-24 03:25:00,9.24,9.24,9.23,9.24,18000,9.2344,5
3266,2015-03-24 03:26:00,9.23,9.23,9.23,9.23,6000,9.23,2
3267,2015-03-24 03:27:00,9.22,9.23,9.22,9.23,8000,9.2275,3
3268,2015-03-24 03:28:00,9.23,9.25,9.23,9.25,78000,9.2367,10
3269,2015-03-24 03:29:00,9.25,9.25,9.25,9.25,34000,9.25,4
3270,2015-03-24 03:30:00,9.25,9.25,9.24,9.25,10000,9.248,4
3271,2015-03-24 03:31:00,9.25,9.26,9.25,9.26,164000,9.2563,11
3272,2015-03-24 03:32:00,9.26,9.26,9.26,9.26,20000,9.26,5
3273,2015-03-24 03:33:00,9.26,9.26,9.26,9.26,6000,9.26,2
3274,2015-03-24 03:34:00,9.26,9.26,9.26,9.26,56000,9.26,11
3275,2015-03-24 03:35:00,9.25,9.26,9.25,9.26,36000,9.2578,10
3276,2015-03-24 03:36:00,9.26,9.26,9.26,9.26,10000,9.26,4
3277,2015-03-24 03:37:00,9.26,9.27,9.23,9.23,176000,9.2526,15
3278,2015-03-24 03:38:00,9.23,9.23,9.22,9.22,42000,9.2276,4
3279,2015-03-24 03:39:00,9.21,9.21,9.21,9.21,4000,9.21,2
3280,2015-03-24 03:40:00,9.24,9.24,9.21,9.23,10000,9.23,4
3281,2015-03-24 03:41:00,9.23,9.24,9.23,9.23,32000,9.2306,4
3282,2015-03-24 03:42:00,9.23,9.25,9.23,9.25,22000,9.2409,5
3283,2015-03-24 03:43:00,9.25,9.25,9.24,9.24,10000,9.244,3
3284,2015-03-24 03:44:00,9.25,9.26,9.24,9.26,140000,9.25,9
3285,2015-03-24 03:45:00,9.25,9.25,9.24,9.24,116000,9.2472,8
3286,2015-03-24 03:46:00,9.23,9.24,9.23,9.23,18000,9.2311,4
3287,2015-03-24 03:47:00,9.24,9.26,9.24,9.25,170000,9.2453,5
3288,2015-03-24 03:48:00,9.24,9.25,9.23,9.23,62000,9.2406,3
3289,2015-03-24 03:49:00,9.25,9.25,9.23,9.24,26000,9.2423,9
3290,2015-03-24 03:50:00,9.24,9.25,9.24,9.25,18000,9.2411,5
3291,2015-03-24 03:51:00,9.24,9.25,9.22,9.22,118000,9.2376,10
3292,2015-03-24 03:52:00,9.22,9.24,9.22,9.23,66000,9.2306,9
3293,2015-03-24 03:53:00,9.24,9.24,9.22,9.22,88000,9.2293,10
3294,2015-03-24 03:54:00,9.23,9.24,9.22,9.24,170000,9.2331,18
3295,2015-03-24 03:55:00,9.25,9.26,9.24,9.25,82000,9.2505,16
3296,2015-03-24 03:56:00,9.24,9.25,9.24,9.25,40000,9.2445,13
3297,2015-03-24 03:57:00,9.25,9.25,9.23,9.23,116000,9.2407,15
3298,2015-03-24 03:58:00,9.24,9.24,9.23,9.24,64000,9.2347,21
3299,2015-03-24 03:59:00,9.23,9.28,9.23,9.27,1278000,9.2558,94
3300,2015-03-24 21:30:00,9.15,9.15,9.04,9.1,334000,9.098,42
3301,2015-03-24 21:31:00,9.11,9.11,9.07,9.08,84000,9.0943,16
3302,2015-03-24 21:32:00,9.08,9.08,9.05,9.06,50000,9.0672,8
3303,2015-03-24 21:33:00,9.07,9.07,9.03,9.05,320000,9.0455,18
3304,2015-03-24 21:34:00,9.06,9.06,9.06,9.06,26000,9.06,3
3305,2015-03-24 21:35:00,9.05,9.05,9.03,9.04,46000,9.0409,8
3306,2015-03-24 21:36:00,9.04,9.05,9.03,9.03,140000,9.045,16
3307,2015-03-24 21:37:00,9.05,9.05,9.03,9.05,46000,9.0483,4
3308,2015-03-24 21:38:00,9.05,9.05,9.05,9.05,64000,9.05,5
3309,2015-03-24 21:39:00,9.05,9.05,9.04,9.04,36000,9.0461,4
3310,2015-03-24 21:40:00,9.06,9.06,9.05,9.05,76000,9.0561,5
3311,2015-03-24 21:41:00,9.05,9.05,9.05,9.05,0,9.05,0
3312,2015-03-24 21:42:00,9.05,9.06,9.05,9.06,80000,9.0545,6
3313,2015-03-24 21:43:00,9.05,9.05,9.04,9.04,16000,9.0475,3
3314,2015-03-24 21:44:00,9.05,9.05,9.05,9.05,2000,9.05,1
3315,2015-03-24 21:45:00,9.05,9.05,9.05,9.05,26000,9.05,1
3316,2015-03-24 21:46:00,9.04,9.05,9.04,9.04,18000,9.0444,4
3317,2015-03-24 21:47:00,9.05,9.05,9.05,9.05,16000,9.05,6
3318,2015-03-24 21:48:00,9.04,9.06,9.04,9.05,34000,9.0494,7
3319,2015-03-24 21:49:00,9.04,9.05,9.01,9.01,484000,9.0369,16
3320,2015-03-24 21:50:00,9.01,9.02,8.98,8.98,240000,9.002,13
3321,2015-03-24 21:51:00,8.99,8.99,8.99,8.99,14000,8.99,1
3322,2015-03-24 21:52:00,8.99,8.99,8.99,8.99,0,8.99,0
3323,2015-03-24 21:53:00,8.96,8.99,8.96,8.99,112000,8.9784,13
3324,2015-03-24 21:54:00,8.99,9.0,8.98,8.99,208000,8.9914,10
3325,2015-03-24 21:55:00,8.99,9.01,8.99,9.01,282000,8.996,23
3326,2015-03-24 21:56:00,9.0,9.0,9.0,9.0,2000,9.0,1
3327,2015-03-24 21:57:00,9.0,9.0,9.0,9.0,0,9.0,0
3328,2015-03-24 21:58:00,8.99,9.01,8.99,9.01,22000,9.0009,5
3329,2015-03-24 21:59:00,8.99,8.99,8.98,8.99,72000,8.9883,8
3330,2015-03-24 22:00:00,8.99,9.0,8.97,8.97,78000,8.991,8
3331,2015-03-24 22:01:00,8.99,8.99,8.99,8.99,24000,8.99,2
3332,2015-03-24 22:02:00,8.99,9.0,8.99,9.0,132000,8.9912,7
3333,2015-03-24 22:03:00,8.99,8.99,8.98,8.98,56000,8.9889,5
3334,2015-03-24 22:04:00,8.99,8.99,8.98,8.98,44000,8.9877,6
3335,2015-03-24 22:05:00,8.99,9.0,8.98,8.99,206000,8.9944,14
3336,2015-03-24 22:06:00,8.99,8.99,8.99,8.99,2000,8.99,1
3337,2015-03-24 22:07:00,8.99,8.99,8.99,8.99,4000,8.99,1
3338,2015-03-24 22:08:00,8.99,8.99,8.98,8.99,24000,8.9883,7
3339,2015-03-24 22:09:00,8.98,8.98,8.98,8.98,2000,8.98,1
3340,2015-03-24 22:10:00,8.99,9.01,8.99,9.0,162000,8.9988,12
3341,2015-03-24 22:11:00,8.99,9.0,8.99,8.99,20000,8.991,8
3342,2015-03-24 22:12:00,9.0,9.0,8.98,8.98,86000,8.9888,7
3343,2015-03-24 22:13:00,8.98,8.98,8.97,8.97,192000,8.9786,7
3344,2015-03-24 22:14:00,8.97,8.98,8.95,8.95,192000,8.9631,11
3345,2015-03-24 22:15:00,8.95,8.96,8.95,8.96,16000,8.9588,4
3346,2015-03-24 22:16:00,8.96,8.97,8.96,8.97,104000,8.9604,3
3347,2015-03-24 22:17:00,8.96,8.96,8.96,8.96,2000,8.96,1
3348,2015-03-24 22:18:00,8.97,8.97,8.97,8.97,112000,8.97,5
3349,2015-03-24 22:19:00,8.96,8.98,8.96,8.98,4000,8.97,2
3350,2015-03-24 22:20:00,8.98,8.98,8.98,8.98,0,8.98,0
3351,2015-03-24 22:21:00,8.97,8.97,8.97,8.97,44000,8.97,5
3352,2015-03-24 22:22:00,8.96,8.97,8.96,8.97,12000,8.9683,2
3353,2015-03-24 22:23:00,8.97,8.97,8.97,8.97,12000,8.97,2
3354,2015-03-24 22:24:00,8.97,8.97,8.96,8.97,22000,8.9664,7
3355,2015-03-24 22:25:00,8.96,8.97,8.96,8.96,134000,8.9607,11
3356,2015-03-24 22:26:00,8.96,8.96,8.94,8.94,184000,8.9461,11
3357,2015-03-24 22:27:00,8.93,8.95,8.93,8.95,238000,8.9353,18
3358,2015-03-24 22:28:00,8.94,8.96,8.94,8.94,76000,8.9489,5
3359,2015-03-24 22:29:00,8.95,8.96,8.95,8.96,54000,8.9511,6
3360,2015-03-24 22:30:00,8.96,8.96,8.96,8.96,0,8.96,0
3361,2015-03-24 22:31:00,8.96,8.96,8.95,8.95,46000,8.9574,3
3362,2015-03-24 22:32:00,8.95,8.95,8.95,8.95,8000,8.95,2
3363,2015-03-24 22:33:00,8.96,8.96,8.95,8.95,46000,8.9526,6
3364,2015-03-24 22:34:00,8.95,8.97,8.95,8.96,160000,8.961,11
3365,2015-03-24 22:35:00,8.98,8.99,8.98,8.98,98000,8.9818,6
3366,2015-03-24 22:36:00,8.99,8.99,8.97,8.97,194000,8.9793,4
3367,2015-03-24 22:37:00,8.97,8.98,8.97,8.98,26000,8.9777,2
3368,2015-03-24 22:38:00,8.98,8.98,8.98,8.98,56000,8.98,4
3369,2015-03-24 22:39:00,8.99,8.99,8.99,8.99,8000,8.99,1
3370,2015-03-24 22:40:00,8.99,8.99,8.98,8.99,106000,8.9845,10
3371,2015-03-24 22:41:00,8.98,8.98,8.97,8.97,102000,8.9718,9
3372,2015-03-24 22:42:00,8.97,8.97,8.97,8.97,10000,8.97,2
3373,2015-03-24 22:43:00,8.97,8.99,8.97,8.98,128000,8.9819,11
3374,2015-03-24 22:44:00,8.98,8.98,8.97,8.97,20000,8.972,2
3375,2015-03-24 22:45:00,8.98,8.98,8.98,8.98,2000,8.98,1
3376,2015-03-24 22:46:00,8.97,8.97,8.97,8.97,68000,8.97,2
3377,2015-03-24 22:47:00,8.96,8.98,8.96,8.98,44000,8.9645,4
3378,2015-03-24 22:48:00,8.98,8.98,8.98,8.98,22000,8.98,3
3379,2015-03-24 22:49:00,8.97,8.97,8.96,8.97,48000,8.9654,9
3380,2015-03-24 22:50:00,8.97,8.97,8.96,8.96,70000,8.9671,3
3381,2015-03-24 22:51:00,8.97,8.97,8.96,8.97,184000,8.966,12
3382,2015-03-24 22:52:00,8.96,8.96,8.96,8.96,2000,8.96,1
3383,2015-03-24 22:53:00,8.96,8.96,8.96,8.96,0,8.96,0
3384,2015-03-24 22:54:00,8.96,8.96,8.96,8.96,0,8.96,0
3385,2015-03-24 22:55:00,8.97,8.97,8.97,8.97,6000,8.97,2
3386,2015-03-24 22:56:00,8.97,8.97,8.97,8.97,0,8.97,0
3387,2015-03-24 22:57:00,8.98,8.98,8.97,8.97,8000,8.9775,2
3388,2015-03-24 22:58:00,8.98,8.98,8.98,8.98,2000,8.98,1
3389,2015-03-24 22:59:00,8.98,8.98,8.98,8.98,0,8.98,0
3390,2015-03-24 23:00:00,8.98,8.98,8.97,8.97,4000,8.975,2
3391,2015-03-24 23:01:00,8.97,8.97,8.96,8.96,54000,8.9696,3
3392,2015-03-24 23:02:00,8.96,8.96,8.95,8.95,156000,8.9542,5
3393,2015-03-24 23:03:00,8.95,8.95,8.94,8.94,128000,8.9445,7
3394,2015-03-24 23:04:00,8.94,8.94,8.94,8.94,0,8.94,0
3395,2015-03-24 23:05:00,8.94,8.96,8.94,8.95,164000,8.9489,9
3396,2015-03-24 23:06:00,8.95,8.95,8.95,8.95,116000,8.95,3
3397,2015-03-24 23:07:00,8.96,8.97,8.96,8.97,50000,8.9604,4
3398,2015-03-24 23:08:00,8.97,8.97,8.96,8.96,66000,8.963,4
3399,2015-03-24 23:09:00,8.96,8.96,8.96,8.96,4000,8.96,1
3400,2015-03-24 23:10:00,8.96,8.96,8.96,8.96,34000,8.96,4
3401,2015-03-24 23:11:00,8.96,8.96,8.96,8.96,0,8.96,0
3402,2015-03-24 23:12:00,8.96,8.96,8.95,8.95,56000,8.9507,2
3403,2015-03-24 23:13:00,8.95,8.95,8.95,8.95,48000,8.95,3
3404,2015-03-24 23:14:00,8.94,8.94,8.94,8.94,2000,8.94,1
3405,2015-03-24 23:15:00,8.94,8.94,8.94,8.94,0,8.94,0
3406,2015-03-24 23:16:00,8.94,8.94,8.94,8.94,0,8.94,0
3407,2015-03-24 23:17:00,8.94,8.94,8.94,8.94,0,8.94,0
3408,2015-03-24 23:18:00,8.96,8.96,8.96,8.96,2000,8.96,1
3409,2015-03-24 23:19:00,8.96,8.97,8.96,8.96,152000,8.9616,5
3410,2015-03-24 23:20:00,8.95,8.95,8.95,8.95,2000,8.95,1
3411,2015-03-24 23:21:00,8.96,8.96,8.95,8.95,106000,8.9511,6
3412,2015-03-24 23:22:00,8.95,8.95,8.95,8.95,2000,8.95,1
3413,2015-03-24 23:23:00,8.95,8.95,8.95,8.95,56000,8.95,4
3414,2015-03-24 23:24:00,8.95,8.95,8.95,8.95,0,8.95,0
3415,2015-03-24 23:25:00,8.95,8.95,8.94,8.94,6000,8.9467,2
3416,2015-03-24 23:26:00,8.94,8.94,8.94,8.94,0,8.94,0
3417,2015-03-24 23:27:00,8.94,8.94,8.93,8.93,166000,8.9398,4
3418,2015-03-24 23:28:00,8.94,8.94,8.93,8.93,6000,8.9367,2
3419,2015-03-24 23:29:00,8.93,8.93,8.93,8.93,0,8.93,0
3420,2015-03-24 23:30:00,8.93,8.93,8.93,8.93,76000,8.93,2
3421,2015-03-24 23:31:00,8.92,8.92,8.92,8.92,38000,8.92,4
3422,2015-03-24 23:32:00,8.92,8.92,8.91,8.91,78000,8.9118,5
3423,2015-03-24 23:33:00,8.92,8.92,8.91,8.91,12000,8.9117,2
3424,2015-03-24 23:34:00,8.91,8.92,8.91,8.92,64000,8.9116,5
3425,2015-03-24 23:35:00,8.92,8.92,8.91,8.91,28000,8.9121,5
3426,2015-03-24 23:36:00,8.91,8.91,8.91,8.91,38000,8.91,5
3427,2015-03-24 23:37:00,8.91,8.91,8.91,8.91,20000,8.91,1
3428,2015-03-24 23:38:00,8.91,8.92,8.9,8.91,152000,8.9116,8
3429,2015-03-24 23:39:00,8.91,8.91,8.91,8.91,0,8.91,0
3430,2015-03-24 23:40:00,8.91,8.91,8.91,8.91,0,8.91,0
3431,2015-03-24 23:41:00,8.91,8.91,8.91,8.91,0,8.91,0
3432,2015-03-24 23:42:00,8.92,8.92,8.92,8.92,4000,8.92,2
3433,2015-03-24 23:43:00,8.92,8.92,8.92,8.92,2000,8.92,1
3434,2015-03-24 23:44:00,8.92,8.93,8.92,8.93,86000,8.923,8
3435,2015-03-24 23:45:00,8.94,8.94,8.93,8.93,18000,8.9389,3
3436,2015-03-24 23:46:00,8.95,8.95,8.95,8.95,10000,8.95,1
3437,2015-03-24 23:47:00,8.94,8.94,8.94,8.94,8000,8.94,2
3438,2015-03-24 23:48:00,8.94,8.94,8.94,8.94,0,8.94,0
3439,2015-03-24 23:49:00,8.94,8.94,8.94,8.94,0,8.94,0
3440,2015-03-24 23:50:00,8.94,8.94,8.94,8.94,0,8.94,0
3441,2015-03-24 23:51:00,8.94,8.94,8.94,8.94,0,8.94,0
3442,2015-03-24 23:52:00,8.95,8.95,8.94,8.94,16000,8.9488,4
3443,2015-03-24 23:53:00,8.95,8.95,8.95,8.95,4000,8.95,1
3444,2015-03-24 23:54:00,8.95,8.96,8.95,8.96,58000,8.9507,2
3445,2015-03-24 23:55:00,8.95,8.95,8.94,8.94,88000,8.943,5
3446,2015-03-24 23:56:00,8.93,8.93,8.92,8.92,52000,8.9292,5
3447,2015-03-24 23:57:00,8.93,8.93,8.93,8.93,6000,8.93,2
3448,2015-03-24 23:58:00,8.93,8.93,8.93,8.93,0,8.93,0
3449,2015-03-24 23:59:00,8.93,8.94,8.93,8.94,64000,8.9391,3
3450,2015-03-25 01:00:00,8.94,8.94,8.94,8.94,0,8.94,0
3451,2015-03-25 01:01:00,8.93,8.95,8.93,8.94,26000,8.9362,4
3452,2015-03-25 01:02:00,8.94,8.94,8.94,8.94,0,8.94,0
3453,2015-03-25 01:03:00,8.93,8.93,8.93,8.93,2000,8.93,1
3454,2015-03-25 01:04:00,8.94,8.94,8.94,8.94,86000,8.94,5
3455,2015-03-25 01:05:00,8.95,8.96,8.95,8.96,68000,8.955,5
3456,2015-03-25 01:06:00,8.96,8.96,8.95,8.95,28000,8.9593,5
3457,2015-03-25 01:07:00,8.96,8.97,8.96,8.97,6000,8.9633,3
3458,2015-03-25 01:08:00,8.96,8.96,8.95,8.95,66000,8.9518,7
3459,2015-03-25 01:09:00,8.96,8.96,8.96,8.96,24000,8.96,5
3460,2015-03-25 01:10:00,8.96,8.96,8.96,8.96,8000,8.96,3
3461,2015-03-25 01:11:00,8.96,8.98,8.96,8.98,142000,8.9644,10
3462,2015-03-25 01:12:00,8.98,8.98,8.97,8.97,10000,8.974,3
3463,2015-03-25 01:13:00,8.98,8.98,8.98,8.98,4000,8.98,2
3464,2015-03-25 01:14:00,8.98,8.98,8.98,8.98,6000,8.98,2
3465,2015-03-25 01:15:00,8.98,8.98,8.98,8.98,0,8.98,0
3466,2015-03-25 01:16:00,8.98,8.98,8.98,8.98,2000,8.98,1
3467,2015-03-25 01:17:00,8.98,8.98,8.98,8.98,26000,8.98,1
3468,2015-03-25 01:18:00,8.98,8.98,8.98,8.98,0,8.98,0
3469,2015-03-25 01:19:00,8.98,8.98,8.98,8.98,0,8.98,0
3470,2015-03-25 01:20:00,8.97,8.97,8.96,8.96,136000,8.9653,6
3471,2015-03-25 01:21:00,8.97,8.97,8.97,8.97,2000,8.97,1
3472,2015-03-25 01:22:00,8.97,8.97,8.97,8.97,0,8.97,0
3473,2015-03-25 01:23:00,8.95,8.96,8.95,8.95,20000,8.954,4
3474,2015-03-25 01:24:00,8.96,8.96,8.96,8.96,4000,8.96,2
3475,2015-03-25 01:25:00,8.96,8.96,8.96,8.96,16000,8.96,4
3476,2015-03-25 01:26:00,8.97,8.97,8.96,8.96,22000,8.9645,5
3477,2015-03-25 01:27:00,8.97,8.97,8.97,8.97,38000,8.97,4
3478,2015-03-25 01:28:00,8.97,8.97,8.97,8.97,0,8.97,0
3479,2015-03-25 01:29:00,8.96,8.97,8.96,8.97,8000,8.965,3
3480,2015-03-25 01:30:00,8.96,8.96,8.96,8.96,4000,8.96,2
3481,2015-03-25 01:31:00,8.96,8.96,8.96,8.96,2000,8.96,1
3482,2015-03-25 01:32:00,8.96,8.96,8.96,8.96,4000,8.96,2
3483,2015-03-25 01:33:00,8.96,8.96,8.96,8.96,2000,8.96,1
3484,2015-03-25 01:34:00,8.96,8.96,8.95,8.96,84000,8.9574,3
3485,2015-03-25 01:35:00,8.95,8.95,8.95,8.95,26000,8.95,4
3486,2015-03-25 01:36:00,8.95,8.95,8.94,8.94,4000,8.945,2
3487,2015-03-25 01:37:00,8.95,8.95,8.95,8.95,2000,8.95,1
3488,2015-03-25 01:38:00,8.95,8.95,8.94,8.94,94000,8.9498,3
3489,2015-03-25 01:39:00,8.95,8.95,8.95,8.95,10000,8.95,3
3490,2015-03-25 01:40:00,8.95,8.95,8.95,8.95,0,8.95,0
3491,2015-03-25 01:41:00,8.95,8.95,8.95,8.95,0,8.95,0
3492,2015-03-25 01:42:00,8.96,8.96,8.96,8.96,6000,8.96,1
3493,2015-03-25 01:43:00,8.96,8.96,8.96,8.96,4000,8.96,2
3494,2015-03-25 01:44:00,8.96,8.96,8.95,8.96,150000,8.9599,11
3495,2015-03-25 01:45:00,8.96,8.97,8.96,8.97,16000,8.9625,3
3496,2015-03-25 01:46:00,8.97,8.97,8.97,8.97,62000,8.97,2
3497,2015-03-25 01:47:00,8.97,8.97,8.97,8.97,38000,8.97,4
3498,2015-03-25 01:48:00,8.97,8.97,8.97,8.97,12000,8.97,3
3499,2015-03-25 01:49:00,8.97,8.97,8.97,8.97,4000,8.97,1
3500,2015-03-25 01:50:00,8.97,8.97,8.96,8.96,12000,8.9683,2
3501,2015-03-25 01:51:00,8.97,8.97,8.97,8.97,16000,8.97,1
3502,2015-03-25 01:52:00,8.97,8.97,8.97,8.97,4000,8.97,1
3503,2015-03-25 01:53:00,8.97,8.97,8.96,8.97,20000,8.965,4
3504,2015-03-25 01:54:00,8.97,8.97,8.97,8.97,0,8.97,0
3505,2015-03-25 01:55:00,8.97,8.97,8.96,8.96,4000,8.965,2
3506,2015-03-25 01:56:00,8.97,8.98,8.97,8.98,184000,8.9738,14
3507,2015-03-25 01:57:00,8.99,8.99,8.98,8.98,34000,8.9888,5
3508,2015-03-25 01:58:00,8.99,8.99,8.97,8.97,10000,8.986,3
3509,2015-03-25 01:59:00,8.97,8.97,8.97,8.97,2000,8.97,1
3510,2015-03-25 02:00:00,8.97,8.97,8.97,8.97,0,8.97,0
3511,2015-03-25 02:01:00,8.97,8.97,8.97,8.97,0,8.97,0
3512,2015-03-25 02:02:00,8.98,8.98,8.98,8.98,40000,8.98,5
3513,2015-03-25 02:03:00,8.97,8.97,8.97,8.97,86000,8.97,2
3514,2015-03-25 02:04:00,8.97,8.97,8.97,8.97,2000,8.97,1
3515,2015-03-25 02:05:00,8.97,8.97,8.97,8.97,92000,8.97,6
3516,2015-03-25 02:06:00,8.97,8.97,8.97,8.97,0,8.97,0
3517,2015-03-25 02:07:00,8.96,8.97,8.96,8.97,72000,8.9697,4
3518,2015-03-25 02:08:00,8.97,8.97,8.97,8.97,10000,8.97,1
3519,2015-03-25 02:09:00,8.97,8.97,8.95,8.95,108000,8.9598,6
3520,2015-03-25 02:10:00,8.95,8.95,8.95,8.95,80000,8.95,2
3521,2015-03-25 02:11:00,8.94,8.95,8.94,8.94,30000,8.942,5
3522,2015-03-25 02:12:00,8.94,8.94,8.93,8.93,38000,8.9384,3
3523,2015-03-25 02:13:00,8.93,8.93,8.92,8.92,22000,8.9255,4
3524,2015-03-25 02:14:00,8.92,8.92,8.92,8.92,2000,8.92,1
3525,2015-03-25 02:15:00,8.93,8.93,8.93,8.93,2000,8.93,1
3526,2015-03-25 02:16:00,8.92,8.92,8.92,8.92,72000,8.92,3
3527,2015-03-25 02:17:00,8.92,8.93,8.92,8.93,6000,8.9233,2
3528,2015-03-25 02:18:00,8.93,8.93,8.93,8.93,0,8.93,0
3529,2015-03-25 02:19:00,8.94,8.94,8.94,8.94,50000,8.94,4
3530,2015-03-25 02:20:00,8.94,8.94,8.94,8.94,0,8.94,0
3531,2015-03-25 02:21:00,8.93,8.93,8.93,8.93,2000,8.93,1
3532,2015-03-25 02:22:00,8.93,8.93,8.92,8.92,82000,8.9293,4
3533,2015-03-25 02:23:00,8.92,8.93,8.92,8.93,20000,8.927,4
3534,2015-03-25 02:24:00,8.93,8.93,8.93,8.93,34000,8.93,2
3535,2015-03-25 02:25:00,8.92,8.92,8.92,8.92,4000,8.92,1
3536,2015-03-25 02:26:00,8.92,8.93,8.92,8.93,14000,8.9271,3
3537,2015-03-25 02:27:00,8.92,8.95,8.92,8.95,332000,8.9342,25
3538,2015-03-25 02:28:00,8.96,8.96,8.96,8.96,10000,8.96,1
3539,2015-03-25 02:29:00,8.93,8.94,8.93,8.93,108000,8.9389,10
3540,2015-03-25 02:30:00,8.95,8.95,8.95,8.95,14000,8.95,1
3541,2015-03-25 02:31:00,8.93,8.93,8.93,8.93,2000,8.93,1
3542,2015-03-25 02:32:00,8.93,8.93,8.93,8.93,24000,8.93,1
3543,2015-03-25 02:33:00,8.92,8.92,8.92,8.92,98000,8.92,2
3544,2015-03-25 02:34:00,8.92,8.93,8.91,8.91,58000,8.9234,8
3545,2015-03-25 02:35:00,8.91,8.91,8.91,8.91,14000,8.91,1
3546,2015-03-25 02:36:00,8.91,8.92,8.91,8.91,38000,8.9163,5
3547,2015-03-25 02:37:00,8.91,8.91,8.91,8.91,2000,8.91,1
3548,2015-03-25 02:38:00,8.91,8.92,8.91,8.92,18000,8.9133,3
3549,2015-03-25 02:39:00,8.91,8.92,8.91,8.91,224000,8.9109,7
3550,2015-03-25 02:40:00,8.91,8.92,8.9,8.9,216000,8.9049,7
3551,2015-03-25 02:41:00,8.91,8.92,8.91,8.91,58000,8.9107,5
3552,2015-03-25 02:42:00,8.91,8.91,8.9,8.9,24000,8.9092,5
3553,2015-03-25 02:43:00,8.9,8.91,8.9,8.91,14000,8.9071,3
3554,2015-03-25 02:44:00,8.91,8.91,8.91,8.91,24000,8.91,3
3555,2015-03-25 02:45:00,8.9,8.91,8.9,8.91,8000,8.905,2
3556,2015-03-25 02:46:00,8.9,8.91,8.9,8.91,26000,8.9092,3
3557,2015-03-25 02:47:00,8.91,8.91,8.89,8.9,332000,8.8967,9
3558,2015-03-25 02:48:00,8.88,8.88,8.88,8.88,10000,8.88,2
3559,2015-03-25 02:49:00,8.88,8.88,8.87,8.87,150000,8.8777,5
3560,2015-03-25 02:50:00,8.87,8.88,8.86,8.87,102000,8.8704,10
3561,2015-03-25 02:51:00,8.87,8.87,8.86,8.86,100000,8.867,3
3562,2015-03-25 02:52:00,8.86,8.86,8.86,8.86,8000,8.86,3
3563,2015-03-25 02:53:00,8.87,8.87,8.86,8.86,14000,8.8643,3
3564,2015-03-25 02:54:00,8.86,8.86,8.86,8.86,8000,8.86,2
3565,2015-03-25 02:55:00,8.87,8.87,8.87,8.87,6000,8.87,2
3566,2015-03-25 02:56:00,8.86,8.87,8.86,8.87,70000,8.8637,7
3567,2015-03-25 02:57:00,8.87,8.87,8.86,8.86,234000,8.8606,6
3568,2015-03-25 02:58:00,8.85,8.86,8.85,8.85,38000,8.8526,6
3569,2015-03-25 02:59:00,8.86,8.86,8.85,8.86,178000,8.8599,6
3570,2015-03-25 03:00:00,8.87,8.87,8.86,8.86,8000,8.865,2
3571,2015-03-25 03:01:00,8.86,8.86,8.86,8.86,58000,8.86,6
3572,2015-03-25 03:02:00,8.86,8.86,8.85,8.86,102000,8.8598,11
3573,2015-03-25 03:03:00,8.86,8.86,8.86,8.86,22000,8.86,1
3574,2015-03-25 03:04:00,8.87,8.87,8.87,8.87,28000,8.87,5
3575,2015-03-25 03:05:00,8.87,8.87,8.86,8.87,82000,8.8698,5
3576,2015-03-25 03:06:00,8.87,8.87,8.86,8.87,60000,8.8693,6
3577,2015-03-25 03:07:00,8.87,8.87,8.87,8.87,10000,8.87,2
3578,2015-03-25 03:08:00,8.86,8.87,8.86,8.87,104000,8.8698,6
3579,2015-03-25 03:09:00,8.87,8.87,8.87,8.87,12000,8.87,2
3580,2015-03-25 03:10:00,8.87,8.87,8.87,8.87,0,8.87,0
3581,2015-03-25 03:11:00,8.87,8.87,8.87,8.87,92000,8.87,4
3582,2015-03-25 03:12:00,8.86,8.87,8.86,8.87,104000,8.8688,5
3583,2015-03-25 03:13:00,8.86,8.87,8.86,8.87,8000,8.8675,2
3584,2015-03-25 03:14:00,8.87,8.87,8.87,8.87,20000,8.87,2
3585,2015-03-25 03:15:00,8.87,8.87,8.87,8.87,10000,8.87,1
3586,2015-03-25 03:16:00,8.86,8.87,8.86,8.87,78000,8.8685,5
3587,2015-03-25 03:17:00,8.87,8.87,8.86,8.86,28000,8.8686,5
3588,2015-03-25 03:18:00,8.87,8.87,8.86,8.87,58000,8.8693,5
3589,2015-03-25 03:19:00,8.87,8.87,8.86,8.87,18000,8.8678,4
3590,2015-03-25 03:20:00,8.87,8.87,8.87,8.87,6000,8.87,1
3591,2015-03-25 03:21:00,8.87,8.87,8.86,8.86,192000,8.863,6
3592,2015-03-25 03:22:00,8.87,8.87,8.86,8.86,48000,8.8663,8
3593,2015-03-25 03:23:00,8.87,8.87,8.86,8.86,62000,8.8694,4
3594,2015-03-25 03:24:00,8.87,8.87,8.86,8.86,18000,8.8622,4
3595,2015-03-25 03:25:00,8.86,8.87,8.86,8.86,68000,8.8671,7
3596,2015-03-25 03:26:00,8.87,8.87,8.86,8.86,18000,8.8644,5
3597,2015-03-25 03:27:00,8.87,8.87,8.86,8.87,136000,8.8691,10
3598,2015-03-25 03:28:00,8.87,8.87,8.87,8.87,38000,8.87,4
3599,2015-03-25 03:29:00,8.87,8.89,8.87,8.88,248000,8.8823,15
3600,2015-03-25 03:30:00,8.89,8.91,8.89,8.9,120000,8.8993,11
3601,2015-03-25 03:31:00,8.9,8.9,8.9,8.9,0,8.9,0
3602,2015-03-25 03:32:00,8.9,8.9,8.9,8.9,4000,8.9,2
3603,2015-03-25 03:33:00,8.91,8.91,8.91,8.91,10000,8.91,1
3604,2015-03-25 03:34:00,8.91,8.91,8.9,8.9,100000,8.9044,4
3605,2015-03-25 03:35:00,8.9,8.9,8.9,8.9,6000,8.9,2
3606,2015-03-25 03:36:00,8.9,8.91,8.89,8.89,196000,8.9001,7
3607,2015-03-25 03:37:00,8.88,8.88,8.87,8.88,122000,8.8718,6
3608,2015-03-25 03:38:00,8.88,8.9,8.88,8.9,594000,8.8909,11
3609,2015-03-25 03:39:00,8.9,8.9,8.88,8.88,104000,8.8987,4
3610,2015-03-25 03:40:00,8.89,8.89,8.88,8.88,28000,8.8814,3
3611,2015-03-25 03:41:00,8.88,8.89,8.88,8.88,58000,8.8848,4
3612,2015-03-25 03:42:00,8.88,8.88,8.88,8.88,26000,8.88,1
3613,2015-03-25 03:43:00,8.89,8.89,8.88,8.88,28000,8.8807,3
3614,2015-03-25 03:44:00,8.88,8.89,8.88,8.89,34000,8.8806,3
3615,2015-03-25 03:45:00,8.88,8.88,8.87,8.87,274000,8.8789,5
3616,2015-03-25 03:46:00,8.87,8.87,8.87,8.87,48000,8.87,6
3617,2015-03-25 03:47:00,8.87,8.87,8.87,8.87,68000,8.87,5
3618,2015-03-25 03:48:00,8.88,8.88,8.87,8.87,188000,8.8702,15
3619,2015-03-25 03:49:00,8.86,8.87,8.86,8.86,54000,8.8604,4
3620,2015-03-25 03:50:00,8.86,8.87,8.86,8.87,156000,8.8609,8
3621,2015-03-25 03:51:00,8.86,8.87,8.86,8.86,110000,8.8629,11
3622,2015-03-25 03:52:00,8.86,8.87,8.86,8.86,94000,8.8613,10
3623,2015-03-25 03:53:00,8.86,8.87,8.86,8.87,100000,8.8614,12
3624,2015-03-25 03:54:00,8.86,8.87,8.86,8.86,100000,8.8618,15
3625,2015-03-25 03:55:00,8.86,8.88,8.86,8.88,628000,8.8709,27
3626,2015-03-25 03:56:00,8.87,8.88,8.87,8.87,106000,8.8768,19
3627,2015-03-25 03:57:00,8.88,8.88,8.87,8.88,164000,8.8765,22
3628,2015-03-25 03:58:00,8.88,8.88,8.87,8.87,270000,8.8747,31
3629,2015-03-25 03:59:00,8.87,8.92,8.87,8.92,1272000,8.8813,85
3630,2015-03-25 21:30:00,8.93,8.93,8.87,8.88,450000,8.8984,38
3631,2015-03-25 21:31:00,8.88,8.9,8.86,8.89,108000,8.8794,15
3632,2015-03-25 21:32:00,8.89,8.9,8.86,8.86,110000,8.8807,16
3633,2015-03-25 21:33:00,8.88,8.88,8.85,8.88,100000,8.8666,12
3634,2015-03-25 21:34:00,8.87,8.88,8.86,8.88,26000,8.8762,6
3635,2015-03-25 21:35:00,8.89,8.89,8.88,8.89,10000,8.888,5
3636,2015-03-25 21:36:00,8.89,8.89,8.89,8.89,8000,8.89,4
3637,2015-03-25 21:37:00,8.89,8.91,8.89,8.91,76000,8.8942,10
3638,2015-03-25 21:38:00,8.91,8.92,8.91,8.91,30000,8.9113,9
3639,2015-03-25 21:39:00,8.92,8.92,8.92,8.92,28000,8.92,10
3640,2015-03-25 21:40:00,8.92,8.92,8.89,8.89,84000,8.9074,11
3641,2015-03-25 21:41:00,8.89,8.9,8.89,8.9,126000,8.8938,5
3642,2015-03-25 21:42:00,8.91,8.91,8.91,8.91,4000,8.91,2
3643,2015-03-25 21:43:00,8.91,8.91,8.91,8.91,6000,8.91,3
3644,2015-03-25 21:44:00,8.91,8.91,8.9,8.9,18000,8.9044,8
3645,2015-03-25 21:45:00,8.91,8.91,8.86,8.86,170000,8.8884,25
3646,2015-03-25 21:46:00,8.87,8.87,8.87,8.87,144000,8.87,9
3647,2015-03-25 21:47:00,8.87,8.89,8.87,8.88,76000,8.8726,8
3648,2015-03-25 21:48:00,8.88,8.88,8.87,8.88,30000,8.876,5
3649,2015-03-25 21:49:00,8.88,8.88,8.87,8.87,32000,8.8731,8
3650,2015-03-25 21:50:00,8.87,8.87,8.87,8.87,0,8.87,0
3651,2015-03-25 21:51:00,8.86,8.86,8.85,8.85,226000,8.8508,10
3652,2015-03-25 21:52:00,8.85,8.86,8.84,8.86,18000,8.8533,5
3653,2015-03-25 21:53:00,8.86,8.87,8.86,8.86,34000,8.8606,7
3654,2015-03-25 21:54:00,8.86,8.86,8.86,8.86,0,8.86,0
3655,2015-03-25 21:55:00,8.85,8.85,8.84,8.84,50000,8.848,6
3656,2015-03-25 21:56:00,8.85,8.85,8.85,8.85,2000,8.85,1
3657,2015-03-25 21:57:00,8.84,8.84,8.81,8.81,188000,8.8289,16
3658,2015-03-25 21:58:00,8.81,8.81,8.8,8.8,54000,8.807,13
3659,2015-03-25 21:59:00,8.8,8.87,8.8,8.85,442000,8.8163,17
3660,2015-03-25 22:00:00,8.85,8.85,8.84,8.84,8000,8.8475,2
3661,2015-03-25 22:01:00,8.84,8.84,8.84,8.84,4000,8.84,1
3662,2015-03-25 22:02:00,8.84,8.84,8.83,8.84,66000,8.8388,7
3663,2015-03-25 22:03:00,8.84,8.84,8.83,8.83,28000,8.8357,4
3664,2015-03-25 22:04:00,8.83,8.83,8.83,8.83,0,8.83,0
3665,2015-03-25 22:05:00,8.83,8.83,8.8,8.81,112000,8.8182,24
3666,2015-03-25 22:06:00,8.81,8.81,8.8,8.8,10000,8.806,3
3667,2015-03-25 22:07:00,8.81,8.81,8.8,8.8,22000,8.8055,7
3668,2015-03-25 22:08:00,8.8,8.8,8.76,8.76,386000,8.7882,22
3669,2015-03-25 22:09:00,8.76,8.76,8.76,8.76,0,8.76,0
3670,2015-03-25 22:10:00,8.76,8.76,8.73,8.75,622000,8.7474,28
3671,2015-03-25 22:11:00,8.75,8.75,8.75,8.75,12000,8.75,2
3672,2015-03-25 22:12:00,8.75,8.75,8.75,8.75,24000,8.75,3
3673,2015-03-25 22:13:00,8.75,8.77,8.75,8.76,206000,8.7588,11
3674,2015-03-25 22:14:00,8.77,8.78,8.77,8.78,56000,8.7704,6
3675,2015-03-25 22:15:00,8.79,8.79,8.78,8.79,58000,8.7883,5
3676,2015-03-25 22:16:00,8.79,8.79,8.79,8.79,0,8.79,0
3677,2015-03-25 22:17:00,8.79,8.79,8.78,8.78,36000,8.7856,5
3678,2015-03-25 22:18:00,8.78,8.78,8.78,8.78,78000,8.78,5
3679,2015-03-25 22:19:00,8.78,8.79,8.78,8.79,18000,8.7856,3
3680,2015-03-25 22:20:00,8.79,8.79,8.79,8.79,0,8.79,0
3681,2015-03-25 22:21:00,8.79,8.79,8.79,8.79,0,8.79,0
3682,2015-03-25 22:22:00,8.79,8.79,8.77,8.77,138000,8.7793,6
3683,2015-03-25 22:23:00,8.77,8.77,8.77,8.77,0,8.77,0
3684,2015-03-25 22:24:00,8.77,8.77,8.77,8.77,0,8.77,0
3685,2015-03-25 22:25:00,8.77,8.77,8.77,8.77,0,8.77,0
3686,2015-03-25 22:26:00,8.77,8.78,8.77,8.77,110000,8.7716,6
3687,2015-03-25 22:27:00,8.77,8.77,8.77,8.77,0,8.77,0
3688,2015-03-25 22:28:00,8.78,8.78,8.78,8.78,2000,8.78,1
3689,2015-03-25 22:29:00,8.78,8.78,8.78,8.78,2000,8.78,1
3690,2015-03-25 22:30:00,8.78,8.78,8.78,8.78,12000,8.78,2
3691,2015-03-25 22:31:00,8.78,8.8,8.78,8.79,324000,8.7853,13
3692,2015-03-25 22:32:00,8.79,8.79,8.79,8.79,2000,8.79,1
3693,2015-03-25 22:33:00,8.78,8.78,8.78,8.78,26000,8.78,1
3694,2015-03-25 22:34:00,8.78,8.79,8.78,8.79,100000,8.7812,6
3695,2015-03-25 22:35:00,8.79,8.82,8.79,8.82,396000,8.7981,13
3696,2015-03-25 22:36:00,8.82,8.82,8.82,8.82,0,8.82,0
3697,2015-03-25 22:37:00,8.82,8.84,8.82,8.84,112000,8.8268,9
3698,2015-03-25 22:38:00,8.86,8.86,8.86,8.86,30000,8.86,2
3699,2015-03-25 22:39:00,8.86,8.86,8.86,8.86,10000,8.86,1
3700,2015-03-25 22:40:00,8.84,8.85,8.84,8.85,142000,8.8452,6
3701,2015-03-25 22:41:00,8.85,8.85,8.85,8.85,4000,8.85,2
3702,2015-03-25 22:42:00,8.84,8.84,8.84,8.84,38000,8.84,4
3703,2015-03-25 22:43:00,8.83,8.83,8.82,8.82,46000,8.8274,2
3704,2015-03-25 22:44:00,8.82,8.82,8.82,8.82,0,8.82,0
3705,2015-03-25 22:45:00,8.82,8.82,8.82,8.82,0,8.82,0
3706,2015-03-25 22:46:00,8.82,8.82,8.82,8.82,14000,8.82,1
3707,2015-03-25 22:47:00,8.81,8.81,8.81,8.81,2000,8.81,1
3708,2015-03-25 22:48:00,8.81,8.81,8.81,8.81,0,8.81,0
3709,2015-03-25 22:49:00,8.81,8.81,8.81,8.81,0,8.81,0
3710,2015-03-25 22:50:00,8.81,8.82,8.81,8.82,26000,8.8192,6
3711,2015-03-25 22:51:00,8.82,8.82,8.82,8.82,0,8.82,0
3712,2015-03-25 22:52:00,8.82,8.82,8.82,8.82,0,8.82,0
3713,2015-03-25 22:53:00,8.82,8.82,8.82,8.82,8000,8.82,2
3714,2015-03-25 22:54:00,8.82,8.82,8.82,8.82,0,8.82,0
3715,2015-03-25 22:55:00,8.81,8.81,8.78,8.78,162000,8.8043,9
3716,2015-03-25 22:56:00,8.78,8.83,8.78,8.83,440000,8.7985,10
3717,2015-03-25 22:57:00,8.81,8.81,8.81,8.81,30000,8.81,1
3718,2015-03-25 22:58:00,8.81,8.81,8.81,8.81,0,8.81,0
3719,2015-03-25 22:59:00,8.81,8.81,8.81,8.81,0,8.81,0
3720,2015-03-25 23:00:00,8.82,8.82,8.82,8.82,10000,8.82,1
3721,2015-03-25 23:01:00,8.82,8.82,8.82,8.82,0,8.82,0
3722,2015-03-25 23:02:00,8.82,8.82,8.82,8.82,10000,8.82,1
3723,2015-03-25 23:03:00,8.82,8.82,8.8,8.81,162000,8.8093,8
3724,2015-03-25 23:04:00,8.81,8.81,8.81,8.81,0,8.81,0
3725,2015-03-25 23:05:00,8.81,8.81,8.81,8.81,0,8.81,0
3726,2015-03-25 23:06:00,8.79,8.79,8.78,8.79,204000,8.7875,7
3727,2015-03-25 23:07:00,8.79,8.79,8.79,8.79,2000,8.79,1
3728,2015-03-25 23:08:00,8.79,8.79,8.79,8.79,0,8.79,0
3729,2015-03-25 23:09:00,8.79,8.79,8.79,8.79,0,8.79,0
3730,2015-03-25 23:10:00,8.79,8.79,8.79,8.79,96000,8.79,2
3731,2015-03-25 23:11:00,8.78,8.78,8.78,8.78,2000,8.78,1
3732,2015-03-25 23:12:00,8.78,8.78,8.78,8.78,82000,8.78,7
3733,2015-03-25 23:13:00,8.78,8.78,8.78,8.78,0,8.78,0
3734,2015-03-25 23:14:00,8.79,8.8,8.79,8.8,296000,8.7915,3
3735,2015-03-25 23:15:00,8.8,8.8,8.8,8.8,0,8.8,0
3736,2015-03-25 23:16:00,8.8,8.8,8.79,8.79,50000,8.7992,2
3737,2015-03-25 23:17:00,8.79,8.79,8.77,8.77,98000,8.7837,5
3738,2015-03-25 23:18:00,8.77,8.77,8.77,8.77,0,8.77,0
3739,2015-03-25 23:19:00,8.77,8.77,8.77,8.77,0,8.77,0
3740,2015-03-25 23:20:00,8.78,8.79,8.78,8.79,32000,8.7894,3
3741,2015-03-25 23:21:00,8.79,8.8,8.79,8.8,198000,8.7925,6
3742,2015-03-25 23:22:00,8.8,8.8,8.8,8.8,0,8.8,0
3743,2015-03-25 23:23:00,8.8,8.8,8.8,8.8,0,8.8,0
3744,2015-03-25 23:24:00,8.8,8.8,8.79,8.79,60000,8.7977,5
3745,2015-03-25 23:25:00,8.79,8.79,8.79,8.79,0,8.79,0
3746,2015-03-25 23:26:00,8.79,8.79,8.78,8.79,88000,8.7893,6
3747,2015-03-25 23:27:00,8.79,8.79,8.77,8.77,16000,8.7838,5
3748,2015-03-25 23:28:00,8.77,8.77,8.77,8.77,0,8.77,0
3749,2015-03-25 23:29:00,8.77,8.77,8.77,8.77,0,8.77,0
3750,2015-03-25 23:30:00,8.79,8.79,8.78,8.78,74000,8.7892,6
3751,2015-03-25 23:31:00,8.78,8.78,8.78,8.78,0,8.78,0
3752,2015-03-25 23:32:00,8.78,8.78,8.78,8.78,0,8.78,0
3753,2015-03-25 23:33:00,8.79,8.79,8.77,8.77,122000,8.7785,9
3754,2015-03-25 23:34:00,8.77,8.78,8.77,8.78,44000,8.7714,8
3755,2015-03-25 23:35:00,8.78,8.78,8.78,8.78,0,8.78,0
3756,2015-03-25 23:36:00,8.79,8.79,8.79,8.79,6000,8.79,1
3757,2015-03-25 23:37:00,8.77,8.77,8.77,8.77,12000,8.77,2
3758,2015-03-25 23:38:00,8.77,8.77,8.76,8.76,78000,8.7679,2
3759,2015-03-25 23:39:00,8.76,8.76,8.76,8.76,0,8.76,0
3760,2015-03-25 23:40:00,8.76,8.76,8.76,8.76,0,8.76,0
3761,2015-03-25 23:41:00,8.78,8.8,8.78,8.79,336000,8.783,10
3762,2015-03-25 23:42:00,8.79,8.79,8.79,8.79,0,8.79,0
3763,2015-03-25 23:43:00,8.79,8.79,8.78,8.79,94000,8.7896,6
3764,2015-03-25 23:44:00,8.79,8.8,8.79,8.8,12000,8.7933,3
3765,2015-03-25 23:45:00,8.79,8.79,8.78,8.78,28000,8.7879,6
3766,2015-03-25 23:46:00,8.79,8.79,8.79,8.79,8000,8.79,2
3767,2015-03-25 23:47:00,8.8,8.8,8.79,8.79,8000,8.7975,2
3768,2015-03-25 23:48:00,8.79,8.8,8.79,8.8,62000,8.7968,4
3769,2015-03-25 23:49:00,8.8,8.8,8.79,8.79,10000,8.796,3
3770,2015-03-25 23:50:00,8.79,8.79,8.79,8.79,76000,8.79,4
3771,2015-03-25 23:51:00,8.8,8.81,8.8,8.8,248000,8.8002,9
3772,2015-03-25 23:52:00,8.8,8.8,8.8,8.8,0,8.8,0
3773,2015-03-25 23:53:00,8.81,8.81,8.81,8.81,6000,8.81,2
3774,2015-03-25 23:54:00,8.8,8.81,8.8,8.8,36000,8.8006,4
3775,2015-03-25 23:55:00,8.8,8.8,8.8,8.8,0,8.8,0
3776,2015-03-25 23:56:00,8.8,8.8,8.8,8.8,26000,8.8,3
3777,2015-03-25 23:57:00,8.8,8.8,8.8,8.8,2000,8.8,1
3778,2015-03-25 23:58:00,8.79,8.79,8.79,8.79,64000,8.79,1
3779,2015-03-25 23:59:00,8.78,8.82,8.78,8.82,140000,8.7959,6
3780,2015-03-26 01:00:00,8.78,8.82,8.78,8.82,82000,8.8071,7
3781,2015-03-26 01:01:00,8.81,8.81,8.81,8.81,6000,8.81,1
3782,2015-03-26 01:02:00,8.8,8.81,8.8,8.81,168000,8.8099,12
3783,2015-03-26 01:03:00,8.81,8.82,8.79,8.8,262000,8.8091,11
3784,2015-03-26 01:04:00,8.8,8.8,8.8,8.8,0,8.8,0
3785,2015-03-26 01:05:00,8.8,8.8,8.8,8.8,2000,8.8,1
3786,2015-03-26 01:06:00,8.8,8.8,8.8,8.8,0,8.8,0
3787,2015-03-26 01:07:00,8.8,8.8,8.8,8.8,0,8.8,0
3788,2015-03-26 01:08:00,8.8,8.8,8.8,8.8,226000,8.8,3
3789,2015-03-26 01:09:00,8.81,8.82,8.81,8.82,236000,8.8126,11
3790,2015-03-26 01:10:00,8.83,8.83,8.82,8.82,158000,8.828,15
3791,2015-03-26 01:11:00,8.83,8.84,8.83,8.83,40000,8.839,7
3792,2015-03-26 01:12:00,8.83,8.84,8.83,8.84,24000,8.8317,5
3793,2015-03-26 01:13:00,8.84,8.84,8.84,8.84,0,8.84,0
3794,2015-03-26 01:14:00,8.84,8.84,8.84,8.84,14000,8.84,2
3795,2015-03-26 01:15:00,8.84,8.85,8.83,8.83,374000,8.8417,9
3796,2015-03-26 01:16:00,8.83,8.83,8.83,8.83,0,8.83,0
3797,2015-03-26 01:17:00,8.83,8.83,8.81,8.81,50000,8.8184,4
3798,2015-03-26 01:18:00,8.82,8.82,8.82,8.82,4000,8.82,1
3799,2015-03-26 01:19:00,8.82,8.82,8.82,8.82,0,8.82,0
3800,2015-03-26 01:20:00,8.82,8.82,8.82,8.82,0,8.82,0
3801,2015-03-26 01:21:00,8.82,8.82,8.82,8.82,0,8.82,0
3802,2015-03-26 01:22:00,8.82,8.82,8.82,8.82,0,8.82,0
3803,2015-03-26 01:23:00,8.82,8.82,8.82,8.82,4000,8.82,1
3804,2015-03-26 01:24:00,8.82,8.82,8.82,8.82,6000,8.82,1
3805,2015-03-26 01:25:00,8.82,8.82,8.82,8.82,0,8.82,0
3806,2015-03-26 01:26:00,8.82,8.82,8.82,8.82,0,8.82,0
3807,2015-03-26 01:27:00,8.81,8.81,8.81,8.81,2000,8.81,1
3808,2015-03-26 01:28:00,8.81,8.81,8.81,8.81,0,8.81,0
3809,2015-03-26 01:29:00,8.82,8.82,8.81,8.81,36000,8.8111,2
3810,2015-03-26 01:30:00,8.81,8.81,8.81,8.81,40000,8.81,6
3811,2015-03-26 01:31:00,8.81,8.81,8.81,8.81,0,8.81,0
3812,2015-03-26 01:32:00,8.81,8.81,8.81,8.81,10000,8.81,3
3813,2015-03-26 01:33:00,8.81,8.82,8.8,8.81,36000,8.8117,8
3814,2015-03-26 01:34:00,8.81,8.81,8.81,8.81,18000,8.81,3
3815,2015-03-26 01:35:00,8.81,8.81,8.81,8.81,62000,8.81,4
3816,2015-03-26 01:36:00,8.81,8.81,8.78,8.78,364000,8.7999,5
3817,2015-03-26 01:37:00,8.78,8.8,8.78,8.8,24000,8.785,4
3818,2015-03-26 01:38:00,8.8,8.8,8.8,8.8,0,8.8,0
3819,2015-03-26 01:39:00,8.79,8.79,8.79,8.79,166000,8.79,2
3820,2015-03-26 01:40:00,8.79,8.79,8.79,8.79,0,8.79,0
3821,2015-03-26 01:41:00,8.79,8.79,8.79,8.79,6000,8.79,1
3822,2015-03-26 01:42:00,8.79,8.79,8.79,8.79,8000,8.79,1
3823,2015-03-26 01:43:00,8.79,8.79,8.79,8.79,0,8.79,0
3824,2015-03-26 01:44:00,8.79,8.79,8.79,8.79,0,8.79,0
3825,2015-03-26 01:45:00,8.79,8.79,8.79,8.79,4000,8.79,1
3826,2015-03-26 01:46:00,8.79,8.79,8.79,8.79,10000,8.79,1
3827,2015-03-26 01:47:00,8.79,8.79,8.78,8.78,114000,8.7804,2
3828,2015-03-26 01:48:00,8.78,8.78,8.78,8.78,18000,8.78,2
3829,2015-03-26 01:49:00,8.78,8.78,8.78,8.78,0,8.78,0
3830,2015-03-26 01:50:00,8.79,8.81,8.79,8.81,374000,8.7957,5
3831,2015-03-26 01:51:00,8.81,8.81,8.81,8.81,6000,8.81,3
3832,2015-03-26 01:52:00,8.8,8.8,8.79,8.79,42000,8.7995,2
3833,2015-03-26 01:53:00,8.79,8.79,8.79,8.79,0,8.79,0
3834,2015-03-26 01:54:00,8.81,8.81,8.8,8.8,214000,8.8096,3
3835,2015-03-26 01:55:00,8.8,8.8,8.8,8.8,0,8.8,0
3836,2015-03-26 01:56:00,8.8,8.8,8.8,8.8,0,8.8,0
3837,2015-03-26 01:57:00,8.8,8.8,8.8,8.8,12000,8.8,4
3838,2015-03-26 01:58:00,8.8,8.8,8.8,8.8,0,8.8,0
3839,2015-03-26 01:59:00,8.8,8.8,8.79,8.79,80000,8.7963,2
3840,2015-03-26 02:00:00,8.79,8.79,8.79,8.79,6000,8.79,1
3841,2015-03-26 02:01:00,8.79,8.79,8.79,8.79,0,8.79,0
3842,2015-03-26 02:02:00,8.8,8.8,8.8,8.8,170000,8.8,3
3843,2015-03-26 02:03:00,8.79,8.79,8.79,8.79,24000,8.79,4
3844,2015-03-26 02:04:00,8.79,8.79,8.79,8.79,2000,8.79,1
3845,2015-03-26 02:05:00,8.79,8.79,8.77,8.77,212000,8.7754,12
3846,2015-03-26 02:06:00,8.77,8.77,8.77,8.77,20000,8.77,2
3847,2015-03-26 02:07:00,8.77,8.77,8.77,8.77,0,8.77,0
3848,2015-03-26 02:08:00,8.77,8.77,8.77,8.77,0,8.77,0
3849,2015-03-26 02:09:00,8.77,8.77,8.77,8.77,0,8.77,0
3850,2015-03-26 02:10:00,8.78,8.78,8.78,8.78,50000,8.78,1
3851,2015-03-26 02:11:00,8.77,8.77,8.77,8.77,2000,8.77,1
3852,2015-03-26 02:12:00,8.77,8.77,8.76,8.76,240000,8.7617,6
3853,2015-03-26 02:13:00,8.76,8.76,8.76,8.76,168000,8.76,4
3854,2015-03-26 02:14:00,8.76,8.76,8.76,8.76,0,8.76,0
3855,2015-03-26 02:15:00,8.76,8.76,8.74,8.74,422000,8.7474,4
3856,2015-03-26 02:16:00,8.73,8.73,8.73,8.73,28000,8.73,5
3857,2015-03-26 02:17:00,8.73,8.73,8.73,8.73,0,8.73,0
3858,2015-03-26 02:18:00,8.74,8.74,8.74,8.74,22000,8.74,2
3859,2015-03-26 02:19:00,8.74,8.74,8.73,8.73,242000,8.7302,8
3860,2015-03-26 02:20:00,8.73,8.73,8.73,8.73,0,8.73,0
3861,2015-03-26 02:21:00,8.73,8.73,8.72,8.73,264000,8.7257,5
3862,2015-03-26 02:22:00,8.73,8.73,8.73,8.73,68000,8.73,7
3863,2015-03-26 02:23:00,8.73,8.73,8.73,8.73,18000,8.73,3
3864,2015-03-26 02:24:00,8.74,8.74,8.74,8.74,10000,8.74,1
3865,2015-03-26 02:25:00,8.74,8.74,8.74,8.74,64000,8.74,3
3866,2015-03-26 02:26:00,8.74,8.75,8.74,8.75,12000,8.7483,2
3867,2015-03-26 02:27:00,8.75,8.75,8.75,8.75,44000,8.75,2
3868,2015-03-26 02:28:00,8.75,8.76,8.75,8.76,152000,8.7533,3
3869,2015-03-26 02:29:00,8.77,8.79,8.77,8.79,382000,8.7829,5
3870,2015-03-26 02:30:00,8.79,8.79,8.79,8.79,10000,8.79,2
3871,2015-03-26 02:31:00,8.79,8.79,8.78,8.78,114000,8.7807,3
3872,2015-03-26 02:32:00,8.78,8.78,8.78,8.78,14000,8.78,1
3873,2015-03-26 02:33:00,8.78,8.78,8.78,8.78,10000,8.78,1
3874,2015-03-26 02:34:00,8.78,8.78,8.78,8.78,0,8.78,0
3875,2015-03-26 02:35:00,8.78,8.78,8.78,8.78,2000,8.78,1
3876,2015-03-26 02:36:00,8.77,8.77,8.77,8.77,74000,8.77,1
3877,2015-03-26 02:37:00,8.77,8.77,8.77,8.77,0,8.77,0
3878,2015-03-26 02:38:00,8.77,8.77,8.77,8.77,56000,8.77,3
3879,2015-03-26 02:39:00,8.77,8.77,8.77,8.77,0,8.77,0
3880,2015-03-26 02:40:00,8.77,8.77,8.77,8.77,0,8.77,0
3881,2015-03-26 02:41:00,8.78,8.78,8.78,8.78,48000,8.78,3
3882,2015-03-26 02:42:00,8.78,8.78,8.78,8.78,76000,8.78,2
3883,2015-03-26 02:43:00,8.79,8.79,8.79,8.79,90000,8.79,4
3884,2015-03-26 02:44:00,8.8,8.8,8.8,8.8,6000,8.8,1
3885,2015-03-26 02:45:00,8.8,8.8,8.8,8.8,6000,8.8,1
3886,2015-03-26 02:46:00,8.8,8.8,8.8,8.8,2000,8.8,1
3887,2015-03-26 02:47:00,8.8,8.8,8.8,8.8,8000,8.8,2
3888,2015-03-26 02:48:00,8.8,8.8,8.8,8.8,6000,8.8,2
3889,2015-03-26 02:49:00,8.8,8.8,8.8,8.8,4000,8.8,1
3890,2015-03-26 02:50:00,8.8,8.8,8.8,8.8,0,8.8,0
3891,2015-03-26 02:51:00,8.8,8.8,8.8,8.8,100000,8.8,6
3892,2015-03-26 02:52:00,8.79,8.79,8.79,8.79,86000,8.79,2
3893,2015-03-26 02:53:00,8.79,8.79,8.79,8.79,0,8.79,0
3894,2015-03-26 02:54:00,8.79,8.79,8.79,8.79,10000,8.79,2
3895,2015-03-26 02:55:00,8.79,8.79,8.79,8.79,0,8.79,0
3896,2015-03-26 02:56:00,8.79,8.79,8.79,8.79,0,8.79,0
3897,2015-03-26 02:57:00,8.79,8.79,8.79,8.79,46000,8.79,2
3898,2015-03-26 02:58:00,8.79,8.79,8.78,8.78,24000,8.7808,2
3899,2015-03-26 02:59:00,8.78,8.78,8.78,8.78,0,8.78,0
3900,2015-03-26 03:00:00,8.78,8.78,8.78,8.78,0,8.78,0
3901,2015-03-26 03:01:00,8.77,8.77,8.77,8.77,4000,8.77,1
3902,2015-03-26 03:02:00,8.78,8.78,8.77,8.77,16000,8.7788,3
3903,2015-03-26 03:03:00,8.77,8.77,8.77,8.77,10000,8.77,2
3904,2015-03-26 03:04:00,8.78,8.78,8.78,8.78,14000,8.78,2
3905,2015-03-26 03:05:00,8.78,8.78,8.78,8.78,14000,8.78,2
3906,2015-03-26 03:06:00,8.78,8.78,8.78,8.78,8000,8.78,3
3907,2015-03-26 03:07:00,8.78,8.78,8.78,8.78,8000,8.78,1
3908,2015-03-26 03:08:00,8.78,8.79,8.78,8.78,352000,8.7802,8
3909,2015-03-26 03:09:00,8.79,8.79,8.79,8.79,2000,8.79,1
3910,2015-03-26 03:10:00,8.79,8.79,8.79,8.79,44000,8.79,3
3911,2015-03-26 03:11:00,8.79,8.79,8.79,8.79,0,8.79,0
3912,2015-03-26 03:12:00,8.79,8.79,8.79,8.79,0,8.79,0
3913,2015-03-26 03:13:00,8.79,8.79,8.79,8.79,0,8.79,0
3914,2015-03-26 03:14:00,8.79,8.8,8.79,8.8,238000,8.7924,9
3915,2015-03-26 03:15:00,8.81,8.81,8.8,8.8,8000,8.8075,2
3916,2015-03-26 03:16:00,8.8,8.8,8.79,8.79,82000,8.7998,3
3917,2015-03-26 03:17:00,8.8,8.8,8.8,8.8,6000,8.8,1
3918,2015-03-26 03:18:00,8.8,8.8,8.8,8.8,110000,8.8,4
3919,2015-03-26 03:19:00,8.79,8.8,8.79,8.8,6000,8.7967,2
3920,2015-03-26 03:20:00,8.8,8.8,8.8,8.8,0,8.8,0
3921,2015-03-26 03:21:00,8.8,8.8,8.8,8.8,2000,8.8,1
3922,2015-03-26 03:22:00,8.81,8.81,8.8,8.8,106000,8.8009,5
3923,2015-03-26 03:23:00,8.79,8.79,8.79,8.79,16000,8.79,1
3924,2015-03-26 03:24:00,8.79,8.79,8.79,8.79,8000,8.79,1
3925,2015-03-26 03:25:00,8.79,8.79,8.79,8.79,0,8.79,0
3926,2015-03-26 03:26:00,8.8,8.8,8.8,8.8,26000,8.8,3
3927,2015-03-26 03:27:00,8.8,8.8,8.79,8.8,36000,8.7978,5
3928,2015-03-26 03:28:00,8.8,8.8,8.8,8.8,28000,8.8,3
3929,2015-03-26 03:29:00,8.8,8.8,8.8,8.8,6000,8.8,1
3930,2015-03-26 03:30:00,8.8,8.8,8.8,8.8,42000,8.8,8
3931,2015-03-26 03:31:00,8.8,8.8,8.79,8.79,30000,8.798,5
3932,2015-03-26 03:32:00,8.8,8.8,8.8,8.8,24000,8.8,3
3933,2015-03-26 03:33:00,8.8,8.8,8.8,8.8,24000,8.8,3
3934,2015-03-26 03:34:00,8.8,8.8,8.79,8.8,54000,8.7981,7
3935,2015-03-26 03:35:00,8.8,8.8,8.8,8.8,20000,8.8,2
3936,2015-03-26 03:36:00,8.8,8.8,8.8,8.8,62000,8.8,6
3937,2015-03-26 03:37:00,8.8,8.8,8.8,8.8,22000,8.8,3
3938,2015-03-26 03:38:00,8.8,8.8,8.79,8.8,32000,8.7981,4
3939,2015-03-26 03:39:00,8.8,8.8,8.79,8.8,36000,8.7994,5
3940,2015-03-26 03:40:00,8.8,8.8,8.79,8.8,18000,8.7978,4
3941,2015-03-26 03:41:00,8.8,8.8,8.79,8.79,36000,8.7983,5
3942,2015-03-26 03:42:00,8.8,8.8,8.8,8.8,16000,8.8,4
3943,2015-03-26 03:43:00,8.8,8.8,8.79,8.8,130000,8.7995,8
3944,2015-03-26 03:44:00,8.8,8.8,8.8,8.8,42000,8.8,4
3945,2015-03-26 03:45:00,8.8,8.8,8.79,8.8,476000,8.8,13
3946,2015-03-26 03:46:00,8.8,8.8,8.8,8.8,2000,8.8,1
3947,2015-03-26 03:47:00,8.8,8.8,8.79,8.8,16000,8.7963,4
3948,2015-03-26 03:48:00,8.8,8.8,8.79,8.8,170000,8.7941,8
3949,2015-03-26 03:49:00,8.79,8.8,8.78,8.78,440000,8.789,7
3950,2015-03-26 03:50:00,8.79,8.79,8.79,8.79,84000,8.79,6
3951,2015-03-26 03:51:00,8.79,8.8,8.79,8.8,98000,8.7935,7
3952,2015-03-26 03:52:00,8.8,8.8,8.8,8.8,36000,8.8,8
3953,2015-03-26 03:53:00,8.8,8.8,8.79,8.79,430000,8.7907,11
3954,2015-03-26 03:54:00,8.8,8.8,8.79,8.8,42000,8.7981,11
3955,2015-03-26 03:55:00,8.79,8.8,8.77,8.77,780000,8.7875,23
3956,2015-03-26 03:56:00,8.78,8.79,8.77,8.79,166000,8.7801,16
3957,2015-03-26 03:57:00,8.78,8.79,8.78,8.79,58000,8.7855,12
3958,2015-03-26 03:58:00,8.79,8.79,8.78,8.79,312000,8.7861,35
3959,2015-03-26 03:59:00,8.78,8.79,8.76,8.76,526000,8.7746,54
3960,2015-03-26 21:30:00,8.68,8.76,8.68,8.73,168000,8.7393,29
3961,2015-03-26 21:31:00,8.74,8.74,8.71,8.72,90000,8.7287,20
3962,2015-03-26 21:32:00,8.72,8.74,8.72,8.74,76000,8.7361,15
3963,2015-03-26 21:33:00,8.73,8.75,8.73,8.73,70000,8.7369,11
3964,2015-03-26 21:34:00,8.74,8.75,8.73,8.74,48000,8.7413,9
3965,2015-03-26 21:35:00,8.74,8.74,8.73,8.73,16000,8.7375,4
3966,2015-03-26 21:36:00,8.73,8.73,8.71,8.71,54000,8.7219,13
3967,2015-03-26 21:37:00,8.72,8.74,8.72,8.73,94000,8.7268,17
3968,2015-03-26 21:38:00,8.75,8.75,8.74,8.74,32000,8.7488,6
3969,2015-03-26 21:39:00,8.75,8.75,8.74,8.74,20000,8.745,6
3970,2015-03-26 21:40:00,8.74,8.74,8.71,8.71,100000,8.7278,16
3971,2015-03-26 21:41:00,8.71,8.71,8.71,8.71,24000,8.71,8
3972,2015-03-26 21:42:00,8.71,8.71,8.7,8.71,20000,8.709,9
3973,2015-03-26 21:43:00,8.72,8.75,8.72,8.73,166000,8.7358,19
3974,2015-03-26 21:44:00,8.73,8.73,8.73,8.73,18000,8.73,4
3975,2015-03-26 21:45:00,8.73,8.76,8.73,8.73,24000,8.7325,9
3976,2015-03-26 21:46:00,8.74,8.74,8.74,8.74,32000,8.74,12
3977,2015-03-26 21:47:00,8.74,8.74,8.73,8.73,84000,8.7314,16
3978,2015-03-26 21:48:00,8.73,8.73,8.73,8.73,10000,8.73,2
3979,2015-03-26 21:49:00,8.73,8.73,8.72,8.72,38000,8.7279,7
3980,2015-03-26 21:50:00,8.72,8.73,8.71,8.71,102000,8.7265,12
3981,2015-03-26 21:51:00,8.71,8.71,8.71,8.71,10000,8.71,2
3982,2015-03-26 21:52:00,8.71,8.71,8.71,8.71,14000,8.71,4
3983,2015-03-26 21:53:00,8.71,8.72,8.71,8.71,18000,8.7111,6
3984,2015-03-26 21:54:00,8.71,8.71,8.71,8.71,50000,8.71,6
3985,2015-03-26 21:55:00,8.71,8.71,8.71,8.71,0,8.71,0
3986,2015-03-26 21:56:00,8.7,8.7,8.7,8.7,8000,8.7,2
3987,2015-03-26 21:57:00,8.71,8.71,8.7,8.7,16000,8.705,5
3988,2015-03-26 21:58:00,8.7,8.7,8.7,8.7,10000,8.7,4
3989,2015-03-26 21:59:00,8.7,8.7,8.7,8.7,16000,8.7,5
3990,2015-03-26 22:00:00,8.7,8.71,8.7,8.7,24000,8.7017,7
3991,2015-03-26 22:01:00,8.7,8.71,8.7,8.7,26000,8.7069,5
3992,2015-03-26 22:02:00,8.71,8.71,8.7,8.7,26000,8.7069,3
3993,2015-03-26 22:03:00,8.7,8.7,8.7,8.7,16000,8.7,4
3994,2015-03-26 22:04:00,8.7,8.71,8.7,8.7,22000,8.7055,6
3995,2015-03-26 22:05:00,8.7,8.71,8.7,8.71,42000,8.7081,6
3996,2015-03-26 22:06:00,8.7,8.71,8.7,8.7,10000,8.704,3
3997,2015-03-26 22:07:00,8.7,8.7,8.7,8.7,14000,8.7,4
3998,2015-03-26 22:08:00,8.7,8.71,8.7,8.7,10000,8.702,3
3999,2015-03-26 22:09:00,8.7,8.71,8.7,8.7,14000,8.7029,4
4000,2015-03-26 22:10:00,8.7,8.7,8.7,8.7,12000,8.7,3
4001,2015-03-26 22:11:00,8.7,8.7,8.7,8.7,12000,8.7,4
4002,2015-03-26 22:12:00,8.71,8.71,8.7,8.7,158000,8.7001,9
4003,2015-03-26 22:13:00,8.69,8.69,8.69,8.69,6000,8.69,2
4004,2015-03-26 22:14:00,8.69,8.7,8.68,8.68,110000,8.6898,7
4005,2015-03-26 22:15:00,8.68,8.69,8.65,8.65,390000,8.6779,13
4006,2015-03-26 22:16:00,8.66,8.66,8.66,8.66,6000,8.66,2
4007,2015-03-26 22:17:00,8.66,8.66,8.65,8.66,90000,8.6591,5
4008,2015-03-26 22:18:00,8.66,8.66,8.66,8.66,0,8.66,0
4009,2015-03-26 22:19:00,8.66,8.66,8.66,8.66,0,8.66,0
4010,2015-03-26 22:20:00,8.66,8.66,8.66,8.66,8000,8.66,2
4011,2015-03-26 22:21:00,8.66,8.66,8.66,8.66,10000,8.66,4
4012,2015-03-26 22:22:00,8.66,8.66,8.65,8.65,62000,8.659,5
4013,2015-03-26 22:23:00,8.65,8.66,8.65,8.66,8000,8.6525,2
4014,2015-03-26 22:24:00,8.65,8.65,8.65,8.65,16000,8.65,5
4015,2015-03-26 22:25:00,8.65,8.65,8.63,8.63,294000,8.6442,12
4016,2015-03-26 22:26:00,8.63,8.63,8.62,8.63,12000,8.6267,3
4017,2015-03-26 22:27:00,8.63,8.63,8.63,8.63,22000,8.63,2
4018,2015-03-26 22:28:00,8.63,8.63,8.63,8.63,4000,8.63,1
4019,2015-03-26 22:29:00,8.63,8.63,8.62,8.62,296000,8.6267,12
4020,2015-03-26 22:30:00,8.62,8.62,8.61,8.61,20000,8.615,5
4021,2015-03-26 22:31:00,8.61,8.61,8.61,8.61,6000,8.61,1
4022,2015-03-26 22:32:00,8.62,8.62,8.61,8.61,12000,8.6133,5
4023,2015-03-26 22:33:00,8.61,8.62,8.61,8.62,12000,8.6117,5
4024,2015-03-26 22:34:00,8.61,8.61,8.61,8.61,18000,8.61,4
4025,2015-03-26 22:35:00,8.61,8.62,8.61,8.62,182000,8.6196,11
4026,2015-03-26 22:36:00,8.62,8.62,8.62,8.62,4000,8.62,1
4027,2015-03-26 22:37:00,8.63,8.64,8.62,8.63,200000,8.6311,7
4028,2015-03-26 22:38:00,8.64,8.65,8.64,8.65,26000,8.6477,2
4029,2015-03-26 22:39:00,8.65,8.65,8.65,8.65,26000,8.65,4
4030,2015-03-26 22:40:00,8.65,8.65,8.63,8.63,118000,8.64,12
4031,2015-03-26 22:41:00,8.63,8.66,8.63,8.65,150000,8.6457,8
4032,2015-03-26 22:42:00,8.66,8.66,8.63,8.64,100000,8.6396,9
4033,2015-03-26 22:43:00,8.65,8.66,8.65,8.66,98000,8.6506,7
4034,2015-03-26 22:44:00,8.66,8.66,8.66,8.66,16000,8.66,1
4035,2015-03-26 22:45:00,8.66,8.66,8.66,8.66,106000,8.66,6
4036,2015-03-26 22:46:00,8.66,8.66,8.65,8.65,44000,8.6586,5
4037,2015-03-26 22:47:00,8.65,8.65,8.65,8.65,10000,8.65,2
4038,2015-03-26 22:48:00,8.65,8.65,8.64,8.64,84000,8.6481,6
4039,2015-03-26 22:49:00,8.65,8.65,8.64,8.64,22000,8.6455,5
4040,2015-03-26 22:50:00,8.64,8.66,8.64,8.66,122000,8.6525,5
4041,2015-03-26 22:51:00,8.67,8.68,8.67,8.68,66000,8.6742,10
4042,2015-03-26 22:52:00,8.67,8.67,8.65,8.66,92000,8.665,15
4043,2015-03-26 22:53:00,8.66,8.66,8.66,8.66,0,8.66,0
4044,2015-03-26 22:54:00,8.66,8.66,8.66,8.66,2000,8.66,1
4045,2015-03-26 22:55:00,8.66,8.66,8.66,8.66,6000,8.66,2
4046,2015-03-26 22:56:00,8.66,8.66,8.66,8.66,10000,8.66,2
4047,2015-03-26 22:57:00,8.66,8.66,8.65,8.65,84000,8.6581,9
4048,2015-03-26 22:58:00,8.65,8.65,8.65,8.65,12000,8.65,3
4049,2015-03-26 22:59:00,8.65,8.65,8.64,8.64,46000,8.6478,7
4050,2015-03-26 23:00:00,8.64,8.66,8.64,8.66,198000,8.6547,12
4051,2015-03-26 23:01:00,8.67,8.68,8.67,8.68,16000,8.6763,3
4052,2015-03-26 23:02:00,8.68,8.68,8.68,8.68,2000,8.68,1
4053,2015-03-26 23:03:00,8.68,8.68,8.67,8.67,104000,8.6792,5
4054,2015-03-26 23:04:00,8.66,8.66,8.66,8.66,6000,8.66,2
4055,2015-03-26 23:05:00,8.65,8.65,8.65,8.65,40000,8.65,6
4056,2015-03-26 23:06:00,8.65,8.68,8.65,8.68,146000,8.6588,15
4057,2015-03-26 23:07:00,8.68,8.69,8.68,8.69,32000,8.6844,6
4058,2015-03-26 23:08:00,8.69,8.69,8.69,8.69,0,8.69,0
4059,2015-03-26 23:09:00,8.69,8.69,8.69,8.69,48000,8.69,5
4060,2015-03-26 23:10:00,8.7,8.7,8.69,8.7,30000,8.6993,3
4061,2015-03-26 23:11:00,8.7,8.7,8.7,8.7,4000,8.7,2
4062,2015-03-26 23:12:00,8.7,8.7,8.7,8.7,18000,8.7,4
4063,2015-03-26 23:13:00,8.69,8.69,8.69,8.69,6000,8.69,2
4064,2015-03-26 23:14:00,8.69,8.69,8.68,8.69,86000,8.6893,7
4065,2015-03-26 23:15:00,8.68,8.68,8.67,8.67,12000,8.6717,3
4066,2015-03-26 23:16:00,8.67,8.69,8.67,8.67,10000,8.674,3
4067,2015-03-26 23:17:00,8.67,8.67,8.67,8.67,10000,8.67,3
4068,2015-03-26 23:18:00,8.67,8.67,8.67,8.67,6000,8.67,2
4069,2015-03-26 23:19:00,8.67,8.69,8.67,8.69,96000,8.6815,10
4070,2015-03-26 23:20:00,8.7,8.7,8.7,8.7,22000,8.7,6
4071,2015-03-26 23:21:00,8.71,8.71,8.71,8.71,22000,8.71,2
4072,2015-03-26 23:22:00,8.7,8.7,8.7,8.7,4000,8.7,1
4073,2015-03-26 23:23:00,8.71,8.71,8.71,8.71,14000,8.71,3
4074,2015-03-26 23:24:00,8.7,8.71,8.7,8.71,22000,8.7082,2
4075,2015-03-26 23:25:00,8.7,8.71,8.7,8.7,14000,8.7071,3
4076,2015-03-26 23:26:00,8.7,8.7,8.7,8.7,6000,8.7,2
4077,2015-03-26 23:27:00,8.7,8.7,8.7,8.7,6000,8.7,2
4078,2015-03-26 23:28:00,8.7,8.7,8.7,8.7,16000,8.7,3
4079,2015-03-26 23:29:00,8.7,8.7,8.7,8.7,12000,8.7,4
4080,2015-03-26 23:30:00,8.7,8.7,8.7,8.7,8000,8.7,3
4081,2015-03-26 23:31:00,8.71,8.74,8.71,8.74,228000,8.7211,14
4082,2015-03-26 23:32:00,8.74,8.75,8.74,8.75,138000,8.7459,15
4083,2015-03-26 23:33:00,8.76,8.76,8.76,8.76,26000,8.76,3
4084,2015-03-26 23:34:00,8.76,8.77,8.76,8.76,28000,8.7607,10
4085,2015-03-26 23:35:00,8.76,8.76,8.76,8.76,0,8.76,0
4086,2015-03-26 23:36:00,8.76,8.76,8.76,8.76,0,8.76,0
4087,2015-03-26 23:37:00,8.75,8.75,8.73,8.73,160000,8.7444,5
4088,2015-03-26 23:38:00,8.72,8.72,8.71,8.71,18000,8.7178,7
4089,2015-03-26 23:39:00,8.72,8.75,8.72,8.75,86000,8.7251,9
4090,2015-03-26 23:40:00,8.75,8.75,8.75,8.75,0,8.75,0
4091,2015-03-26 23:41:00,8.74,8.76,8.74,8.76,22000,8.75,8
4092,2015-03-26 23:42:00,8.76,8.76,8.76,8.76,0,8.76,0
4093,2015-03-26 23:43:00,8.76,8.76,8.76,8.76,4000,8.76,2
4094,2015-03-26 23:44:00,8.76,8.77,8.76,8.77,34000,8.7659,4
4095,2015-03-26 23:45:00,8.77,8.77,8.77,8.77,0,8.77,0
4096,2015-03-26 23:46:00,8.76,8.76,8.76,8.76,38000,8.76,3
4097,2015-03-26 23:47:00,8.76,8.76,8.76,8.76,52000,8.76,3
4098,2015-03-26 23:48:00,8.76,8.76,8.76,8.76,8000,8.76,3
4099,2015-03-26 23:49:00,8.77,8.77,8.76,8.76,32000,8.7694,2
4100,2015-03-26 23:50:00,8.77,8.77,8.76,8.76,44000,8.7695,6
4101,2015-03-26 23:51:00,8.77,8.77,8.77,8.77,2000,8.77,1
4102,2015-03-26 23:52:00,8.78,8.78,8.77,8.77,6000,8.7733,2
4103,2015-03-26 23:53:00,8.78,8.78,8.78,8.78,2000,8.78,1
4104,2015-03-26 23:54:00,8.78,8.78,8.78,8.78,10000,8.78,1
4105,2015-03-26 23:55:00,8.77,8.78,8.77,8.77,14000,8.7714,4
4106,2015-03-26 23:56:00,8.77,8.79,8.77,8.79,58000,8.7797,13
4107,2015-03-26 23:57:00,8.79,8.8,8.79,8.8,78000,8.7923,6
4108,2015-03-26 23:58:00,8.8,8.8,8.8,8.8,6000,8.8,2
4109,2015-03-26 23:59:00,8.8,8.8,8.75,8.75,138000,8.7801,11
4110,2015-03-27 01:00:00,8.77,8.8,8.77,8.8,4000,8.785,2
4111,2015-03-27 01:01:00,8.75,8.79,8.75,8.75,60000,8.752,7
4112,2015-03-27 01:02:00,8.76,8.76,8.75,8.76,24000,8.7558,6
4113,2015-03-27 01:03:00,8.75,8.76,8.75,8.75,22000,8.7545,4
4114,2015-03-27 01:04:00,8.75,8.75,8.75,8.75,18000,8.75,4
4115,2015-03-27 01:05:00,8.75,8.75,8.74,8.74,166000,8.7458,18
4116,2015-03-27 01:06:00,8.73,8.74,8.73,8.74,22000,8.7309,3
4117,2015-03-27 01:07:00,8.73,8.73,8.73,8.73,22000,8.73,5
4118,2015-03-27 01:08:00,8.73,8.73,8.73,8.73,22000,8.73,4
4119,2015-03-27 01:09:00,8.73,8.73,8.73,8.73,18000,8.73,5
4120,2015-03-27 01:10:00,8.73,8.73,8.72,8.72,36000,8.7278,8
4121,2015-03-27 01:11:00,8.73,8.73,8.73,8.73,68000,8.73,4
4122,2015-03-27 01:12:00,8.73,8.73,8.73,8.73,0,8.73,0
4123,2015-03-27 01:13:00,8.73,8.73,8.73,8.73,4000,8.73,1
4124,2015-03-27 01:14:00,8.73,8.73,8.73,8.73,24000,8.73,7
4125,2015-03-27 01:15:00,8.73,8.73,8.73,8.73,16000,8.73,3
4126,2015-03-27 01:16:00,8.73,8.73,8.72,8.72,142000,8.727,11
4127,2015-03-27 01:17:00,8.72,8.72,8.71,8.72,44000,8.7195,7
4128,2015-03-27 01:18:00,8.72,8.72,8.72,8.72,10000,8.72,3
4129,2015-03-27 01:19:00,8.72,8.72,8.71,8.72,20000,8.719,6
4130,2015-03-27 01:20:00,8.72,8.72,8.72,8.72,16000,8.72,5
4131,2015-03-27 01:21:00,8.72,8.72,8.72,8.72,20000,8.72,4
4132,2015-03-27 01:22:00,8.72,8.72,8.72,8.72,6000,8.72,1
4133,2015-03-27 01:23:00,8.72,8.72,8.71,8.71,38000,8.7163,10
4134,2015-03-27 01:24:00,8.71,8.71,8.71,8.71,12000,8.71,2
4135,2015-03-27 01:25:00,8.71,8.71,8.71,8.71,18000,8.71,5
4136,2015-03-27 01:26:00,8.71,8.72,8.71,8.71,62000,8.711,15
4137,2015-03-27 01:27:00,8.71,8.71,8.71,8.71,8000,8.71,2
4138,2015-03-27 01:28:00,8.71,8.71,8.71,8.71,6000,8.71,2
4139,2015-03-27 01:29:00,8.71,8.71,8.7,8.71,32000,8.7063,6
4140,2015-03-27 01:30:00,8.7,8.71,8.7,8.71,20000,8.708,4
4141,2015-03-27 01:31:00,8.71,8.71,8.7,8.71,28000,8.7093,6
4142,2015-03-27 01:32:00,8.71,8.71,8.71,8.71,20000,8.71,4
4143,2015-03-27 01:33:00,8.71,8.71,8.71,8.71,20000,8.71,5
4144,2015-03-27 01:34:00,8.71,8.71,8.71,8.71,18000,8.71,4
4145,2015-03-27 01:35:00,8.71,8.71,8.71,8.71,24000,8.71,3
4146,2015-03-27 01:36:00,8.71,8.72,8.71,8.71,24000,8.7108,7
4147,2015-03-27 01:37:00,8.71,8.71,8.71,8.71,14000,8.71,3
4148,2015-03-27 01:38:00,8.72,8.74,8.72,8.74,102000,8.7273,14
4149,2015-03-27 01:39:00,8.74,8.74,8.73,8.73,6000,8.7367,2
4150,2015-03-27 01:40:00,8.73,8.73,8.73,8.73,0,8.73,0
4151,2015-03-27 01:41:00,8.74,8.74,8.73,8.73,16000,8.7338,3
4152,2015-03-27 01:42:00,8.74,8.75,8.74,8.75,48000,8.7421,6
4153,2015-03-27 01:43:00,8.75,8.75,8.75,8.75,0,8.75,0
4154,2015-03-27 01:44:00,8.74,8.74,8.74,8.74,12000,8.74,2
4155,2015-03-27 01:45:00,8.74,8.74,8.74,8.74,18000,8.74,4
4156,2015-03-27 01:46:00,8.74,8.74,8.74,8.74,16000,8.74,3
4157,2015-03-27 01:47:00,8.74,8.74,8.74,8.74,16000,8.74,4
4158,2015-03-27 01:48:00,8.74,8.74,8.74,8.74,28000,8.74,6
4159,2015-03-27 01:49:00,8.75,8.75,8.74,8.74,42000,8.7419,4
4160,2015-03-27 01:50:00,8.74,8.74,8.74,8.74,14000,8.74,4
4161,2015-03-27 01:51:00,8.74,8.74,8.74,8.74,16000,8.74,4
4162,2015-03-27 01:52:00,8.74,8.75,8.74,8.74,18000,8.7411,6
4163,2015-03-27 01:53:00,8.74,8.74,8.74,8.74,12000,8.74,3
4164,2015-03-27 01:54:00,8.74,8.75,8.74,8.74,26000,8.7423,8
4165,2015-03-27 01:55:00,8.74,8.75,8.74,8.74,24000,8.7408,6
4166,2015-03-27 01:56:00,8.74,8.74,8.74,8.74,46000,8.74,7
4167,2015-03-27 01:57:00,8.74,8.74,8.72,8.72,78000,8.7326,13
4168,2015-03-27 01:58:00,8.72,8.73,8.72,8.73,28000,8.7271,4
4169,2015-03-27 01:59:00,8.72,8.73,8.72,8.72,14000,8.7214,4
4170,2015-03-27 02:00:00,8.72,8.72,8.71,8.71,68000,8.7159,10
4171,2015-03-27 02:01:00,8.71,8.72,8.7,8.72,12000,8.71,4
4172,2015-03-27 02:02:00,8.71,8.74,8.71,8.74,92000,8.7209,11
4173,2015-03-27 02:03:00,8.74,8.74,8.74,8.74,6000,8.74,1
4174,2015-03-27 02:04:00,8.73,8.73,8.73,8.73,26000,8.73,7
4175,2015-03-27 02:05:00,8.74,8.74,8.74,8.74,30000,8.74,6
4176,2015-03-27 02:06:00,8.74,8.74,8.74,8.74,6000,8.74,2
4177,2015-03-27 02:07:00,8.73,8.74,8.73,8.74,14000,8.7386,3
4178,2015-03-27 02:08:00,8.74,8.74,8.74,8.74,0,8.74,0
4179,2015-03-27 02:09:00,8.73,8.74,8.73,8.74,20000,8.733,6
4180,2015-03-27 02:10:00,8.73,8.74,8.73,8.73,22000,8.7309,5
4181,2015-03-27 02:11:00,8.73,8.74,8.73,8.73,18000,8.7311,5
4182,2015-03-27 02:12:00,8.74,8.74,8.73,8.73,10000,8.736,3
4183,2015-03-27 02:13:00,8.73,8.74,8.73,8.73,20000,8.731,6
4184,2015-03-27 02:14:00,8.74,8.76,8.74,8.76,178000,8.744,12
4185,2015-03-27 02:15:00,8.75,8.76,8.73,8.73,112000,8.748,4
4186,2015-03-27 02:16:00,8.73,8.73,8.73,8.73,6000,8.73,2
4187,2015-03-27 02:17:00,8.74,8.74,8.73,8.74,46000,8.7357,6
4188,2015-03-27 02:18:00,8.73,8.74,8.73,8.74,14000,8.7314,4
4189,2015-03-27 02:19:00,8.73,8.73,8.73,8.73,10000,8.73,3
4190,2015-03-27 02:20:00,8.73,8.74,8.73,8.74,38000,8.7347,6
4191,2015-03-27 02:21:00,8.73,8.77,8.73,8.77,68000,8.7415,7
4192,2015-03-27 02:22:00,8.76,8.77,8.76,8.76,22000,8.7618,7
4193,2015-03-27 02:23:00,8.76,8.76,8.76,8.76,0,8.76,0
4194,2015-03-27 02:24:00,8.75,8.76,8.75,8.75,6000,8.7533,3
4195,2015-03-27 02:25:00,8.75,8.76,8.74,8.76,190000,8.7527,18
4196,2015-03-27 02:26:00,8.76,8.76,8.74,8.75,50000,8.7476,8
4197,2015-03-27 02:27:00,8.75,8.76,8.75,8.75,18000,8.7511,4
4198,2015-03-27 02:28:00,8.75,8.75,8.75,8.75,2000,8.75,1
4199,2015-03-27 02:29:00,8.75,8.75,8.75,8.75,10000,8.75,4
4200,2015-03-27 02:30:00,8.75,8.76,8.75,8.75,24000,8.7525,8
4201,2015-03-27 02:31:00,8.75,8.76,8.75,8.76,18000,8.7511,6
4202,2015-03-27 02:32:00,8.75,8.75,8.75,8.75,22000,8.75,5
4203,2015-03-27 02:33:00,8.75,8.76,8.75,8.75,38000,8.7553,6
4204,2015-03-27 02:34:00,8.75,8.75,8.75,8.75,4000,8.75,1
4205,2015-03-27 02:35:00,8.75,8.75,8.74,8.74,40000,8.7485,5
4206,2015-03-27 02:36:00,8.74,8.75,8.74,8.75,36000,8.7456,5
4207,2015-03-27 02:37:00,8.74,8.75,8.74,8.74,12000,8.7417,3
4208,2015-03-27 02:38:00,8.75,8.75,8.74,8.74,24000,8.7425,5
4209,2015-03-27 02:39:00,8.74,8.74,8.74,8.74,80000,8.74,8
4210,2015-03-27 02:40:00,8.73,8.74,8.73,8.73,56000,8.7304,7
4211,2015-03-27 02:41:00,8.73,8.73,8.73,8.73,2000,8.73,1
4212,2015-03-27 02:42:00,8.73,8.74,8.73,8.74,8000,8.7325,3
4213,2015-03-27 02:43:00,8.73,8.73,8.73,8.73,14000,8.73,3
4214,2015-03-27 02:44:00,8.73,8.73,8.72,8.72,34000,8.7282,9
4215,2015-03-27 02:45:00,8.72,8.72,8.72,8.72,24000,8.72,4
4216,2015-03-27 02:46:00,8.72,8.72,8.72,8.72,36000,8.72,6
4217,2015-03-27 02:47:00,8.73,8.73,8.7,8.7,58000,8.7159,8
4218,2015-03-27 02:48:00,8.7,8.7,8.7,8.7,12000,8.7,2
4219,2015-03-27 02:49:00,8.7,8.7,8.7,8.7,24000,8.7,4
4220,2015-03-27 02:50:00,8.7,8.7,8.7,8.7,62000,8.7,5
4221,2015-03-27 02:51:00,8.7,8.7,8.7,8.7,28000,8.7,5
4222,2015-03-27 02:52:00,8.7,8.71,8.7,8.71,12000,8.7017,3
4223,2015-03-27 02:53:00,8.7,8.7,8.7,8.7,10000,8.7,3
4224,2015-03-27 02:54:00,8.7,8.7,8.7,8.7,14000,8.7,3
4225,2015-03-27 02:55:00,8.71,8.73,8.71,8.73,166000,8.7136,6
4226,2015-03-27 02:56:00,8.73,8.74,8.73,8.74,8000,8.7325,4
4227,2015-03-27 02:57:00,8.73,8.73,8.73,8.73,8000,8.73,2
4228,2015-03-27 02:58:00,8.73,8.73,8.73,8.73,0,8.73,0
4229,2015-03-27 02:59:00,8.72,8.73,8.72,8.72,16000,8.7213,4
4230,2015-03-27 03:00:00,8.72,8.72,8.72,8.72,72000,8.72,6
4231,2015-03-27 03:01:00,8.71,8.71,8.7,8.7,92000,8.7048,14
4232,2015-03-27 03:02:00,8.7,8.72,8.7,8.72,112000,8.7016,8
4233,2015-03-27 03:03:00,8.73,8.73,8.72,8.72,22000,8.7255,4
4234,2015-03-27 03:04:00,8.72,8.72,8.72,8.72,0,8.72,0
4235,2015-03-27 03:05:00,8.72,8.72,8.71,8.72,44000,8.7173,8
4236,2015-03-27 03:06:00,8.72,8.72,8.71,8.71,20000,8.712,6
4237,2015-03-27 03:07:00,8.71,8.72,8.7,8.71,58000,8.709,11
4238,2015-03-27 03:08:00,8.72,8.73,8.72,8.73,48000,8.7225,6
4239,2015-03-27 03:09:00,8.73,8.73,8.73,8.73,0,8.73,0
4240,2015-03-27 03:10:00,8.72,8.72,8.72,8.72,52000,8.72,6
4241,2015-03-27 03:11:00,8.72,8.73,8.72,8.72,54000,8.7204,8
4242,2015-03-27 03:12:00,8.73,8.73,8.73,8.73,30000,8.73,2
4243,2015-03-27 03:13:00,8.73,8.73,8.73,8.73,64000,8.73,9
4244,2015-03-27 03:14:00,8.73,8.73,8.73,8.73,14000,8.73,2
4245,2015-03-27 03:15:00,8.73,8.74,8.73,8.73,32000,8.7306,7
4246,2015-03-27 03:16:00,8.73,8.73,8.73,8.73,34000,8.73,8
4247,2015-03-27 03:17:00,8.73,8.73,8.73,8.73,32000,8.73,6
4248,2015-03-27 03:18:00,8.73,8.73,8.73,8.73,12000,8.73,4
4249,2015-03-27 03:19:00,8.73,8.73,8.72,8.73,108000,8.7289,14
4250,2015-03-27 03:20:00,8.73,8.73,8.73,8.73,0,8.73,0
4251,2015-03-27 03:21:00,8.73,8.73,8.72,8.73,44000,8.7282,11
4252,2015-03-27 03:22:00,8.72,8.73,8.72,8.73,16000,8.7238,2
4253,2015-03-27 03:23:00,8.72,8.73,8.72,8.73,30000,8.7227,5
4254,2015-03-27 03:24:00,8.73,8.73,8.73,8.73,32000,8.73,5
4255,2015-03-27 03:25:00,8.73,8.73,8.73,8.73,28000,8.73,5
4256,2015-03-27 03:26:00,8.73,8.73,8.73,8.73,24000,8.73,4
4257,2015-03-27 03:27:00,8.73,8.74,8.73,8.73,62000,8.7332,10
4258,2015-03-27 03:28:00,8.72,8.72,8.72,8.72,36000,8.72,8
4259,2015-03-27 03:29:00,8.72,8.72,8.72,8.72,22000,8.72,5
4260,2015-03-27 03:30:00,8.72,8.75,8.72,8.75,134000,8.7331,6
4261,2015-03-27 03:31:00,8.76,8.76,8.75,8.76,26000,8.7562,6
4262,2015-03-27 03:32:00,8.76,8.76,8.74,8.74,68000,8.7565,9
4263,2015-03-27 03:33:00,8.74,8.74,8.74,8.74,0,8.74,0
4264,2015-03-27 03:34:00,8.73,8.74,8.73,8.73,48000,8.7304,8
4265,2015-03-27 03:35:00,8.73,8.73,8.73,8.73,34000,8.73,9
4266,2015-03-27 03:36:00,8.73,8.75,8.73,8.75,146000,8.7374,11
4267,2015-03-27 03:37:00,8.74,8.76,8.74,8.76,32000,8.7481,3
4268,2015-03-27 03:38:00,8.75,8.76,8.75,8.76,8000,8.7525,3
4269,2015-03-27 03:39:00,8.75,8.76,8.75,8.75,34000,8.7529,5
4270,2015-03-27 03:40:00,8.75,8.75,8.75,8.75,50000,8.75,9
4271,2015-03-27 03:41:00,8.75,8.75,8.74,8.74,44000,8.745,8
4272,2015-03-27 03:42:00,8.74,8.74,8.73,8.73,48000,8.7304,14
4273,2015-03-27 03:43:00,8.73,8.76,8.73,8.74,160000,8.7404,5
4274,2015-03-27 03:44:00,8.74,8.76,8.74,8.76,32000,8.7481,8
4275,2015-03-27 03:45:00,8.76,8.76,8.75,8.76,32000,8.7569,8
4276,2015-03-27 03:46:00,8.75,8.75,8.73,8.73,152000,8.7474,12
4277,2015-03-27 03:47:00,8.73,8.76,8.73,8.76,114000,8.7454,8
4278,2015-03-27 03:48:00,8.76,8.76,8.74,8.74,76000,8.7574,6
4279,2015-03-27 03:49:00,8.75,8.75,8.74,8.74,48000,8.745,7
4280,2015-03-27 03:50:00,8.75,8.75,8.74,8.74,16000,8.7413,4
4281,2015-03-27 03:51:00,8.74,8.75,8.73,8.73,188000,8.7401,15
4282,2015-03-27 03:52:00,8.73,8.77,8.73,8.77,444000,8.7414,19
4283,2015-03-27 03:53:00,8.78,8.78,8.77,8.77,38000,8.7753,8
4284,2015-03-27 03:54:00,8.77,8.78,8.77,8.78,56000,8.7732,14
4285,2015-03-27 03:55:00,8.77,8.78,8.77,8.78,82000,8.7744,20
4286,2015-03-27 03:56:00,8.78,8.79,8.78,8.79,334000,8.784,18
4287,2015-03-27 03:57:00,8.78,8.79,8.78,8.78,172000,8.7884,41
4288,2015-03-27 03:58:00,8.79,8.79,8.78,8.78,302000,8.7883,58
4289,2015-03-27 03:59:00,8.78,8.8,8.75,8.8,1612000,8.7805,88
4290,2015-03-29 21:30:00,8.81,8.96,8.81,8.92,884000,8.8984,108
4291,2015-03-29 21:31:00,8.91,8.94,8.86,8.94,118000,8.921,15
4292,2015-03-29 21:32:00,8.92,8.94,8.89,8.94,134000,8.9182,17
4293,2015-03-29 21:33:00,8.93,8.94,8.92,8.94,32000,8.9256,6
4294,2015-03-29 21:34:00,8.92,8.94,8.9,8.93,56000,8.9275,11
4295,2015-03-29 21:35:00,8.93,8.94,8.91,8.93,96000,8.9267,15
4296,2015-03-29 21:36:00,8.93,8.95,8.93,8.95,158000,8.938,13
4297,2015-03-29 21:37:00,8.95,8.97,8.95,8.95,198000,8.9588,8
4298,2015-03-29 21:38:00,8.94,8.94,8.94,8.94,60000,8.94,2
4299,2015-03-29 21:39:00,8.95,8.96,8.93,8.94,106000,8.9453,11
4300,2015-03-29 21:40:00,8.94,8.94,8.93,8.93,14000,8.9371,4
4301,2015-03-29 21:41:00,8.93,8.94,8.93,8.94,72000,8.9389,7
4302,2015-03-29 21:42:00,8.94,8.94,8.93,8.93,16000,8.935,3
4303,2015-03-29 21:43:00,8.94,8.94,8.93,8.94,56000,8.9386,6
4304,2015-03-29 21:44:00,8.94,8.96,8.93,8.95,196000,8.9454,14
4305,2015-03-29 21:45:00,8.96,8.99,8.95,8.97,388000,8.9699,18
4306,2015-03-29 21:46:00,8.97,9.0,8.97,8.99,244000,8.9834,24
4307,2015-03-29 21:47:00,8.99,9.0,8.99,9.0,198000,8.9911,13
4308,2015-03-29 21:48:00,9.0,9.0,9.0,9.0,110000,9.0,10
4309,2015-03-29 21:49:00,9.01,9.01,8.97,8.98,228000,8.9904,11
4310,2015-03-29 21:50:00,8.98,9.01,8.96,9.01,290000,8.9871,22
4311,2015-03-29 21:51:00,8.99,8.99,8.98,8.98,8000,8.985,3
4312,2015-03-29 21:52:00,8.99,8.99,8.99,8.99,82000,8.99,10
4313,2015-03-29 21:53:00,8.98,9.0,8.98,9.0,70000,8.9951,8
4314,2015-03-29 21:54:00,9.0,9.02,8.99,8.99,118000,9.0017,13
4315,2015-03-29 21:55:00,9.0,9.01,8.97,9.0,232000,8.9897,17
4316,2015-03-29 21:56:00,9.0,9.0,8.99,9.0,14000,8.9971,3
4317,2015-03-29 21:57:00,9.0,9.01,9.0,9.01,184000,9.0026,9
4318,2015-03-29 21:58:00,9.0,9.01,9.0,9.01,124000,9.001,9
4319,2015-03-29 21:59:00,9.0,9.01,9.0,9.0,168000,9.0001,12
4320,2015-03-29 22:00:00,9.01,9.01,8.99,9.0,78000,9.0,10
4321,2015-03-29 22:01:00,9.0,9.0,9.0,9.0,36000,9.0,5
4322,2015-03-29 22:02:00,9.0,9.0,8.97,8.97,194000,8.9901,8
4323,2015-03-29 22:03:00,8.98,8.98,8.97,8.97,20000,8.971,3
4324,2015-03-29 22:04:00,8.98,8.98,8.96,8.96,8000,8.9725,3
4325,2015-03-29 22:05:00,8.98,8.98,8.96,8.97,22000,8.97,5
4326,2015-03-29 22:06:00,8.97,8.97,8.96,8.96,28000,8.9671,3
4327,2015-03-29 22:07:00,8.96,8.96,8.94,8.94,56000,8.9539,6
4328,2015-03-29 22:08:00,8.94,8.96,8.94,8.95,6000,8.95,3
4329,2015-03-29 22:09:00,8.94,8.95,8.94,8.95,32000,8.9469,4
4330,2015-03-29 22:10:00,8.96,8.96,8.94,8.95,14000,8.9557,4
4331,2015-03-29 22:11:00,8.95,8.95,8.95,8.95,76000,8.95,9
4332,2015-03-29 22:12:00,8.95,8.96,8.95,8.95,184000,8.9525,12
4333,2015-03-29 22:13:00,8.97,8.97,8.94,8.96,16000,8.9488,3
4334,2015-03-29 22:14:00,8.96,8.97,8.96,8.97,92000,8.9615,7
4335,2015-03-29 22:15:00,8.96,8.97,8.96,8.96,18000,8.9622,7
4336,2015-03-29 22:16:00,8.96,8.97,8.96,8.97,10000,8.962,4
4337,2015-03-29 22:17:00,8.96,8.97,8.96,8.96,28000,8.9664,3
4338,2015-03-29 22:18:00,8.96,8.96,8.96,8.96,0,8.96,0
4339,2015-03-29 22:19:00,8.96,8.99,8.96,8.99,134000,8.9736,16
4340,2015-03-29 22:20:00,8.98,8.99,8.97,8.98,14000,8.98,5
4341,2015-03-29 22:21:00,8.99,8.99,8.99,8.99,4000,8.99,2
4342,2015-03-29 22:22:00,8.99,8.99,8.98,8.98,16000,8.9888,2
4343,2015-03-29 22:23:00,8.99,8.99,8.98,8.98,78000,8.9826,4
4344,2015-03-29 22:24:00,8.98,9.0,8.98,9.0,128000,8.9906,16
4345,2015-03-29 22:25:00,9.0,9.01,8.98,9.01,148000,8.9995,12
4346,2015-03-29 22:26:00,9.0,9.02,9.0,9.01,378000,9.0102,15
4347,2015-03-29 22:27:00,9.0,9.01,9.0,9.0,90000,9.0022,5
4348,2015-03-29 22:28:00,9.0,9.01,9.0,9.0,84000,9.0043,10
4349,2015-03-29 22:29:00,9.01,9.01,9.01,9.01,24000,9.01,2
4350,2015-03-29 22:30:00,9.01,9.01,8.99,9.01,44000,9.0091,3
4351,2015-03-29 22:31:00,9.01,9.02,9.0,9.01,148000,9.0091,10
4352,2015-03-29 22:32:00,9.02,9.02,9.0,9.02,170000,9.0133,6
4353,2015-03-29 22:33:00,9.02,9.02,9.0,9.02,36000,9.0078,4
4354,2015-03-29 22:34:00,9.0,9.0,8.99,8.99,106000,8.9987,11
4355,2015-03-29 22:35:00,9.0,9.0,8.99,8.99,18000,8.9911,5
4356,2015-03-29 22:36:00,8.99,8.99,8.99,8.99,0,8.99,0
4357,2015-03-29 22:37:00,9.0,9.0,9.0,9.0,38000,9.0,1
4358,2015-03-29 22:38:00,9.0,9.0,9.0,9.0,114000,9.0,7
4359,2015-03-29 22:39:00,9.0,9.0,9.0,9.0,68000,9.0,4
4360,2015-03-29 22:40:00,8.99,9.0,8.99,9.0,58000,8.9976,7
4361,2015-03-29 22:41:00,8.99,9.01,8.99,9.01,178000,9.0008,7
4362,2015-03-29 22:42:00,9.01,9.01,9.01,9.01,146000,9.01,3
4363,2015-03-29 22:43:00,9.0,9.0,9.0,9.0,12000,9.0,4
4364,2015-03-29 22:44:00,9.0,9.01,9.0,9.0,70000,9.0029,7
4365,2015-03-29 22:45:00,9.01,9.01,8.99,9.0,62000,8.9968,11
4366,2015-03-29 22:46:00,8.99,8.99,8.99,8.99,10000,8.99,3
4367,2015-03-29 22:47:00,8.99,9.01,8.99,9.01,174000,9.0018,8
4368,2015-03-29 22:48:00,9.0,9.0,9.0,9.0,40000,9.0,3
4369,2015-03-29 22:49:00,9.0,9.0,8.99,8.99,22000,8.9973,4
4370,2015-03-29 22:50:00,9.0,9.0,8.99,9.0,32000,8.9994,4
4371,2015-03-29 22:51:00,9.0,9.0,9.0,9.0,118000,9.0,7
4372,2015-03-29 22:52:00,9.01,9.02,9.0,9.02,176000,9.0114,11
4373,2015-03-29 22:53:00,9.0,9.02,9.0,9.0,54000,9.0078,7
4374,2015-03-29 22:54:00,9.0,9.0,9.0,9.0,20000,9.0,5
4375,2015-03-29 22:55:00,9.0,9.01,9.0,9.01,10000,9.004,3
4376,2015-03-29 22:56:00,9.01,9.01,9.0,9.0,34000,9.0029,3
4377,2015-03-29 22:57:00,9.0,9.0,9.0,9.0,0,9.0,0
4378,2015-03-29 22:58:00,9.0,9.0,9.0,9.0,6000,9.0,2
4379,2015-03-29 22:59:00,9.0,9.0,9.0,9.0,38000,9.0,4
4380,2015-03-29 23:00:00,9.0,9.0,8.99,9.0,6000,8.9967,3
4381,2015-03-29 23:01:00,9.0,9.01,9.0,9.0,174000,9.0026,13
4382,2015-03-29 23:02:00,9.0,9.01,9.0,9.01,56000,9.0082,6
4383,2015-03-29 23:03:00,8.99,9.01,8.99,8.99,90000,9.0073,10
4384,2015-03-29 23:04:00,9.01,9.02,8.99,9.0,244000,9.0061,13
4385,2015-03-29 23:05:00,9.01,9.02,8.99,9.0,208000,9.0079,15
4386,2015-03-29 23:06:00,9.02,9.02,9.02,9.02,20000,9.02,1
4387,2015-03-29 23:07:00,9.01,9.03,9.0,9.03,398000,9.0137,22
4388,2015-03-29 23:08:00,9.02,9.02,9.02,9.02,86000,9.02,6
4389,2015-03-29 23:09:00,9.01,9.01,9.0,9.0,190000,9.0041,10
4390,2015-03-29 23:10:00,8.99,9.01,8.99,8.99,38000,9.0005,4
4391,2015-03-29 23:11:00,8.99,8.99,8.99,8.99,0,8.99,0
4392,2015-03-29 23:12:00,9.0,9.0,9.0,9.0,40000,9.0,2
4393,2015-03-29 23:13:00,9.0,9.0,8.98,8.98,176000,8.9859,12
4394,2015-03-29 23:14:00,9.0,9.0,9.0,9.0,120000,9.0,2
4395,2015-03-29 23:15:00,9.0,9.0,8.97,8.97,4000,8.985,2
4396,2015-03-29 23:16:00,9.0,9.0,8.98,8.98,44000,8.9973,3
4397,2015-03-29 23:17:00,8.99,9.0,8.99,9.0,242000,8.9994,10
4398,2015-03-29 23:18:00,9.0,9.01,9.0,9.0,64000,9.0031,9
4399,2015-03-29 23:19:00,9.0,9.02,9.0,9.01,512000,9.0099,8
4400,2015-03-29 23:20:00,9.03,9.03,9.01,9.02,32000,9.0256,7
4401,2015-03-29 23:21:00,9.02,9.03,9.02,9.02,26000,9.0215,5
4402,2015-03-29 23:22:00,9.03,9.04,9.02,9.02,160000,9.0303,7
4403,2015-03-29 23:23:00,9.04,9.05,9.03,9.03,76000,9.0421,5
4404,2015-03-29 23:24:00,9.03,9.03,9.03,9.03,0,9.03,0
4405,2015-03-29 23:25:00,9.05,9.05,9.03,9.05,42000,9.0395,7
4406,2015-03-29 23:26:00,9.05,9.05,9.04,9.04,68000,9.0482,4
4407,2015-03-29 23:27:00,9.03,9.03,9.03,9.03,8000,9.03,1
4408,2015-03-29 23:28:00,9.03,9.05,9.03,9.05,92000,9.0461,10
4409,2015-03-29 23:29:00,9.05,9.05,9.05,9.05,34000,9.05,5
4410,2015-03-29 23:30:00,9.04,9.05,9.03,9.05,52000,9.0465,6
4411,2015-03-29 23:31:00,9.05,9.05,9.04,9.05,40000,9.044,5
4412,2015-03-29 23:32:00,9.06,9.06,9.06,9.06,40000,9.06,3
4413,2015-03-29 23:33:00,9.04,9.05,9.04,9.05,14000,9.0414,2
4414,2015-03-29 23:34:00,9.05,9.05,9.04,9.05,26000,9.0477,5
4415,2015-03-29 23:35:00,9.04,9.05,9.04,9.05,28000,9.0443,6
4416,2015-03-29 23:36:00,9.05,9.05,9.05,9.05,10000,9.05,1
4417,2015-03-29 23:37:00,9.05,9.06,9.05,9.06,58000,9.0538,4
4418,2015-03-29 23:38:00,9.05,9.06,9.05,9.06,62000,9.0581,4
4419,2015-03-29 23:39:00,9.05,9.05,9.05,9.05,10000,9.05,1
4420,2015-03-29 23:40:00,9.07,9.07,9.05,9.05,4000,9.06,2
4421,2015-03-29 23:41:00,9.06,9.06,9.05,9.05,26000,9.0554,4
4422,2015-03-29 23:42:00,9.05,9.06,9.05,9.06,36000,9.0572,3
4423,2015-03-29 23:43:00,9.06,9.06,9.06,9.06,44000,9.06,6
4424,2015-03-29 23:44:00,9.06,9.06,9.06,9.06,2000,9.06,1
4425,2015-03-29 23:45:00,9.07,9.07,9.06,9.06,20000,9.061,7
4426,2015-03-29 23:46:00,9.05,9.06,9.05,9.06,48000,9.0571,3
4427,2015-03-29 23:47:00,9.07,9.07,9.06,9.06,50000,9.0668,4
4428,2015-03-29 23:48:00,9.06,9.07,9.06,9.06,100000,9.066,9
4429,2015-03-29 23:49:00,9.07,9.07,9.06,9.07,66000,9.0691,4
4430,2015-03-29 23:50:00,9.06,9.07,9.06,9.07,36000,9.0694,2
4431,2015-03-29 23:51:00,9.06,9.06,9.06,9.06,8000,9.06,1
4432,2015-03-29 23:52:00,9.07,9.07,9.06,9.06,10000,9.064,2
4433,2015-03-29 23:53:00,9.06,9.06,9.06,9.06,4000,9.06,1
4434,2015-03-29 23:54:00,9.07,9.07,9.06,9.07,74000,9.0681,7
4435,2015-03-29 23:55:00,9.08,9.08,9.07,9.07,12000,9.0717,4
4436,2015-03-29 23:56:00,9.08,9.08,9.08,9.08,36000,9.08,2
4437,2015-03-29 23:57:00,9.07,9.08,9.07,9.07,78000,9.0731,4
4438,2015-03-29 23:58:00,9.06,9.07,9.06,9.07,4000,9.065,2
4439,2015-03-29 23:59:00,9.06,9.07,9.06,9.07,22000,9.0609,3
4440,2015-03-30 01:00:00,9.05,9.06,9.05,9.06,68000,9.0574,3
4441,2015-03-30 01:01:00,9.05,9.06,9.05,9.05,68000,9.0506,6
4442,2015-03-30 01:02:00,9.04,9.04,9.03,9.03,22000,9.0382,3
4443,2015-03-30 01:03:00,9.03,9.03,9.03,9.03,8000,9.03,2
4444,2015-03-30 01:04:00,9.02,9.02,9.02,9.02,8000,9.02,2
4445,2015-03-30 01:05:00,9.03,9.03,9.02,9.02,10000,9.022,3
4446,2015-03-30 01:06:00,9.02,9.02,9.02,9.02,4000,9.02,2
4447,2015-03-30 01:07:00,9.02,9.02,9.02,9.02,38000,9.02,5
4448,2015-03-30 01:08:00,9.02,9.02,9.01,9.01,12000,9.0133,4
4449,2015-03-30 01:09:00,9.02,9.02,9.02,9.02,26000,9.02,4
4450,2015-03-30 01:10:00,9.02,9.02,9.0,9.01,30000,9.0107,6
4451,2015-03-30 01:11:00,9.01,9.01,9.01,9.01,0,9.01,0
4452,2015-03-30 01:12:00,9.01,9.01,9.01,9.01,10000,9.01,4
4453,2015-03-30 01:13:00,9.01,9.01,8.99,8.99,302000,9.0002,7
4454,2015-03-30 01:14:00,8.99,8.99,8.99,8.99,18000,8.99,2
4455,2015-03-30 01:15:00,8.98,8.99,8.98,8.99,30000,8.984,6
4456,2015-03-30 01:16:00,8.99,8.99,8.99,8.99,0,8.99,0
4457,2015-03-30 01:17:00,8.99,8.99,8.99,8.99,24000,8.99,4
4458,2015-03-30 01:18:00,8.99,8.99,8.99,8.99,0,8.99,0
4459,2015-03-30 01:19:00,8.99,9.0,8.99,9.0,62000,8.9923,3
4460,2015-03-30 01:20:00,9.01,9.01,9.0,9.0,8000,9.0025,4
4461,2015-03-30 01:21:00,9.0,9.0,9.0,9.0,0,9.0,0
4462,2015-03-30 01:22:00,9.0,9.0,9.0,9.0,26000,9.0,1
4463,2015-03-30 01:23:00,9.0,9.0,9.0,9.0,18000,9.0,2
4464,2015-03-30 01:24:00,9.0,9.02,9.0,9.02,170000,9.0093,8
4465,2015-03-30 01:25:00,9.04,9.04,9.01,9.01,48000,9.0113,10
4466,2015-03-30 01:26:00,9.0,9.01,9.0,9.01,20000,9.003,3
4467,2015-03-30 01:27:00,9.01,9.01,9.01,9.01,0,9.01,0
4468,2015-03-30 01:28:00,8.99,9.0,8.99,8.99,8000,8.9925,3
4469,2015-03-30 01:29:00,9.0,9.0,9.0,9.0,4000,9.0,2
4470,2015-03-30 01:30:00,9.0,9.0,8.99,8.99,44000,8.9918,7
4471,2015-03-30 01:31:00,8.99,9.0,8.99,9.0,10000,8.996,3
4472,2015-03-30 01:32:00,9.0,9.0,9.0,9.0,0,9.0,0
4473,2015-03-30 01:33:00,9.0,9.0,9.0,9.0,20000,9.0,1
4474,2015-03-30 01:34:00,8.98,8.98,8.98,8.98,2000,8.98,1
4475,2015-03-30 01:35:00,8.99,8.99,8.99,8.99,14000,8.99,2
4476,2015-03-30 01:36:00,8.98,8.98,8.98,8.98,4000,8.98,1
4477,2015-03-30 01:37:00,8.98,8.98,8.98,8.98,0,8.98,0
4478,2015-03-30 01:38:00,8.98,8.98,8.98,8.98,0,8.98,0
4479,2015-03-30 01:39:00,8.99,8.99,8.99,8.99,64000,8.99,2
4480,2015-03-30 01:40:00,8.99,8.99,8.98,8.99,198000,8.9898,6
4481,2015-03-30 01:41:00,9.0,9.0,9.0,9.0,4000,9.0,1
4482,2015-03-30 01:42:00,9.0,9.0,9.0,9.0,20000,9.0,3
4483,2015-03-30 01:43:00,9.0,9.0,9.0,9.0,32000,9.0,4
4484,2015-03-30 01:44:00,9.0,9.0,8.99,8.99,4000,8.995,2
4485,2015-03-30 01:45:00,9.0,9.0,8.99,8.99,96000,8.9902,6
4486,2015-03-30 01:46:00,8.99,8.99,8.99,8.99,4000,8.99,1
4487,2015-03-30 01:47:00,9.0,9.0,9.0,9.0,2000,9.0,1
4488,2015-03-30 01:48:00,9.0,9.0,9.0,9.0,0,9.0,0
4489,2015-03-30 01:49:00,8.99,8.99,8.99,8.99,2000,8.99,1
4490,2015-03-30 01:50:00,9.0,9.0,8.99,8.99,56000,8.9911,6
4491,2015-03-30 01:51:00,8.99,8.99,8.98,8.98,10000,8.986,2
4492,2015-03-30 01:52:00,8.98,8.98,8.98,8.98,0,8.98,0
4493,2015-03-30 01:53:00,8.98,8.98,8.98,8.98,0,8.98,0
4494,2015-03-30 01:54:00,8.99,8.99,8.99,8.99,2000,8.99,1
4495,2015-03-30 01:55:00,8.99,8.99,8.98,8.98,4000,8.985,2
4496,2015-03-30 01:56:00,8.98,8.98,8.98,8.98,4000,8.98,1
4497,2015-03-30 01:57:00,8.99,8.99,8.98,8.99,22000,8.9873,5
4498,2015-03-30 01:58:00,8.98,8.98,8.98,8.98,8000,8.98,2
4499,2015-03-30 01:59:00,8.99,8.99,8.98,8.98,42000,8.9814,5
4500,2015-03-30 02:00:00,8.99,8.99,8.98,8.98,76000,8.9803,9
4501,2015-03-30 02:01:00,8.98,8.98,8.97,8.97,26000,8.9792,3
4502,2015-03-30 02:02:00,8.99,8.99,8.98,8.98,70000,8.9886,8
4503,2015-03-30 02:03:00,8.98,8.98,8.98,8.98,0,8.98,0
4504,2015-03-30 02:04:00,8.98,8.98,8.98,8.98,8000,8.98,2
4505,2015-03-30 02:05:00,8.99,8.99,8.98,8.98,48000,8.9804,5
4506,2015-03-30 02:06:00,8.97,8.97,8.97,8.97,4000,8.97,1
4507,2015-03-30 02:07:00,8.97,8.97,8.97,8.97,0,8.97,0
4508,2015-03-30 02:08:00,8.97,8.97,8.97,8.97,0,8.97,0
4509,2015-03-30 02:09:00,8.97,8.97,8.96,8.96,130000,8.9698,4
4510,2015-03-30 02:10:00,8.98,8.98,8.96,8.96,36000,8.9639,7
4511,2015-03-30 02:11:00,8.96,8.98,8.95,8.98,34000,8.96,3
4512,2015-03-30 02:12:00,8.95,8.96,8.95,8.96,8000,8.955,3
4513,2015-03-30 02:13:00,8.95,8.96,8.95,8.95,30000,8.9567,4
4514,2015-03-30 02:14:00,8.96,8.97,8.96,8.97,144000,8.9663,4
4515,2015-03-30 02:15:00,8.96,8.97,8.96,8.96,10000,8.962,4
4516,2015-03-30 02:16:00,8.96,8.96,8.96,8.96,0,8.96,0
4517,2015-03-30 02:17:00,8.96,8.97,8.96,8.96,38000,8.9611,3
4518,2015-03-30 02:18:00,8.97,8.97,8.97,8.97,2000,8.97,1
4519,2015-03-30 02:19:00,8.97,8.97,8.96,8.96,14000,8.9686,2
4520,2015-03-30 02:20:00,8.96,8.96,8.96,8.96,90000,8.96,4
4521,2015-03-30 02:21:00,8.96,8.96,8.96,8.96,8000,8.96,2
4522,2015-03-30 02:22:00,8.96,8.96,8.96,8.96,4000,8.96,1
4523,2015-03-30 02:23:00,8.96,8.96,8.96,8.96,0,8.96,0
4524,2015-03-30 02:24:00,8.97,8.97,8.96,8.96,4000,8.965,2
4525,2015-03-30 02:25:00,8.96,8.97,8.96,8.97,16000,8.9688,3
4526,2015-03-30 02:26:00,8.97,8.97,8.97,8.97,0,8.97,0
4527,2015-03-30 02:27:00,8.96,8.96,8.96,8.96,4000,8.96,2
4528,2015-03-30 02:28:00,8.97,8.97,8.97,8.97,2000,8.97,1
4529,2015-03-30 02:29:00,8.97,8.97,8.96,8.96,18000,8.9689,4
4530,2015-03-30 02:30:00,8.97,8.97,8.96,8.97,16000,8.9688,4
4531,2015-03-30 02:31:00,8.97,8.98,8.97,8.98,348000,8.9734,5
4532,2015-03-30 02:32:00,8.98,8.99,8.98,8.99,250000,8.9865,14
4533,2015-03-30 02:33:00,9.0,9.0,8.99,8.99,22000,8.9927,2
4534,2015-03-30 02:34:00,8.99,8.99,8.99,8.99,2000,8.99,1
4535,2015-03-30 02:35:00,9.0,9.0,8.99,9.0,8000,8.9975,3
4536,2015-03-30 02:36:00,9.0,9.0,9.0,9.0,6000,9.0,2
4537,2015-03-30 02:37:00,8.99,8.99,8.96,8.98,224000,8.9754,8
4538,2015-03-30 02:38:00,8.98,8.98,8.98,8.98,0,8.98,0
4539,2015-03-30 02:39:00,8.96,8.96,8.96,8.96,4000,8.96,2
4540,2015-03-30 02:40:00,8.98,8.98,8.96,8.97,24000,8.97,3
4541,2015-03-30 02:41:00,8.97,8.97,8.97,8.97,0,8.97,0
4542,2015-03-30 02:42:00,8.98,8.98,8.98,8.98,8000,8.98,1
4543,2015-03-30 02:43:00,8.97,8.97,8.97,8.97,2000,8.97,1
4544,2015-03-30 02:44:00,8.97,8.97,8.97,8.97,0,8.97,0
4545,2015-03-30 02:45:00,8.97,8.98,8.97,8.98,114000,8.9702,6
4546,2015-03-30 02:46:00,8.97,8.97,8.97,8.97,10000,8.97,4
4547,2015-03-30 02:47:00,8.97,9.02,8.97,9.02,478000,8.9803,9
4548,2015-03-30 02:48:00,9.02,9.05,8.99,9.05,148000,9.0215,11
4549,2015-03-30 02:49:00,9.04,9.04,9.04,9.04,12000,9.04,1
4550,2015-03-30 02:50:00,9.05,9.05,8.99,8.99,64000,8.9975,8
4551,2015-03-30 02:51:00,8.99,9.0,8.99,9.0,84000,8.9924,2
4552,2015-03-30 02:52:00,9.0,9.0,9.0,9.0,0,9.0,0
4553,2015-03-30 02:53:00,9.0,9.0,9.0,9.0,0,9.0,0
4554,2015-03-30 02:54:00,9.01,9.04,9.01,9.01,88000,9.017,7
4555,2015-03-30 02:55:00,9.03,9.03,9.03,9.03,2000,9.03,1
4556,2015-03-30 02:56:00,9.03,9.03,9.03,9.03,0,9.03,0
4557,2015-03-30 02:57:00,9.02,9.02,9.01,9.01,18000,9.0178,3
4558,2015-03-30 02:58:00,9.01,9.01,9.01,9.01,46000,9.01,1
4559,2015-03-30 02:59:00,9.02,9.02,9.02,9.02,6000,9.02,2
4560,2015-03-30 03:00:00,9.02,9.02,9.01,9.01,4000,9.015,2
4561,2015-03-30 03:01:00,9.01,9.01,9.01,9.01,0,9.01,0
4562,2015-03-30 03:02:00,9.01,9.01,9.01,9.01,0,9.01,0
4563,2015-03-30 03:03:00,9.02,9.02,9.02,9.02,2000,9.02,1
4564,2015-03-30 03:04:00,9.02,9.02,9.01,9.01,28000,9.0171,4
4565,2015-03-30 03:05:00,9.01,9.02,9.01,9.02,20000,9.019,5
4566,2015-03-30 03:06:00,9.02,9.02,9.01,9.01,32000,9.0169,4
4567,2015-03-30 03:07:00,9.01,9.03,9.01,9.03,298000,9.0191,8
4568,2015-03-30 03:08:00,9.03,9.03,9.02,9.02,48000,9.0296,5
4569,2015-03-30 03:09:00,9.03,9.03,9.03,9.03,2000,9.03,1
4570,2015-03-30 03:10:00,9.03,9.03,9.02,9.02,4000,9.025,2
4571,2015-03-30 03:11:00,9.02,9.02,9.01,9.01,244000,9.0186,9
4572,2015-03-30 03:12:00,9.01,9.01,9.01,9.01,20000,9.01,1
4573,2015-03-30 03:13:00,9.01,9.01,9.01,9.01,2000,9.01,1
4574,2015-03-30 03:14:00,9.01,9.01,9.01,9.01,0,9.01,0
4575,2015-03-30 03:15:00,9.01,9.01,9.0,9.0,116000,9.0002,4
4576,2015-03-30 03:16:00,9.0,9.0,8.99,8.99,38000,8.9995,3
4577,2015-03-30 03:17:00,8.99,9.0,8.99,9.0,4000,8.995,2
4578,2015-03-30 03:18:00,9.0,9.0,9.0,9.0,0,9.0,0
4579,2015-03-30 03:19:00,9.0,9.0,9.0,9.0,0,9.0,0
4580,2015-03-30 03:20:00,9.0,9.03,9.0,9.03,258000,9.0072,10
4581,2015-03-30 03:21:00,9.03,9.03,9.03,9.03,0,9.03,0
4582,2015-03-30 03:22:00,9.03,9.03,9.02,9.02,10000,9.022,2
4583,2015-03-30 03:23:00,9.03,9.03,9.03,9.03,22000,9.03,2
4584,2015-03-30 03:24:00,9.03,9.03,9.03,9.03,0,9.03,0
4585,2015-03-30 03:25:00,9.02,9.03,9.02,9.02,88000,9.022,7
4586,2015-03-30 03:26:00,9.02,9.03,9.02,9.03,6000,9.0233,2
4587,2015-03-30 03:27:00,9.03,9.03,9.01,9.01,114000,9.0204,9
4588,2015-03-30 03:28:00,9.01,9.01,9.0,9.0,16000,9.0013,2
4589,2015-03-30 03:29:00,9.01,9.01,9.01,9.01,20000,9.01,1
4590,2015-03-30 03:30:00,9.01,9.01,9.0,9.01,114000,9.0098,5
4591,2015-03-30 03:31:00,9.0,9.01,9.0,9.01,12000,9.0017,2
4592,2015-03-30 03:32:00,9.01,9.01,9.01,9.01,0,9.01,0
4593,2015-03-30 03:33:00,9.01,9.01,9.01,9.01,174000,9.01,3
4594,2015-03-30 03:34:00,9.02,9.02,9.02,9.02,20000,9.02,4
4595,2015-03-30 03:35:00,9.02,9.02,9.01,9.02,12000,9.0167,5
4596,2015-03-30 03:36:00,9.02,9.02,9.02,9.02,6000,9.02,3
4597,2015-03-30 03:37:00,9.02,9.02,9.02,9.02,4000,9.02,2
4598,2015-03-30 03:38:00,9.02,9.02,8.98,8.99,178000,9.0062,11
4599,2015-03-30 03:39:00,8.99,8.99,8.99,8.99,16000,8.99,2
4600,2015-03-30 03:40:00,8.99,8.99,8.98,8.98,36000,8.9806,6
4601,2015-03-30 03:41:00,8.98,8.98,8.98,8.98,0,8.98,0
4602,2015-03-30 03:42:00,8.99,8.99,8.99,8.99,2000,8.99,1
4603,2015-03-30 03:43:00,8.99,8.99,8.99,8.99,4000,8.99,2
4604,2015-03-30 03:44:00,8.99,8.99,8.99,8.99,4000,8.99,2
4605,2015-03-30 03:45:00,8.98,8.99,8.98,8.99,6000,8.9867,3
4606,2015-03-30 03:46:00,8.99,9.0,8.98,9.0,276000,8.9935,12
4607,2015-03-30 03:47:00,9.01,9.01,9.01,9.01,4000,9.01,1
4608,2015-03-30 03:48:00,9.01,9.01,9.01,9.01,14000,9.01,4
4609,2015-03-30 03:49:00,9.01,9.01,9.01,9.01,66000,9.01,5
4610,2015-03-30 03:50:00,9.01,9.01,9.0,9.0,86000,9.0023,14
4611,2015-03-30 03:51:00,9.01,9.01,8.98,8.98,266000,8.9966,13
4612,2015-03-30 03:52:00,8.98,8.98,8.98,8.98,40000,8.98,4
4613,2015-03-30 03:53:00,8.98,8.99,8.97,8.97,156000,8.9786,13
4614,2015-03-30 03:54:00,8.97,8.98,8.97,8.97,64000,8.9709,7
4615,2015-03-30 03:55:00,8.98,8.98,8.96,8.96,352000,8.9666,17
4616,2015-03-30 03:56:00,8.95,8.96,8.95,8.95,144000,8.9501,9
4617,2015-03-30 03:57:00,8.95,8.96,8.94,8.95,320000,8.9494,15
4618,2015-03-30 03:58:00,8.94,8.95,8.94,8.94,254000,8.9468,14
4619,2015-03-30 03:59:00,8.95,8.95,8.93,8.94,1472000,8.9388,65
4620,2015-03-30 21:30:00,9.12,9.17,9.1,9.13,460000,9.1472,44
4621,2015-03-30 21:31:00,9.13,9.15,9.13,9.13,130000,9.1323,11
4622,2015-03-30 21:32:00,9.13,9.14,9.13,9.13,78000,9.1315,10
4623,2015-03-30 21:33:00,9.14,9.14,9.13,9.13,28000,9.1343,6
4624,2015-03-30 21:34:00,9.14,9.14,9.13,9.13,50000,9.1328,11
4625,2015-03-30 21:35:00,9.13,9.15,9.13,9.14,456000,9.1423,18
4626,2015-03-30 21:36:00,9.15,9.18,9.14,9.18,528000,9.1632,21
4627,2015-03-30 21:37:00,9.18,9.19,9.18,9.18,116000,9.1805,15
4628,2015-03-30 21:38:00,9.18,9.19,9.14,9.14,368000,9.1722,20
4629,2015-03-30 21:39:00,9.15,9.15,9.14,9.15,26000,9.1477,4
4630,2015-03-30 21:40:00,9.14,9.15,9.14,9.14,20000,9.142,5
4631,2015-03-30 21:41:00,9.15,9.15,9.14,9.14,34000,9.1488,5
4632,2015-03-30 21:42:00,9.15,9.15,9.14,9.14,24000,9.1408,5
4633,2015-03-30 21:43:00,9.15,9.15,9.15,9.15,4000,9.15,2
4634,2015-03-30 21:44:00,9.15,9.15,9.14,9.14,32000,9.1494,5
4635,2015-03-30 21:45:00,9.15,9.18,9.1,9.11,1134000,9.1544,56
4636,2015-03-30 21:46:00,9.11,9.11,9.11,9.11,0,9.11,0
4637,2015-03-30 21:47:00,9.15,9.17,9.12,9.17,608000,9.1541,28
4638,2015-03-30 21:48:00,9.16,9.17,9.16,9.17,32000,9.1663,7
4639,2015-03-30 21:49:00,9.17,9.17,9.16,9.16,30000,9.168,8
4640,2015-03-30 21:50:00,9.16,9.17,9.15,9.15,274000,9.1585,13
4641,2015-03-30 21:51:00,9.15,9.15,9.11,9.11,84000,9.1371,10
4642,2015-03-30 21:52:00,9.12,9.13,9.12,9.13,152000,9.1292,2
4643,2015-03-30 21:53:00,9.13,9.14,9.13,9.14,86000,9.1305,3
4644,2015-03-30 21:54:00,9.14,9.14,9.14,9.14,50000,9.14,5
4645,2015-03-30 21:55:00,9.13,9.14,9.13,9.14,48000,9.135,9
4646,2015-03-30 21:56:00,9.13,9.14,9.13,9.14,12000,9.1317,2
4647,2015-03-30 21:57:00,9.14,9.14,9.13,9.13,4000,9.135,2
4648,2015-03-30 21:58:00,9.13,9.14,9.13,9.14,10000,9.134,3
4649,2015-03-30 21:59:00,9.14,9.14,9.13,9.13,82000,9.1317,8
4650,2015-03-30 22:00:00,9.14,9.14,9.14,9.14,236000,9.14,3
4651,2015-03-30 22:01:00,9.15,9.16,9.15,9.16,150000,9.154,8
4652,2015-03-30 22:02:00,9.17,9.17,9.16,9.16,20000,9.165,2
4653,2015-03-30 22:03:00,9.16,9.16,9.16,9.16,86000,9.16,2
4654,2015-03-30 22:04:00,9.17,9.17,9.17,9.17,88000,9.17,8
4655,2015-03-30 22:05:00,9.17,9.17,9.15,9.16,246000,9.1583,11
4656,2015-03-30 22:06:00,9.16,9.16,9.14,9.14,82000,9.1493,7
4657,2015-03-30 22:07:00,9.14,9.15,9.14,9.14,40000,9.1425,6
4658,2015-03-30 22:08:00,9.14,9.14,9.13,9.13,66000,9.1303,4
4659,2015-03-30 22:09:00,9.13,9.14,9.13,9.14,198000,9.1398,8
4660,2015-03-30 22:10:00,9.14,9.14,9.14,9.14,0,9.14,0
4661,2015-03-30 22:11:00,9.15,9.15,9.14,9.14,76000,9.1403,2
4662,2015-03-30 22:12:00,9.14,9.14,9.13,9.13,8000,9.1325,3
4663,2015-03-30 22:13:00,9.13,9.13,9.12,9.12,140000,9.124,15
4664,2015-03-30 22:14:00,9.12,9.12,9.12,9.12,104000,9.12,6
4665,2015-03-30 22:15:00,9.12,9.12,9.12,9.12,0,9.12,0
4666,2015-03-30 22:16:00,9.12,9.12,9.12,9.12,0,9.12,0
4667,2015-03-30 22:17:00,9.11,9.11,9.11,9.11,2000,9.11,1
4668,2015-03-30 22:18:00,9.12,9.12,9.11,9.12,206000,9.1117,7
4669,2015-03-30 22:19:00,9.11,9.12,9.11,9.11,170000,9.112,10
4670,2015-03-30 22:20:00,9.1,9.1,9.09,9.09,74000,9.0995,5
4671,2015-03-30 22:21:00,9.09,9.09,9.07,9.07,132000,9.0853,9
4672,2015-03-30 22:22:00,9.06,9.06,9.05,9.05,60000,9.0553,10
4673,2015-03-30 22:23:00,9.05,9.06,9.05,9.05,160000,9.055,12
4674,2015-03-30 22:24:00,9.05,9.06,9.05,9.05,114000,9.0588,3
4675,2015-03-30 22:25:00,9.06,9.12,9.06,9.12,282000,9.0743,10
4676,2015-03-30 22:26:00,9.12,9.12,9.12,9.12,6000,9.12,2
4677,2015-03-30 22:27:00,9.12,9.14,9.12,9.14,186000,9.1285,13
4678,2015-03-30 22:28:00,9.14,9.15,9.12,9.15,194000,9.1347,6
4679,2015-03-30 22:29:00,9.14,9.15,9.14,9.14,176000,9.1452,6
4680,2015-03-30 22:30:00,9.13,9.16,9.13,9.16,92000,9.1524,5
4681,2015-03-30 22:31:00,9.16,9.16,9.15,9.16,104000,9.1596,11
4682,2015-03-30 22:32:00,9.16,9.17,9.15,9.16,158000,9.1601,8
4683,2015-03-30 22:33:00,9.16,9.16,9.16,9.16,40000,9.16,3
4684,2015-03-30 22:34:00,9.17,9.17,9.15,9.16,300000,9.1645,8
4685,2015-03-30 22:35:00,9.14,9.17,9.14,9.17,180000,9.167,7
4686,2015-03-30 22:36:00,9.18,9.18,9.17,9.17,216000,9.1785,7
4687,2015-03-30 22:37:00,9.17,9.17,9.17,9.17,0,9.17,0
4688,2015-03-30 22:38:00,9.18,9.19,9.18,9.19,122000,9.1816,4
4689,2015-03-30 22:39:00,9.19,9.2,9.19,9.19,132000,9.1933,5
4690,2015-03-30 22:40:00,9.2,9.2,9.2,9.2,36000,9.2,4
4691,2015-03-30 22:41:00,9.2,9.23,9.2,9.23,462000,9.2137,17
4692,2015-03-30 22:42:00,9.23,9.25,9.23,9.25,150000,9.2392,15
4693,2015-03-30 22:43:00,9.26,9.27,9.25,9.26,100000,9.2604,14
4694,2015-03-30 22:44:00,9.27,9.28,9.26,9.27,64000,9.2694,7
4695,2015-03-30 22:45:00,9.27,9.28,9.27,9.28,172000,9.2791,10
4696,2015-03-30 22:46:00,9.28,9.28,9.27,9.27,14000,9.2771,3
4697,2015-03-30 22:47:00,9.28,9.28,9.27,9.27,30000,9.2767,2
4698,2015-03-30 22:48:00,9.28,9.28,9.28,9.28,52000,9.28,5
4699,2015-03-30 22:49:00,9.27,9.28,9.27,9.28,22000,9.2709,2
4700,2015-03-30 22:50:00,9.28,9.28,9.28,9.28,2000,9.28,1
4701,2015-03-30 22:51:00,9.28,9.28,9.25,9.25,162000,9.2653,8
4702,2015-03-30 22:52:00,9.24,9.24,9.24,9.24,22000,9.24,3
4703,2015-03-30 22:53:00,9.24,9.24,9.23,9.23,26000,9.2377,2
4704,2015-03-30 22:54:00,9.24,9.24,9.23,9.23,8000,9.235,2
4705,2015-03-30 22:55:00,9.24,9.24,9.23,9.24,34000,9.2376,6
4706,2015-03-30 22:56:00,9.24,9.26,9.24,9.26,112000,9.2502,5
4707,2015-03-30 22:57:00,9.26,9.27,9.26,9.27,228000,9.2657,13
4708,2015-03-30 22:58:00,9.27,9.27,9.27,9.27,14000,9.27,2
4709,2015-03-30 22:59:00,9.28,9.28,9.27,9.27,64000,9.2731,2
4710,2015-03-30 23:00:00,9.28,9.29,9.28,9.29,234000,9.2865,3
4711,2015-03-30 23:01:00,9.29,9.29,9.28,9.28,198000,9.2883,6
4712,2015-03-30 23:02:00,9.3,9.32,9.29,9.3,418000,9.3052,31
4713,2015-03-30 23:03:00,9.3,9.34,9.3,9.34,418000,9.3178,20
4714,2015-03-30 23:04:00,9.35,9.35,9.32,9.32,378000,9.3413,25
4715,2015-03-30 23:05:00,9.31,9.32,9.3,9.32,194000,9.3149,8
4716,2015-03-30 23:06:00,9.34,9.34,9.33,9.33,62000,9.3371,5
4717,2015-03-30 23:07:00,9.33,9.34,9.32,9.32,110000,9.3249,6
4718,2015-03-30 23:08:00,9.32,9.34,9.31,9.31,180000,9.3297,7
4719,2015-03-30 23:09:00,9.3,9.3,9.3,9.3,8000,9.3,2
4720,2015-03-30 23:10:00,9.3,9.3,9.3,9.3,14000,9.3,2
4721,2015-03-30 23:11:00,9.3,9.3,9.29,9.29,52000,9.2985,4
4722,2015-03-30 23:12:00,9.3,9.3,9.28,9.28,22000,9.2909,2
4723,2015-03-30 23:13:00,9.28,9.29,9.28,9.29,26000,9.2862,6
4724,2015-03-30 23:14:00,9.29,9.29,9.28,9.28,74000,9.2803,4
4725,2015-03-30 23:15:00,9.28,9.28,9.27,9.28,92000,9.2746,6
4726,2015-03-30 23:16:00,9.26,9.26,9.24,9.24,42000,9.2571,3
4727,2015-03-30 23:17:00,9.24,9.24,9.24,9.24,6000,9.24,1
4728,2015-03-30 23:18:00,9.25,9.26,9.24,9.26,24000,9.2467,5
4729,2015-03-30 23:19:00,9.24,9.25,9.24,9.25,32000,9.2406,6
4730,2015-03-30 23:20:00,9.23,9.23,9.23,9.23,14000,9.23,3
4731,2015-03-30 23:21:00,9.25,9.25,9.23,9.23,40000,9.241,6
4732,2015-03-30 23:22:00,9.23,9.25,9.23,9.24,34000,9.2435,6
4733,2015-03-30 23:23:00,9.25,9.25,9.23,9.23,12000,9.2367,3
4734,2015-03-30 23:24:00,9.25,9.25,9.23,9.23,56000,9.2332,5
4735,2015-03-30 23:25:00,9.24,9.25,9.24,9.24,36000,9.2417,6
4736,2015-03-30 23:26:00,9.25,9.25,9.24,9.24,86000,9.2419,5
4737,2015-03-30 23:27:00,9.24,9.24,9.23,9.23,54000,9.2311,11
4738,2015-03-30 23:28:00,9.22,9.23,9.22,9.23,16000,9.2238,3
4739,2015-03-30 23:29:00,9.22,9.22,9.22,9.22,18000,9.22,4
4740,2015-03-30 23:30:00,9.22,9.23,9.22,9.22,20000,9.221,6
4741,2015-03-30 23:31:00,9.22,9.23,9.22,9.23,30000,9.2253,9
4742,2015-03-30 23:32:00,9.22,9.23,9.22,9.23,12000,9.2283,3
4743,2015-03-30 23:33:00,9.22,9.22,9.22,9.22,48000,9.22,4
4744,2015-03-30 23:34:00,9.22,9.22,9.21,9.21,56000,9.2104,6
4745,2015-03-30 23:35:00,9.21,9.28,9.21,9.28,364000,9.2286,18
4746,2015-03-30 23:36:00,9.28,9.28,9.25,9.26,28000,9.265,5
4747,2015-03-30 23:37:00,9.25,9.27,9.25,9.27,40000,9.268,5
4748,2015-03-30 23:38:00,9.27,9.27,9.27,9.27,14000,9.27,2
4749,2015-03-30 23:39:00,9.26,9.27,9.24,9.26,214000,9.2628,9
4750,2015-03-30 23:40:00,9.25,9.25,9.25,9.25,4000,9.25,1
4751,2015-03-30 23:41:00,9.27,9.27,9.27,9.27,50000,9.27,2
4752,2015-03-30 23:42:00,9.28,9.28,9.27,9.28,28000,9.2786,5
4753,2015-03-30 23:43:00,9.28,9.28,9.27,9.27,26000,9.2731,5
4754,2015-03-30 23:44:00,9.28,9.29,9.28,9.29,82000,9.2856,5
4755,2015-03-30 23:45:00,9.29,9.3,9.29,9.3,26000,9.2938,3
4756,2015-03-30 23:46:00,9.29,9.32,9.29,9.32,180000,9.304,8
4757,2015-03-30 23:47:00,9.32,9.32,9.32,9.32,0,9.32,0
4758,2015-03-30 23:48:00,9.31,9.32,9.31,9.32,26000,9.3123,2
4759,2015-03-30 23:49:00,9.32,9.32,9.31,9.31,10000,9.314,2
4760,2015-03-30 23:50:00,9.32,9.32,9.32,9.32,28000,9.32,1
4761,2015-03-30 23:51:00,9.31,9.31,9.31,9.31,160000,9.31,6
4762,2015-03-30 23:52:00,9.3,9.31,9.3,9.31,96000,9.301,5
4763,2015-03-30 23:53:00,9.3,9.3,9.3,9.3,34000,9.3,1
4764,2015-03-30 23:54:00,9.29,9.3,9.29,9.3,12000,9.2917,2
4765,2015-03-30 23:55:00,9.29,9.29,9.29,9.29,18000,9.29,1
4766,2015-03-30 23:56:00,9.29,9.29,9.29,9.29,10000,9.29,2
4767,2015-03-30 23:57:00,9.29,9.29,9.29,9.29,46000,9.29,5
4768,2015-03-30 23:58:00,9.29,9.29,9.29,9.29,10000,9.29,2
4769,2015-03-30 23:59:00,9.3,9.33,9.3,9.32,230000,9.3089,19
4770,2015-03-31 01:00:00,9.32,9.33,9.3,9.32,106000,9.3183,18
4771,2015-03-31 01:01:00,9.3,9.31,9.3,9.31,26000,9.3008,2
4772,2015-03-31 01:02:00,9.31,9.31,9.31,9.31,12000,9.31,4
4773,2015-03-31 01:03:00,9.31,9.31,9.3,9.3,136000,9.3026,7
4774,2015-03-31 01:04:00,9.29,9.29,9.29,9.29,14000,9.29,3
4775,2015-03-31 01:05:00,9.3,9.3,9.28,9.28,64000,9.2897,8
4776,2015-03-31 01:06:00,9.28,9.28,9.28,9.28,0,9.28,0
4777,2015-03-31 01:07:00,9.29,9.29,9.28,9.29,22000,9.2855,4
4778,2015-03-31 01:08:00,9.28,9.28,9.28,9.28,10000,9.28,1
4779,2015-03-31 01:09:00,9.29,9.29,9.28,9.28,18000,9.2856,2
4780,2015-03-31 01:10:00,9.28,9.28,9.28,9.28,8000,9.28,2
4781,2015-03-31 01:11:00,9.28,9.29,9.28,9.29,32000,9.2806,7
4782,2015-03-31 01:12:00,9.29,9.3,9.29,9.3,100000,9.2906,3
4783,2015-03-31 01:13:00,9.3,9.3,9.29,9.3,12000,9.2933,3
4784,2015-03-31 01:14:00,9.3,9.3,9.3,9.3,178000,9.3,6
4785,2015-03-31 01:15:00,9.29,9.29,9.29,9.29,54000,9.29,3
4786,2015-03-31 01:16:00,9.28,9.28,9.28,9.28,52000,9.28,2
4787,2015-03-31 01:17:00,9.28,9.29,9.28,9.29,50000,9.2896,2
4788,2015-03-31 01:18:00,9.29,9.29,9.29,9.29,26000,9.29,2
4789,2015-03-31 01:19:00,9.29,9.29,9.27,9.27,222000,9.2736,9
4790,2015-03-31 01:20:00,9.27,9.28,9.27,9.28,148000,9.278,4
4791,2015-03-31 01:21:00,9.29,9.29,9.29,9.29,2000,9.29,1
4792,2015-03-31 01:22:00,9.28,9.28,9.28,9.28,46000,9.28,5
4793,2015-03-31 01:23:00,9.28,9.28,9.28,9.28,0,9.28,0
4794,2015-03-31 01:24:00,9.29,9.29,9.27,9.27,46000,9.2839,3
4795,2015-03-31 01:25:00,9.29,9.29,9.29,9.29,14000,9.29,2
4796,2015-03-31 01:26:00,9.29,9.29,9.29,9.29,0,9.29,0
4797,2015-03-31 01:27:00,9.29,9.29,9.27,9.27,96000,9.2798,17
4798,2015-03-31 01:28:00,9.3,9.3,9.3,9.3,16000,9.3,1
4799,2015-03-31 01:29:00,9.3,9.3,9.3,9.3,0,9.3,0
4800,2015-03-31 01:30:00,9.27,9.27,9.27,9.27,12000,9.27,1
4801,2015-03-31 01:31:00,9.27,9.28,9.27,9.28,12000,9.2733,3
4802,2015-03-31 01:32:00,9.28,9.28,9.28,9.28,0,9.28,0
4803,2015-03-31 01:33:00,9.28,9.28,9.28,9.28,0,9.28,0
4804,2015-03-31 01:34:00,9.28,9.28,9.26,9.27,52000,9.2708,4
4805,2015-03-31 01:35:00,9.28,9.28,9.27,9.27,14000,9.2771,2
4806,2015-03-31 01:36:00,9.27,9.28,9.27,9.28,12000,9.2767,2
4807,2015-03-31 01:37:00,9.27,9.28,9.27,9.28,64000,9.2791,5
4808,2015-03-31 01:38:00,9.28,9.29,9.28,9.28,34000,9.2847,3
4809,2015-03-31 01:39:00,9.29,9.29,9.29,9.29,10000,9.29,1
4810,2015-03-31 01:40:00,9.29,9.29,9.29,9.29,4000,9.29,1
4811,2015-03-31 01:41:00,9.28,9.28,9.28,9.28,18000,9.28,2
4812,2015-03-31 01:42:00,9.28,9.29,9.28,9.29,12000,9.2883,3
4813,2015-03-31 01:43:00,9.29,9.29,9.29,9.29,60000,9.29,2
4814,2015-03-31 01:44:00,9.29,9.29,9.29,9.29,26000,9.29,5
4815,2015-03-31 01:45:00,9.29,9.29,9.29,9.29,84000,9.29,7
4816,2015-03-31 01:46:00,9.29,9.29,9.28,9.28,46000,9.2874,4
4817,2015-03-31 01:47:00,9.29,9.29,9.29,9.29,8000,9.29,1
4818,2015-03-31 01:48:00,9.28,9.28,9.27,9.28,172000,9.2783,4
4819,2015-03-31 01:49:00,9.27,9.27,9.27,9.27,42000,9.27,5
4820,2015-03-31 01:50:00,9.27,9.27,9.27,9.27,6000,9.27,3
4821,2015-03-31 01:51:00,9.26,9.26,9.26,9.26,8000,9.26,1
4822,2015-03-31 01:52:00,9.27,9.27,9.27,9.27,2000,9.27,1
4823,2015-03-31 01:53:00,9.27,9.27,9.26,9.27,34000,9.2641,5
4824,2015-03-31 01:54:00,9.27,9.27,9.26,9.26,32000,9.265,6
4825,2015-03-31 01:55:00,9.27,9.27,9.27,9.27,14000,9.27,2
4826,2015-03-31 01:56:00,9.27,9.29,9.27,9.29,176000,9.2767,9
4827,2015-03-31 01:57:00,9.29,9.29,9.25,9.25,78000,9.2751,9
4828,2015-03-31 01:58:00,9.29,9.29,9.26,9.26,40000,9.2885,2
4829,2015-03-31 01:59:00,9.27,9.28,9.27,9.27,22000,9.2745,5
4830,2015-03-31 02:00:00,9.28,9.28,9.28,9.28,14000,9.28,3
4831,2015-03-31 02:01:00,9.28,9.28,9.28,9.28,16000,9.28,4
4832,2015-03-31 02:02:00,9.28,9.28,9.28,9.28,10000,9.28,4
4833,2015-03-31 02:03:00,9.28,9.3,9.28,9.29,142000,9.2903,12
4834,2015-03-31 02:04:00,9.28,9.3,9.28,9.3,226000,9.2977,10
4835,2015-03-31 02:05:00,9.3,9.3,9.3,9.3,8000,9.3,2
4836,2015-03-31 02:06:00,9.3,9.32,9.3,9.32,266000,9.3102,8
4837,2015-03-31 02:07:00,9.32,9.32,9.32,9.32,2000,9.32,1
4838,2015-03-31 02:08:00,9.33,9.33,9.31,9.33,330000,9.3194,8
4839,2015-03-31 02:09:00,9.32,9.33,9.32,9.32,208000,9.3292,7
4840,2015-03-31 02:10:00,9.33,9.34,9.3,9.34,120000,9.3255,8
4841,2015-03-31 02:11:00,9.3,9.3,9.3,9.3,10000,9.3,1
4842,2015-03-31 02:12:00,9.31,9.32,9.31,9.31,32000,9.3106,3
4843,2015-03-31 02:13:00,9.31,9.32,9.3,9.3,40000,9.3065,7
4844,2015-03-31 02:14:00,9.31,9.31,9.29,9.29,30000,9.3,4
4845,2015-03-31 02:15:00,9.29,9.29,9.27,9.27,50000,9.2864,8
4846,2015-03-31 02:16:00,9.29,9.32,9.29,9.32,110000,9.3009,6
4847,2015-03-31 02:17:00,9.29,9.3,9.28,9.28,20000,9.283,6
4848,2015-03-31 02:18:00,9.28,9.32,9.28,9.31,62000,9.3026,5
4849,2015-03-31 02:19:00,9.32,9.32,9.32,9.32,174000,9.32,1
4850,2015-03-31 02:20:00,9.32,9.32,9.28,9.28,140000,9.3124,7
4851,2015-03-31 02:21:00,9.28,9.31,9.28,9.28,14000,9.2843,4
4852,2015-03-31 02:22:00,9.28,9.28,9.28,9.28,18000,9.28,3
4853,2015-03-31 02:23:00,9.27,9.27,9.26,9.26,42000,9.2671,6
4854,2015-03-31 02:24:00,9.25,9.25,9.25,9.25,4000,9.25,1
4855,2015-03-31 02:25:00,9.26,9.26,9.25,9.25,108000,9.258,7
4856,2015-03-31 02:26:00,9.26,9.26,9.25,9.26,20000,9.258,5
4857,2015-03-31 02:27:00,9.27,9.28,9.26,9.28,106000,9.2728,9
4858,2015-03-31 02:28:00,9.29,9.3,9.29,9.3,32000,9.295,5
4859,2015-03-31 02:29:00,9.3,9.3,9.29,9.3,32000,9.295,5
4860,2015-03-31 02:30:00,9.3,9.3,9.3,9.3,40000,9.3,2
4861,2015-03-31 02:31:00,9.3,9.3,9.3,9.3,46000,9.3,5
4862,2015-03-31 02:32:00,9.3,9.3,9.29,9.3,18000,9.2933,3
4863,2015-03-31 02:33:00,9.3,9.3,9.3,9.3,16000,9.3,3
4864,2015-03-31 02:34:00,9.3,9.3,9.28,9.29,126000,9.2895,5
4865,2015-03-31 02:35:00,9.27,9.27,9.27,9.27,10000,9.27,1
4866,2015-03-31 02:36:00,9.27,9.27,9.27,9.27,0,9.27,0
4867,2015-03-31 02:37:00,9.27,9.28,9.27,9.28,178000,9.2735,8
4868,2015-03-31 02:38:00,9.28,9.28,9.28,9.28,0,9.28,0
4869,2015-03-31 02:39:00,9.29,9.29,9.28,9.28,84000,9.2812,6
4870,2015-03-31 02:40:00,9.27,9.27,9.27,9.27,46000,9.27,3
4871,2015-03-31 02:41:00,9.28,9.29,9.28,9.29,62000,9.2803,5
4872,2015-03-31 02:42:00,9.29,9.29,9.29,9.29,24000,9.29,3
4873,2015-03-31 02:43:00,9.29,9.29,9.29,9.29,4000,9.29,2
4874,2015-03-31 02:44:00,9.28,9.29,9.28,9.29,20000,9.282,4
4875,2015-03-31 02:45:00,9.29,9.29,9.28,9.28,140000,9.2814,7
4876,2015-03-31 02:46:00,9.28,9.28,9.26,9.26,238000,9.2712,10
4877,2015-03-31 02:47:00,9.26,9.26,9.26,9.26,6000,9.26,1
4878,2015-03-31 02:48:00,9.26,9.26,9.26,9.26,4000,9.26,1
4879,2015-03-31 02:49:00,9.26,9.27,9.26,9.27,4000,9.265,2
4880,2015-03-31 02:50:00,9.27,9.27,9.26,9.26,18000,9.2667,6
4881,2015-03-31 02:51:00,9.27,9.27,9.27,9.27,174000,9.27,12
4882,2015-03-31 02:52:00,9.27,9.27,9.27,9.27,0,9.27,0
4883,2015-03-31 02:53:00,9.28,9.28,9.28,9.28,4000,9.28,2
4884,2015-03-31 02:54:00,9.28,9.28,9.27,9.28,14000,9.2729,3
4885,2015-03-31 02:55:00,9.28,9.28,9.28,9.28,12000,9.28,4
4886,2015-03-31 02:56:00,9.27,9.28,9.27,9.27,72000,9.2781,8
4887,2015-03-31 02:57:00,9.28,9.29,9.28,9.29,98000,9.2802,9
4888,2015-03-31 02:58:00,9.29,9.29,9.29,9.29,36000,9.29,5
4889,2015-03-31 02:59:00,9.29,9.29,9.28,9.28,56000,9.2886,11
4890,2015-03-31 03:00:00,9.29,9.29,9.28,9.28,94000,9.2819,4
4891,2015-03-31 03:01:00,9.29,9.29,9.29,9.29,4000,9.29,1
4892,2015-03-31 03:02:00,9.29,9.29,9.27,9.27,46000,9.2787,9
4893,2015-03-31 03:03:00,9.28,9.28,9.27,9.27,32000,9.2719,4
4894,2015-03-31 03:04:00,9.27,9.27,9.26,9.26,12000,9.2633,3
4895,2015-03-31 03:05:00,9.25,9.27,9.25,9.27,22000,9.2664,3
4896,2015-03-31 03:06:00,9.27,9.28,9.27,9.27,100000,9.274,6
4897,2015-03-31 03:07:00,9.29,9.29,9.27,9.27,18000,9.2722,3
4898,2015-03-31 03:08:00,9.28,9.29,9.28,9.28,110000,9.2869,15
4899,2015-03-31 03:09:00,9.28,9.28,9.28,9.28,16000,9.28,1
4900,2015-03-31 03:10:00,9.28,9.28,9.28,9.28,10000,9.28,3
4901,2015-03-31 03:11:00,9.28,9.28,9.28,9.28,4000,9.28,1
4902,2015-03-31 03:12:00,9.29,9.29,9.28,9.28,14000,9.2829,4
4903,2015-03-31 03:13:00,9.29,9.29,9.28,9.28,72000,9.2817,6
4904,2015-03-31 03:14:00,9.27,9.27,9.26,9.26,90000,9.2667,10
4905,2015-03-31 03:15:00,9.26,9.26,9.26,9.26,16000,9.26,5
4906,2015-03-31 03:16:00,9.26,9.26,9.26,9.26,0,9.26,0
4907,2015-03-31 03:17:00,9.26,9.26,9.25,9.25,82000,9.2505,5
4908,2015-03-31 03:18:00,9.25,9.25,9.24,9.25,28000,9.2421,5
4909,2015-03-31 03:19:00,9.24,9.24,9.23,9.24,92000,9.2391,9
4910,2015-03-31 03:20:00,9.24,9.25,9.24,9.25,170000,9.2419,8
4911,2015-03-31 03:21:00,9.26,9.27,9.26,9.27,20000,9.262,2
4912,2015-03-31 03:22:00,9.27,9.27,9.27,9.27,62000,9.27,6
4913,2015-03-31 03:23:00,9.27,9.27,9.27,9.27,16000,9.27,3
4914,2015-03-31 03:24:00,9.27,9.27,9.27,9.27,10000,9.27,4
4915,2015-03-31 03:25:00,9.27,9.27,9.26,9.26,52000,9.2692,7
4916,2015-03-31 03:26:00,9.27,9.27,9.26,9.27,8000,9.265,3
4917,2015-03-31 03:27:00,9.27,9.27,9.26,9.26,14000,9.2629,3
4918,2015-03-31 03:28:00,9.27,9.27,9.26,9.27,28000,9.2657,7
4919,2015-03-31 03:29:00,9.26,9.27,9.26,9.26,42000,9.2676,6
4920,2015-03-31 03:30:00,9.27,9.27,9.26,9.26,36000,9.2628,8
4921,2015-03-31 03:31:00,9.26,9.27,9.26,9.27,52000,9.2685,7
4922,2015-03-31 03:32:00,9.26,9.27,9.25,9.26,412000,9.259,19
4923,2015-03-31 03:33:00,9.23,9.24,9.23,9.24,78000,9.2359,18
4924,2015-03-31 03:34:00,9.24,9.24,9.22,9.22,46000,9.2326,10
4925,2015-03-31 03:35:00,9.22,9.22,9.2,9.21,88000,9.2102,13
4926,2015-03-31 03:36:00,9.2,9.2,9.2,9.2,36000,9.2,4
4927,2015-03-31 03:37:00,9.2,9.2,9.2,9.2,30000,9.2,3
4928,2015-03-31 03:38:00,9.2,9.2,9.2,9.2,48000,9.2,8
4929,2015-03-31 03:39:00,9.2,9.21,9.2,9.21,70000,9.2009,8
4930,2015-03-31 03:40:00,9.2,9.2,9.19,9.19,240000,9.1963,18
4931,2015-03-31 03:41:00,9.19,9.19,9.19,9.19,96000,9.19,5
4932,2015-03-31 03:42:00,9.19,9.19,9.19,9.19,60000,9.19,7
4933,2015-03-31 03:43:00,9.19,9.19,9.19,9.19,96000,9.19,8
4934,2015-03-31 03:44:00,9.18,9.18,9.15,9.15,166000,9.1755,15
4935,2015-03-31 03:45:00,9.16,9.16,9.16,9.16,74000,9.16,7
4936,2015-03-31 03:46:00,9.16,9.2,9.16,9.2,386000,9.1767,8
4937,2015-03-31 03:47:00,9.21,9.27,9.21,9.21,256000,9.2177,22
4938,2015-03-31 03:48:00,9.21,9.21,9.21,9.21,0,9.21,0
4939,2015-03-31 03:49:00,9.22,9.25,9.22,9.22,398000,9.2255,10
4940,2015-03-31 03:50:00,9.21,9.22,9.21,9.21,194000,9.2152,4
4941,2015-03-31 03:51:00,9.22,9.22,9.21,9.22,170000,9.2194,11
4942,2015-03-31 03:52:00,9.22,9.26,9.22,9.25,324000,9.2367,20
4943,2015-03-31 03:53:00,9.26,9.26,9.25,9.26,66000,9.2594,3
4944,2015-03-31 03:54:00,9.25,9.26,9.25,9.25,60000,9.2557,8
4945,2015-03-31 03:55:00,9.25,9.26,9.25,9.25,248000,9.2549,20
4946,2015-03-31 03:56:00,9.26,9.26,9.25,9.25,382000,9.2532,34
4947,2015-03-31 03:57:00,9.26,9.26,9.23,9.23,542000,9.2498,40
4948,2015-03-31 03:58:00,9.23,9.24,9.21,9.21,868000,9.2335,36
4949,2015-03-31 03:59:00,9.21,9.23,9.16,9.16,2920000,9.1814,104
4950,2015-03-31 21:30:00,9.41,9.41,9.36,9.39,150000,9.3904,15
4951,2015-03-31 21:31:00,9.37,9.39,9.37,9.39,26000,9.3762,4
4952,2015-03-31 21:32:00,9.38,9.39,9.37,9.39,26000,9.3738,4
4953,2015-03-31 21:33:00,9.39,9.39,9.37,9.39,58000,9.3793,10
4954,2015-03-31 21:34:00,9.39,9.41,9.38,9.41,106000,9.3936,15
4955,2015-03-31 21:35:00,9.39,9.41,9.39,9.39,64000,9.3941,11
4956,2015-03-31 21:36:00,9.39,9.4,9.39,9.4,8000,9.3925,3
4957,2015-03-31 21:37:00,9.38,9.4,9.38,9.4,8000,9.395,4
4958,2015-03-31 21:38:00,9.4,9.41,9.4,9.41,128000,9.4006,13
4959,2015-03-31 21:39:00,9.4,9.42,9.4,9.42,274000,9.4077,14
4960,2015-03-31 21:40:00,9.43,9.43,9.43,9.43,6000,9.43,3
4961,2015-03-31 21:41:00,9.42,9.42,9.4,9.4,230000,9.4044,9
4962,2015-03-31 21:42:00,9.4,9.4,9.4,9.4,2000,9.4,1
4963,2015-03-31 21:43:00,9.4,9.4,9.4,9.4,38000,9.4,3
4964,2015-03-31 21:44:00,9.39,9.41,9.39,9.41,4000,9.4,2
4965,2015-03-31 21:45:00,9.41,9.42,9.4,9.41,158000,9.4087,12
4966,2015-03-31 21:46:00,9.42,9.43,9.42,9.43,34000,9.4253,9
4967,2015-03-31 21:47:00,9.43,9.44,9.42,9.43,72000,9.4242,11
4968,2015-03-31 21:48:00,9.42,9.42,9.39,9.4,190000,9.4053,7
4969,2015-03-31 21:49:00,9.39,9.4,9.39,9.4,38000,9.3974,6
4970,2015-03-31 21:50:00,9.4,9.43,9.4,9.43,382000,9.4032,11
4971,2015-03-31 21:51:00,9.43,9.44,9.43,9.44,16000,9.4313,4
4972,2015-03-31 21:52:00,9.43,9.44,9.43,9.44,112000,9.4304,3
4973,2015-03-31 21:53:00,9.44,9.44,9.43,9.43,18000,9.4389,2
4974,2015-03-31 21:54:00,9.44,9.44,9.44,9.44,116000,9.44,2
4975,2015-03-31 21:55:00,9.44,9.44,9.43,9.44,54000,9.4393,3
4976,2015-03-31 21:56:00,9.45,9.45,9.44,9.45,34000,9.4494,3
4977,2015-03-31 21:57:00,9.45,9.45,9.45,9.45,0,9.45,0
4978,2015-03-31 21:58:00,9.44,9.44,9.44,9.44,12000,9.44,2
4979,2015-03-31 21:59:00,9.44,9.44,9.44,9.44,38000,9.44,3
4980,2015-03-31 22:00:00,9.45,9.45,9.44,9.44,10000,9.442,3
4981,2015-03-31 22:01:00,9.44,9.45,9.44,9.44,40000,9.446,6
4982,2015-03-31 22:02:00,9.45,9.45,9.45,9.45,14000,9.45,1
4983,2015-03-31 22:03:00,9.45,9.47,9.44,9.47,282000,9.4526,10
4984,2015-03-31 22:04:00,9.47,9.48,9.47,9.48,248000,9.4735,7
4985,2015-03-31 22:05:00,9.48,9.48,9.47,9.47,58000,9.4703,3
4986,2015-03-31 22:06:00,9.47,9.47,9.47,9.47,16000,9.47,3
4987,2015-03-31 22:07:00,9.47,9.47,9.47,9.47,10000,9.47,2
4988,2015-03-31 22:08:00,9.48,9.48,9.47,9.47,20000,9.477,4
4989,2015-03-31 22:09:00,9.48,9.48,9.48,9.48,36000,9.48,3
4990,2015-03-31 22:10:00,9.48,9.48,9.47,9.47,22000,9.4782,3
4991,2015-03-31 22:11:00,9.48,9.49,9.48,9.49,124000,9.4803,5
4992,2015-03-31 22:12:00,9.49,9.49,9.48,9.48,6000,9.4833,2
4993,2015-03-31 22:13:00,9.49,9.49,9.49,9.49,10000,9.49,1
4994,2015-03-31 22:14:00,9.49,9.49,9.49,9.49,44000,9.49,6
4995,2015-03-31 22:15:00,9.49,9.49,9.47,9.47,252000,9.4771,8
4996,2015-03-31 22:16:00,9.47,9.47,9.47,9.47,4000,9.47,1
4997,2015-03-31 22:17:00,9.47,9.47,9.47,9.47,6000,9.47,1
4998,2015-03-31 22:18:00,9.47,9.48,9.47,9.47,34000,9.4759,9
4999,2015-03-31 22:19:00,9.48,9.48,9.47,9.47,16000,9.4775,3
5000,2015-03-31 22:20:00,9.47,9.47,9.47,9.47,0,9.47,0
5001,2015-03-31 22:21:00,9.48,9.49,9.48,9.49,100000,9.4802,3
5002,2015-03-31 22:22:00,9.48,9.49,9.48,9.49,58000,9.4807,3
5003,2015-03-31 22:23:00,9.49,9.49,9.49,9.49,0,9.49,0
5004,2015-03-31 22:24:00,9.49,9.49,9.49,9.49,0,9.49,0
5005,2015-03-31 22:25:00,9.49,9.49,9.49,9.49,10000,9.49,1
5006,2015-03-31 22:26:00,9.48,9.49,9.48,9.48,386000,9.4859,11
5007,2015-03-31 22:27:00,9.49,9.49,9.49,9.49,56000,9.49,9
5008,2015-03-31 22:28:00,9.49,9.49,9.49,9.49,12000,9.49,1
5009,2015-03-31 22:29:00,9.49,9.49,9.48,9.48,6000,9.4833,2
5010,2015-03-31 22:30:00,9.49,9.49,9.48,9.49,20000,9.489,4
5011,2015-03-31 22:31:00,9.48,9.49,9.48,9.49,32000,9.4894,7
5012,2015-03-31 22:32:00,9.48,9.49,9.48,9.48,10000,9.484,4
5013,2015-03-31 22:33:00,9.48,9.48,9.48,9.48,0,9.48,0
5014,2015-03-31 22:34:00,9.49,9.49,9.48,9.49,16000,9.4875,3
5015,2015-03-31 22:35:00,9.48,9.48,9.48,9.48,110000,9.48,4
5016,2015-03-31 22:36:00,9.47,9.47,9.47,9.47,6000,9.47,1
5017,2015-03-31 22:37:00,9.47,9.47,9.47,9.47,60000,9.47,5
5018,2015-03-31 22:38:00,9.47,9.47,9.47,9.47,0,9.47,0
5019,2015-03-31 22:39:00,9.47,9.47,9.47,9.47,2000,9.47,1
5020,2015-03-31 22:40:00,9.47,9.47,9.47,9.47,36000,9.47,3
5021,2015-03-31 22:41:00,9.47,9.47,9.47,9.47,40000,9.47,5
5022,2015-03-31 22:42:00,9.47,9.47,9.47,9.47,2000,9.47,1
5023,2015-03-31 22:43:00,9.48,9.48,9.48,9.48,2000,9.48,1
5024,2015-03-31 22:44:00,9.47,9.47,9.43,9.43,210000,9.4617,8
5025,2015-03-31 22:45:00,9.44,9.44,9.44,9.44,12000,9.44,2
5026,2015-03-31 22:46:00,9.44,9.44,9.44,9.44,0,9.44,0
5027,2015-03-31 22:47:00,9.45,9.46,9.44,9.46,128000,9.4561,5
5028,2015-03-31 22:48:00,9.46,9.46,9.46,9.46,0,9.46,0
5029,2015-03-31 22:49:00,9.46,9.47,9.46,9.47,94000,9.4694,10
5030,2015-03-31 22:50:00,9.48,9.48,9.47,9.47,4000,9.475,2
5031,2015-03-31 22:51:00,9.47,9.47,9.46,9.47,76000,9.4697,7
5032,2015-03-31 22:52:00,9.48,9.48,9.47,9.47,48000,9.4763,13
5033,2015-03-31 22:53:00,9.48,9.48,9.47,9.48,56000,9.4796,6
5034,2015-03-31 22:54:00,9.48,9.48,9.47,9.47,12000,9.4783,2
5035,2015-03-31 22:55:00,9.47,9.48,9.47,9.48,12000,9.4717,2
5036,2015-03-31 22:56:00,9.48,9.48,9.47,9.47,16000,9.4763,6
5037,2015-03-31 22:57:00,9.48,9.48,9.48,9.48,2000,9.48,1
5038,2015-03-31 22:58:00,9.48,9.48,9.46,9.48,228000,9.4691,7
5039,2015-03-31 22:59:00,9.46,9.47,9.46,9.47,226000,9.4696,8
5040,2015-03-31 23:00:00,9.47,9.47,9.47,9.47,70000,9.47,1
5041,2015-03-31 23:01:00,9.48,9.48,9.48,9.48,2000,9.48,1
5042,2015-03-31 23:02:00,9.48,9.48,9.48,9.48,10000,9.48,1
5043,2015-03-31 23:03:00,9.47,9.47,9.46,9.46,270000,9.4684,6
5044,2015-03-31 23:04:00,9.45,9.45,9.45,9.45,146000,9.45,3
5045,2015-03-31 23:05:00,9.45,9.45,9.45,9.45,0,9.45,0
5046,2015-03-31 23:06:00,9.45,9.45,9.45,9.45,2000,9.45,1
5047,2015-03-31 23:07:00,9.45,9.45,9.45,9.45,0,9.45,0
5048,2015-03-31 23:08:00,9.45,9.45,9.45,9.45,10000,9.45,2
5049,2015-03-31 23:09:00,9.45,9.45,9.45,9.45,0,9.45,0
5050,2015-03-31 23:10:00,9.46,9.47,9.45,9.45,102000,9.462,5
5051,2015-03-31 23:11:00,9.45,9.47,9.45,9.46,28000,9.4607,5
5052,2015-03-31 23:12:00,9.47,9.47,9.46,9.46,38000,9.4684,3
5053,2015-03-31 23:13:00,9.47,9.47,9.47,9.47,18000,9.47,2
5054,2015-03-31 23:14:00,9.46,9.47,9.46,9.47,36000,9.4694,7
5055,2015-03-31 23:15:00,9.47,9.47,9.47,9.47,12000,9.47,2
5056,2015-03-31 23:16:00,9.47,9.47,9.45,9.45,194000,9.4618,7
5057,2015-03-31 23:17:00,9.46,9.46,9.46,9.46,2000,9.46,1
5058,2015-03-31 23:18:00,9.46,9.46,9.46,9.46,0,9.46,0
5059,2015-03-31 23:19:00,9.46,9.46,9.45,9.46,44000,9.4595,5
5060,2015-03-31 23:20:00,9.47,9.49,9.44,9.47,1388000,9.4789,18
5061,2015-03-31 23:21:00,9.45,9.46,9.45,9.46,34000,9.4524,6
5062,2015-03-31 23:22:00,9.46,9.46,9.46,9.46,6000,9.46,1
5063,2015-03-31 23:23:00,9.46,9.47,9.46,9.47,20000,9.469,2
5064,2015-03-31 23:24:00,9.46,9.47,9.46,9.47,22000,9.4655,2
5065,2015-03-31 23:25:00,9.46,9.46,9.46,9.46,2000,9.46,1
5066,2015-03-31 23:26:00,9.46,9.46,9.46,9.46,10000,9.46,3
5067,2015-03-31 23:27:00,9.47,9.47,9.46,9.47,40000,9.4655,8
5068,2015-03-31 23:28:00,9.47,9.47,9.46,9.46,16000,9.4688,2
5069,2015-03-31 23:29:00,9.46,9.47,9.46,9.47,14000,9.4614,3
5070,2015-03-31 23:30:00,9.47,9.49,9.46,9.48,360000,9.4736,12
5071,2015-03-31 23:31:00,9.49,9.5,9.46,9.46,290000,9.4769,13
5072,2015-03-31 23:32:00,9.46,9.46,9.46,9.46,0,9.46,0
5073,2015-03-31 23:33:00,9.46,9.46,9.45,9.45,184000,9.4528,6
5074,2015-03-31 23:34:00,9.47,9.47,9.45,9.45,4000,9.46,2
5075,2015-03-31 23:35:00,9.45,9.45,9.44,9.44,6000,9.4467,3
5076,2015-03-31 23:36:00,9.46,9.46,9.45,9.46,72000,9.4586,6
5077,2015-03-31 23:37:00,9.46,9.46,9.46,9.46,0,9.46,0
5078,2015-03-31 23:38:00,9.47,9.48,9.47,9.48,98000,9.4727,4
5079,2015-03-31 23:39:00,9.48,9.48,9.47,9.47,40000,9.478,6
5080,2015-03-31 23:40:00,9.48,9.48,9.48,9.48,52000,9.48,5
5081,2015-03-31 23:41:00,9.48,9.48,9.48,9.48,16000,9.48,1
5082,2015-03-31 23:42:00,9.48,9.48,9.48,9.48,6000,9.48,1
5083,2015-03-31 23:43:00,9.49,9.49,9.48,9.49,16000,9.4875,4
5084,2015-03-31 23:44:00,9.49,9.49,9.49,9.49,0,9.49,0
5085,2015-03-31 23:45:00,9.48,9.49,9.48,9.48,54000,9.4844,10
5086,2015-03-31 23:46:00,9.48,9.49,9.44,9.49,296000,9.4732,11
5087,2015-03-31 23:47:00,9.49,9.49,9.49,9.49,0,9.49,0
5088,2015-03-31 23:48:00,9.49,9.49,9.49,9.49,0,9.49,0
5089,2015-03-31 23:49:00,9.45,9.47,9.45,9.47,52000,9.4592,5
5090,2015-03-31 23:50:00,9.46,9.46,9.46,9.46,10000,9.46,1
5091,2015-03-31 23:51:00,9.46,9.46,9.45,9.45,162000,9.4579,15
5092,2015-03-31 23:52:00,9.45,9.45,9.45,9.45,14000,9.45,2
5093,2015-03-31 23:53:00,9.46,9.46,9.46,9.46,12000,9.46,3
5094,2015-03-31 23:54:00,9.47,9.47,9.46,9.46,4000,9.465,2
5095,2015-03-31 23:55:00,9.47,9.47,9.45,9.45,138000,9.46,10
5096,2015-03-31 23:56:00,9.45,9.45,9.45,9.45,0,9.45,0
5097,2015-03-31 23:57:00,9.46,9.46,9.44,9.46,18000,9.4578,4
5098,2015-03-31 23:58:00,9.46,9.46,9.44,9.46,14000,9.4543,4
5099,2015-03-31 23:59:00,9.46,9.46,9.46,9.46,76000,9.46,7
5100,2015-04-01 01:00:00,9.46,9.47,9.45,9.46,116000,9.4603,17
5101,2015-04-01 01:01:00,9.45,9.46,9.45,9.46,14000,9.4514,2
5102,2015-04-01 01:02:00,9.46,9.46,9.45,9.46,70000,9.4586,4
5103,2015-04-01 01:03:00,9.46,9.47,9.46,9.47,56000,9.4639,10
5104,2015-04-01 01:04:00,9.47,9.48,9.46,9.47,382000,9.4694,30
5105,2015-04-01 01:05:00,9.46,9.47,9.46,9.47,86000,9.4688,13
5106,2015-04-01 01:06:00,9.48,9.48,9.48,9.48,34000,9.48,9
5107,2015-04-01 01:07:00,9.46,9.46,9.46,9.46,4000,9.46,1
5108,2015-04-01 01:08:00,9.48,9.48,9.48,9.48,8000,9.48,1
5109,2015-04-01 01:09:00,9.48,9.48,9.45,9.45,278000,9.4628,12
5110,2015-04-01 01:10:00,9.45,9.45,9.45,9.45,12000,9.45,3
5111,2015-04-01 01:11:00,9.46,9.46,9.45,9.45,50000,9.4596,4
5112,2015-04-01 01:12:00,9.46,9.46,9.46,9.46,22000,9.46,2
5113,2015-04-01 01:13:00,9.45,9.46,9.45,9.46,18000,9.4544,2
5114,2015-04-01 01:14:00,9.45,9.45,9.45,9.45,10000,9.45,1
5115,2015-04-01 01:15:00,9.46,9.46,9.46,9.46,22000,9.46,3
5116,2015-04-01 01:16:00,9.46,9.46,9.45,9.46,102000,9.4594,11
5117,2015-04-01 01:17:00,9.46,9.46,9.46,9.46,0,9.46,0
5118,2015-04-01 01:18:00,9.46,9.46,9.46,9.46,0,9.46,0
5119,2015-04-01 01:19:00,9.46,9.46,9.46,9.46,0,9.46,0
5120,2015-04-01 01:20:00,9.46,9.46,9.46,9.46,32000,9.46,3
5121,2015-04-01 01:21:00,9.46,9.46,9.46,9.46,20000,9.46,3
5122,2015-04-01 01:22:00,9.46,9.46,9.46,9.46,14000,9.46,2
5123,2015-04-01 01:23:00,9.46,9.46,9.46,9.46,18000,9.46,4
5124,2015-04-01 01:24:00,9.46,9.46,9.45,9.46,78000,9.4597,5
5125,2015-04-01 01:25:00,9.45,9.47,9.45,9.47,6000,9.4567,2
5126,2015-04-01 01:26:00,9.47,9.47,9.47,9.47,10000,9.47,2
5127,2015-04-01 01:27:00,9.47,9.47,9.47,9.47,0,9.47,0
5128,2015-04-01 01:28:00,9.47,9.48,9.46,9.47,140000,9.4701,8
5129,2015-04-01 01:29:00,9.46,9.46,9.45,9.46,152000,9.4586,7
5130,2015-04-01 01:30:00,9.46,9.46,9.46,9.46,0,9.46,0
5131,2015-04-01 01:31:00,9.47,9.47,9.47,9.47,8000,9.47,1
5132,2015-04-01 01:32:00,9.47,9.47,9.47,9.47,18000,9.47,4
5133,2015-04-01 01:33:00,9.46,9.47,9.46,9.47,44000,9.4691,9
5134,2015-04-01 01:34:00,9.47,9.47,9.47,9.47,0,9.47,0
5135,2015-04-01 01:35:00,9.47,9.47,9.47,9.47,32000,9.47,3
5136,2015-04-01 01:36:00,9.47,9.47,9.46,9.46,110000,9.4696,5
5137,2015-04-01 01:37:00,9.47,9.48,9.47,9.47,30000,9.4753,9
5138,2015-04-01 01:38:00,9.47,9.47,9.47,9.47,0,9.47,0
5139,2015-04-01 01:39:00,9.48,9.48,9.47,9.47,4000,9.475,2
5140,2015-04-01 01:40:00,9.47,9.47,9.45,9.45,242000,9.4664,12
5141,2015-04-01 01:41:00,9.45,9.45,9.45,9.45,2000,9.45,1
5142,2015-04-01 01:42:00,9.45,9.47,9.45,9.47,10000,9.466,2
5143,2015-04-01 01:43:00,9.45,9.46,9.45,9.46,12000,9.4583,2
5144,2015-04-01 01:44:00,9.45,9.45,9.45,9.45,130000,9.45,4
5145,2015-04-01 01:45:00,9.44,9.44,9.44,9.44,4000,9.44,2
5146,2015-04-01 01:46:00,9.44,9.46,9.44,9.46,216000,9.4464,8
5147,2015-04-01 01:47:00,9.46,9.46,9.46,9.46,0,9.46,0
5148,2015-04-01 01:48:00,9.46,9.46,9.45,9.45,38000,9.4595,6
5149,2015-04-01 01:49:00,9.46,9.46,9.46,9.46,10000,9.46,1
5150,2015-04-01 01:50:00,9.46,9.46,9.45,9.45,28000,9.4579,4
5151,2015-04-01 01:51:00,9.45,9.47,9.45,9.47,96000,9.4621,9
5152,2015-04-01 01:52:00,9.46,9.47,9.46,9.47,42000,9.4667,8
5153,2015-04-01 01:53:00,9.47,9.47,9.47,9.47,16000,9.47,4
5154,2015-04-01 01:54:00,9.47,9.47,9.47,9.47,14000,9.47,3
5155,2015-04-01 01:55:00,9.47,9.47,9.47,9.47,12000,9.47,1
5156,2015-04-01 01:56:00,9.47,9.47,9.47,9.47,14000,9.47,2
5157,2015-04-01 01:57:00,9.47,9.47,9.47,9.47,4000,9.47,2
5158,2015-04-01 01:58:00,9.47,9.47,9.46,9.46,38000,9.4684,8
5159,2015-04-01 01:59:00,9.47,9.47,9.46,9.46,24000,9.4692,5
5160,2015-04-01 02:00:00,9.46,9.47,9.46,9.46,22000,9.4645,7
5161,2015-04-01 02:01:00,9.47,9.47,9.46,9.46,56000,9.4671,8
5162,2015-04-01 02:02:00,9.46,9.46,9.45,9.45,248000,9.4573,7
5163,2015-04-01 02:03:00,9.45,9.46,9.45,9.46,10000,9.458,3
5164,2015-04-01 02:04:00,9.46,9.46,9.45,9.46,170000,9.4589,9
5165,2015-04-01 02:05:00,9.46,9.46,9.46,9.46,0,9.46,0
5166,2015-04-01 02:06:00,9.47,9.47,9.47,9.47,12000,9.47,2
5167,2015-04-01 02:07:00,9.47,9.47,9.46,9.47,66000,9.4606,6
5168,2015-04-01 02:08:00,9.45,9.45,9.45,9.45,22000,9.45,4
5169,2015-04-01 02:09:00,9.46,9.46,9.46,9.46,8000,9.46,1
5170,2015-04-01 02:10:00,9.46,9.46,9.46,9.46,2000,9.46,1
5171,2015-04-01 02:11:00,9.45,9.45,9.45,9.45,6000,9.45,3
5172,2015-04-01 02:12:00,9.46,9.46,9.45,9.45,98000,9.458,8
5173,2015-04-01 02:13:00,9.45,9.46,9.45,9.45,136000,9.4501,9
5174,2015-04-01 02:14:00,9.46,9.46,9.45,9.45,10000,9.458,2
5175,2015-04-01 02:15:00,9.46,9.47,9.45,9.46,56000,9.4593,8
5176,2015-04-01 02:16:00,9.46,9.46,9.46,9.46,12000,9.46,2
5177,2015-04-01 02:17:00,9.46,9.46,9.46,9.46,10000,9.46,2
5178,2015-04-01 02:18:00,9.46,9.46,9.46,9.46,2000,9.46,1
5179,2015-04-01 02:19:00,9.46,9.46,9.46,9.46,68000,9.46,10
5180,2015-04-01 02:20:00,9.46,9.46,9.45,9.46,60000,9.459,8
5181,2015-04-01 02:21:00,9.45,9.46,9.45,9.45,12000,9.4533,5
5182,2015-04-01 02:22:00,9.46,9.47,9.45,9.45,200000,9.4596,21
5183,2015-04-01 02:23:00,9.46,9.46,9.46,9.46,16000,9.46,3
5184,2015-04-01 02:24:00,9.45,9.46,9.45,9.46,18000,9.4578,5
5185,2015-04-01 02:25:00,9.46,9.46,9.45,9.46,54000,9.4596,6
5186,2015-04-01 02:26:00,9.46,9.46,9.45,9.45,16000,9.455,3
5187,2015-04-01 02:27:00,9.46,9.46,9.46,9.46,2000,9.46,1
5188,2015-04-01 02:28:00,9.46,9.46,9.46,9.46,0,9.46,0
5189,2015-04-01 02:29:00,9.46,9.47,9.45,9.47,190000,9.4597,18
5190,2015-04-01 02:30:00,9.47,9.47,9.46,9.46,20000,9.467,5
5191,2015-04-01 02:31:00,9.46,9.46,9.46,9.46,0,9.46,0
5192,2015-04-01 02:32:00,9.47,9.47,9.47,9.47,4000,9.47,2
5193,2015-04-01 02:33:00,9.47,9.47,9.47,9.47,14000,9.47,2
5194,2015-04-01 02:34:00,9.46,9.47,9.46,9.46,94000,9.4691,9
5195,2015-04-01 02:35:00,9.48,9.48,9.46,9.46,56000,9.4689,10
5196,2015-04-01 02:36:00,9.46,9.48,9.46,9.47,238000,9.4719,26
5197,2015-04-01 02:37:00,9.48,9.48,9.47,9.48,14000,9.4729,4
5198,2015-04-01 02:38:00,9.48,9.48,9.48,9.48,26000,9.48,3
5199,2015-04-01 02:39:00,9.48,9.48,9.47,9.48,78000,9.4797,7
5200,2015-04-01 02:40:00,9.48,9.49,9.47,9.47,132000,9.4783,10
5201,2015-04-01 02:41:00,9.48,9.49,9.47,9.47,334000,9.4831,8
5202,2015-04-01 02:42:00,9.49,9.49,9.47,9.48,320000,9.4779,14
5203,2015-04-01 02:43:00,9.48,9.48,9.47,9.47,20000,9.471,5
5204,2015-04-01 02:44:00,9.48,9.49,9.48,9.48,112000,9.4809,8
5205,2015-04-01 02:45:00,9.49,9.5,9.48,9.48,992000,9.4982,6
5206,2015-04-01 02:46:00,9.5,9.5,9.48,9.48,32000,9.4813,3
5207,2015-04-01 02:47:00,9.5,9.5,9.47,9.47,56000,9.4743,3
5208,2015-04-01 02:48:00,9.48,9.48,9.48,9.48,62000,9.48,3
5209,2015-04-01 02:49:00,9.48,9.48,9.48,9.48,0,9.48,0
5210,2015-04-01 02:50:00,9.48,9.48,9.48,9.48,0,9.48,0
5211,2015-04-01 02:51:00,9.48,9.5,9.48,9.5,182000,9.4941,13
5212,2015-04-01 02:52:00,9.51,9.51,9.5,9.51,138000,9.5028,8
5213,2015-04-01 02:53:00,9.5,9.5,9.5,9.5,232000,9.5,8
5214,2015-04-01 02:54:00,9.49,9.5,9.49,9.5,24000,9.4958,2
5215,2015-04-01 02:55:00,9.5,9.5,9.5,9.5,56000,9.5,5
5216,2015-04-01 02:56:00,9.5,9.5,9.5,9.5,30000,9.5,4
5217,2015-04-01 02:57:00,9.51,9.51,9.5,9.5,38000,9.5026,6
5218,2015-04-01 02:58:00,9.51,9.51,9.51,9.51,18000,9.51,4
5219,2015-04-01 02:59:00,9.5,9.51,9.5,9.5,10000,9.502,4
5220,2015-04-01 03:00:00,9.51,9.51,9.5,9.51,18000,9.5089,4
5221,2015-04-01 03:01:00,9.51,9.51,9.5,9.5,56000,9.5079,10
5222,2015-04-01 03:02:00,9.51,9.51,9.5,9.51,116000,9.5093,12
5223,2015-04-01 03:03:00,9.51,9.52,9.49,9.49,184000,9.5052,8
5224,2015-04-01 03:04:00,9.49,9.49,9.48,9.48,40000,9.4875,2
5225,2015-04-01 03:05:00,9.49,9.49,9.49,9.49,42000,9.49,3
5226,2015-04-01 03:06:00,9.49,9.5,9.49,9.5,40000,9.4925,5
5227,2015-04-01 03:07:00,9.5,9.5,9.5,9.5,4000,9.5,1
5228,2015-04-01 03:08:00,9.49,9.49,9.48,9.49,80000,9.487,6
5229,2015-04-01 03:09:00,9.49,9.5,9.49,9.5,32000,9.4906,3
5230,2015-04-01 03:10:00,9.5,9.5,9.5,9.5,0,9.5,0
5231,2015-04-01 03:11:00,9.5,9.5,9.5,9.5,2000,9.5,1
5232,2015-04-01 03:12:00,9.5,9.5,9.5,9.5,12000,9.5,1
5233,2015-04-01 03:13:00,9.5,9.5,9.49,9.49,14000,9.4971,3
5234,2015-04-01 03:14:00,9.5,9.5,9.47,9.47,168000,9.4817,11
5235,2015-04-01 03:15:00,9.48,9.5,9.48,9.48,240000,9.4877,6
5236,2015-04-01 03:16:00,9.49,9.49,9.49,9.49,12000,9.49,2
5237,2015-04-01 03:17:00,9.49,9.5,9.49,9.5,40000,9.4975,2
5238,2015-04-01 03:18:00,9.5,9.5,9.49,9.49,86000,9.4905,5
5239,2015-04-01 03:19:00,9.48,9.48,9.48,9.48,36000,9.48,2
5240,2015-04-01 03:20:00,9.48,9.48,9.48,9.48,4000,9.48,2
5241,2015-04-01 03:21:00,9.47,9.48,9.47,9.48,4000,9.475,2
5242,2015-04-01 03:22:00,9.47,9.48,9.47,9.47,16000,9.4775,3
5243,2015-04-01 03:23:00,9.48,9.48,9.47,9.48,16000,9.4763,4
5244,2015-04-01 03:24:00,9.48,9.48,9.47,9.48,16000,9.4788,3
5245,2015-04-01 03:25:00,9.48,9.48,9.47,9.47,20000,9.479,4
5246,2015-04-01 03:26:00,9.47,9.48,9.47,9.48,22000,9.4791,5
5247,2015-04-01 03:27:00,9.48,9.48,9.48,9.48,42000,9.48,6
5248,2015-04-01 03:28:00,9.48,9.49,9.47,9.49,218000,9.4803,11
5249,2015-04-01 03:29:00,9.49,9.49,9.49,9.49,88000,9.49,5
5250,2015-04-01 03:30:00,9.49,9.5,9.49,9.49,42000,9.4924,6
5251,2015-04-01 03:31:00,9.49,9.49,9.48,9.49,132000,9.482,7
5252,2015-04-01 03:32:00,9.48,9.48,9.48,9.48,2000,9.48,1
5253,2015-04-01 03:33:00,9.49,9.49,9.49,9.49,4000,9.49,2
5254,2015-04-01 03:34:00,9.49,9.49,9.49,9.49,72000,9.49,10
5255,2015-04-01 03:35:00,9.5,9.5,9.47,9.48,140000,9.485,8
5256,2015-04-01 03:36:00,9.48,9.48,9.48,9.48,2000,9.48,1
5257,2015-04-01 03:37:00,9.48,9.48,9.48,9.48,80000,9.48,5
5258,2015-04-01 03:38:00,9.49,9.49,9.47,9.47,112000,9.4786,6
5259,2015-04-01 03:39:00,9.48,9.48,9.48,9.48,14000,9.48,2
5260,2015-04-01 03:40:00,9.48,9.49,9.47,9.47,100000,9.4774,8
5261,2015-04-01 03:41:00,9.48,9.48,9.48,9.48,4000,9.48,2
5262,2015-04-01 03:42:00,9.47,9.48,9.47,9.48,40000,9.4745,4
5263,2015-04-01 03:43:00,9.48,9.48,9.48,9.48,42000,9.48,8
5264,2015-04-01 03:44:00,9.48,9.48,9.47,9.48,70000,9.4797,10
5265,2015-04-01 03:45:00,9.48,9.49,9.48,9.49,48000,9.4842,8
5266,2015-04-01 03:46:00,9.49,9.5,9.47,9.48,238000,9.4825,12
5267,2015-04-01 03:47:00,9.46,9.48,9.46,9.46,96000,9.4623,6
5268,2015-04-01 03:48:00,9.48,9.48,9.46,9.47,42000,9.4686,6
5269,2015-04-01 03:49:00,9.47,9.48,9.47,9.47,18000,9.4744,4
5270,2015-04-01 03:50:00,9.47,9.48,9.46,9.47,92000,9.473,9
5271,2015-04-01 03:51:00,9.47,9.48,9.46,9.47,138000,9.4703,14
5272,2015-04-01 03:52:00,9.46,9.48,9.46,9.48,94000,9.4723,10
5273,2015-04-01 03:53:00,9.48,9.48,9.47,9.47,62000,9.4765,12
5274,2015-04-01 03:54:00,9.48,9.48,9.47,9.48,172000,9.472,16
5275,2015-04-01 03:55:00,9.48,9.48,9.47,9.48,66000,9.4764,10
5276,2015-04-01 03:56:00,9.47,9.48,9.47,9.48,184000,9.4746,21
5277,2015-04-01 03:57:00,9.48,9.48,9.47,9.48,164000,9.4776,35
5278,2015-04-01 03:58:00,9.48,9.49,9.47,9.49,350000,9.4764,39
5279,2015-04-01 03:59:00,9.49,9.52,9.46,9.5,1246000,9.5005,69
5280,2015-04-01 21:30:00,9.47,9.58,9.47,9.52,240000,9.5306,57
5281,2015-04-01 21:31:00,9.53,9.54,9.51,9.51,34000,9.5259,7
5282,2015-04-01 21:32:00,9.52,9.55,9.51,9.52,138000,9.5307,15
5283,2015-04-01 21:33:00,9.52,9.52,9.52,9.52,0,9.52,0
5284,2015-04-01 21:34:00,9.53,9.58,9.49,9.58,632000,9.5448,28
5285,2015-04-01 21:35:00,9.58,9.59,9.58,9.59,28000,9.5886,8
5286,2015-04-01 21:36:00,9.56,9.59,9.55,9.55,68000,9.56,9
5287,2015-04-01 21:37:00,9.55,9.55,9.54,9.54,14000,9.5429,2
5288,2015-04-01 21:38:00,9.58,9.58,9.54,9.55,560000,9.5785,5
5289,2015-04-01 21:39:00,9.54,9.54,9.54,9.54,2000,9.54,1
5290,2015-04-01 21:40:00,9.5,9.5,9.5,9.5,16000,9.5,3
5291,2015-04-01 21:41:00,9.5,9.51,9.49,9.49,22000,9.4982,4
5292,2015-04-01 21:42:00,9.49,9.49,9.48,9.48,4000,9.485,2
5293,2015-04-01 21:43:00,9.47,9.47,9.47,9.47,8000,9.47,1
5294,2015-04-01 21:44:00,9.48,9.51,9.48,9.49,340000,9.4823,15
5295,2015-04-01 21:45:00,9.49,9.49,9.49,9.49,2000,9.49,1
5296,2015-04-01 21:46:00,9.49,9.49,9.46,9.46,52000,9.4735,8
5297,2015-04-01 21:47:00,9.47,9.5,9.46,9.49,214000,9.475,14
5298,2015-04-01 21:48:00,9.48,9.48,9.48,9.48,6000,9.48,1
5299,2015-04-01 21:49:00,9.48,9.48,9.48,9.48,10000,9.48,1
5300,2015-04-01 21:50:00,9.49,9.49,9.49,9.49,2000,9.49,1
5301,2015-04-01 21:51:00,9.47,9.47,9.47,9.47,14000,9.47,1
5302,2015-04-01 21:52:00,9.48,9.48,9.47,9.48,70000,9.472,6
5303,2015-04-01 21:53:00,9.46,9.46,9.46,9.46,6000,9.46,2
5304,2015-04-01 21:54:00,9.47,9.49,9.46,9.47,356000,9.4715,13
5305,2015-04-01 21:55:00,9.47,9.48,9.47,9.48,28000,9.4714,3
5306,2015-04-01 21:56:00,9.48,9.48,9.48,9.48,0,9.48,0
5307,2015-04-01 21:57:00,9.48,9.48,9.48,9.48,2000,9.48,1
5308,2015-04-01 21:58:00,9.48,9.48,9.48,9.48,2000,9.48,1
5309,2015-04-01 21:59:00,9.47,9.48,9.46,9.48,28000,9.4664,7
5310,2015-04-01 22:00:00,9.48,9.48,9.45,9.45,108000,9.4619,12
5311,2015-04-01 22:01:00,9.46,9.46,9.45,9.45,30000,9.4547,7
5312,2015-04-01 22:02:00,9.45,9.46,9.45,9.46,60000,9.4517,5
5313,2015-04-01 22:03:00,9.45,9.46,9.43,9.45,276000,9.4434,18
5314,2015-04-01 22:04:00,9.44,9.45,9.44,9.45,32000,9.4463,8
5315,2015-04-01 22:05:00,9.45,9.45,9.45,9.45,6000,9.45,2
5316,2015-04-01 22:06:00,9.43,9.44,9.43,9.44,20000,9.431,4
5317,2015-04-01 22:07:00,9.43,9.46,9.43,9.44,186000,9.4394,10
5318,2015-04-01 22:08:00,9.44,9.45,9.43,9.45,132000,9.4374,10
5319,2015-04-01 22:09:00,9.45,9.45,9.45,9.45,0,9.45,0
5320,2015-04-01 22:10:00,9.43,9.43,9.42,9.42,20000,9.428,3
5321,2015-04-01 22:11:00,9.42,9.43,9.41,9.42,74000,9.4184,6
5322,2015-04-01 22:12:00,9.42,9.42,9.42,9.42,0,9.42,0
5323,2015-04-01 22:13:00,9.41,9.42,9.41,9.41,80000,9.4105,9
5324,2015-04-01 22:14:00,9.41,9.41,9.38,9.39,222000,9.3976,20
5325,2015-04-01 22:15:00,9.39,9.39,9.39,9.39,0,9.39,0
5326,2015-04-01 22:16:00,9.38,9.38,9.38,9.38,10000,9.38,1
5327,2015-04-01 22:17:00,9.38,9.39,9.37,9.39,30000,9.3793,4
5328,2015-04-01 22:18:00,9.37,9.37,9.37,9.37,12000,9.37,2
5329,2015-04-01 22:19:00,9.36,9.36,9.36,9.36,8000,9.36,3
5330,2015-04-01 22:20:00,9.36,9.36,9.35,9.35,152000,9.3576,14
5331,2015-04-01 22:21:00,9.35,9.35,9.31,9.34,292000,9.3329,21
5332,2015-04-01 22:22:00,9.33,9.35,9.33,9.35,54000,9.3407,7
5333,2015-04-01 22:23:00,9.35,9.35,9.35,9.35,0,9.35,0
5334,2015-04-01 22:24:00,9.35,9.38,9.35,9.38,150000,9.3588,7
5335,2015-04-01 22:25:00,9.37,9.38,9.37,9.38,12000,9.3717,3
5336,2015-04-01 22:26:00,9.38,9.38,9.38,9.38,6000,9.38,2
5337,2015-04-01 22:27:00,9.37,9.37,9.37,9.37,2000,9.37,1
5338,2015-04-01 22:28:00,9.37,9.37,9.37,9.37,0,9.37,0
5339,2015-04-01 22:29:00,9.37,9.38,9.37,9.37,54000,9.3711,5
5340,2015-04-01 22:30:00,9.38,9.38,9.34,9.36,56000,9.3607,11
5341,2015-04-01 22:31:00,9.36,9.36,9.36,9.36,0,9.36,0
5342,2015-04-01 22:32:00,9.36,9.38,9.36,9.38,84000,9.3643,8
5343,2015-04-01 22:33:00,9.37,9.37,9.35,9.36,66000,9.3561,6
5344,2015-04-01 22:34:00,9.35,9.37,9.35,9.37,58000,9.3538,4
5345,2015-04-01 22:35:00,9.35,9.35,9.35,9.35,10000,9.35,2
5346,2015-04-01 22:36:00,9.37,9.37,9.36,9.36,16000,9.3625,6
5347,2015-04-01 22:37:00,9.36,9.36,9.34,9.34,78000,9.3454,8
5348,2015-04-01 22:38:00,9.33,9.35,9.32,9.34,128000,9.3266,8
5349,2015-04-01 22:39:00,9.33,9.33,9.31,9.31,14000,9.3186,3
5350,2015-04-01 22:40:00,9.32,9.32,9.32,9.32,58000,9.32,4
5351,2015-04-01 22:41:00,9.32,9.32,9.32,9.32,14000,9.32,3
5352,2015-04-01 22:42:00,9.32,9.32,9.32,9.32,30000,9.32,1
5353,2015-04-01 22:43:00,9.32,9.32,9.32,9.32,40000,9.32,6
5354,2015-04-01 22:44:00,9.31,9.32,9.31,9.32,28000,9.3179,3
5355,2015-04-01 22:45:00,9.32,9.33,9.32,9.33,160000,9.3238,6
5356,2015-04-01 22:46:00,9.34,9.35,9.34,9.34,72000,9.3408,4
5357,2015-04-01 22:47:00,9.35,9.35,9.34,9.34,58000,9.3403,3
5358,2015-04-01 22:48:00,9.34,9.34,9.34,9.34,0,9.34,0
5359,2015-04-01 22:49:00,9.35,9.35,9.33,9.33,46000,9.3335,4
5360,2015-04-01 22:50:00,9.32,9.32,9.32,9.32,2000,9.32,1
5361,2015-04-01 22:51:00,9.33,9.33,9.33,9.33,2000,9.33,1
5362,2015-04-01 22:52:00,9.33,9.33,9.32,9.32,22000,9.3209,4
5363,2015-04-01 22:53:00,9.32,9.32,9.32,9.32,62000,9.32,9
5364,2015-04-01 22:54:00,9.32,9.32,9.31,9.31,84000,9.3188,10
5365,2015-04-01 22:55:00,9.31,9.33,9.31,9.31,32000,9.3213,3
5366,2015-04-01 22:56:00,9.31,9.31,9.31,9.31,0,9.31,0
5367,2015-04-01 22:57:00,9.31,9.32,9.31,9.32,154000,9.3195,12
5368,2015-04-01 22:58:00,9.32,9.32,9.32,9.32,6000,9.32,2
5369,2015-04-01 22:59:00,9.33,9.33,9.33,9.33,4000,9.33,1
5370,2015-04-01 23:00:00,9.31,9.31,9.31,9.31,2000,9.31,1
5371,2015-04-01 23:01:00,9.32,9.32,9.32,9.32,18000,9.32,3
5372,2015-04-01 23:02:00,9.31,9.32,9.31,9.32,40000,9.3135,5
5373,2015-04-01 23:03:00,9.31,9.32,9.31,9.32,4000,9.315,2
5374,2015-04-01 23:04:00,9.32,9.32,9.3,9.3,192000,9.3084,10
5375,2015-04-01 23:05:00,9.3,9.3,9.29,9.3,40000,9.2985,9
5376,2015-04-01 23:06:00,9.29,9.3,9.29,9.3,10000,9.292,2
5377,2015-04-01 23:07:00,9.3,9.31,9.29,9.31,106000,9.3049,8
5378,2015-04-01 23:08:00,9.31,9.33,9.31,9.33,44000,9.3173,5
5379,2015-04-01 23:09:00,9.35,9.35,9.32,9.32,30000,9.324,6
5380,2015-04-01 23:10:00,9.33,9.33,9.32,9.32,18000,9.3211,2
5381,2015-04-01 23:11:00,9.31,9.31,9.31,9.31,4000,9.31,2
5382,2015-04-01 23:12:00,9.32,9.32,9.32,9.32,10000,9.32,1
5383,2015-04-01 23:13:00,9.32,9.35,9.31,9.33,218000,9.3172,16
5384,2015-04-01 23:14:00,9.34,9.34,9.3,9.34,48000,9.3217,12
5385,2015-04-01 23:15:00,9.33,9.33,9.3,9.3,30000,9.314,7
5386,2015-04-01 23:16:00,9.31,9.34,9.31,9.34,58000,9.3207,9
5387,2015-04-01 23:17:00,9.32,9.32,9.32,9.32,14000,9.32,5
5388,2015-04-01 23:18:00,9.32,9.32,9.3,9.3,34000,9.3135,6
5389,2015-04-01 23:19:00,9.3,9.3,9.3,9.3,0,9.3,0
5390,2015-04-01 23:20:00,9.3,9.31,9.3,9.3,24000,9.3033,3
5391,2015-04-01 23:21:00,9.3,9.3,9.3,9.3,2000,9.3,1
5392,2015-04-01 23:22:00,9.29,9.3,9.29,9.3,22000,9.2982,6
5393,2015-04-01 23:23:00,9.3,9.3,9.29,9.29,18000,9.2978,5
5394,2015-04-01 23:24:00,9.3,9.31,9.3,9.3,96000,9.3094,7
5395,2015-04-01 23:25:00,9.31,9.31,9.31,9.31,4000,9.31,2
5396,2015-04-01 23:26:00,9.31,9.31,9.31,9.31,0,9.31,0
5397,2015-04-01 23:27:00,9.31,9.31,9.29,9.31,76000,9.3,15
5398,2015-04-01 23:28:00,9.31,9.31,9.31,9.31,0,9.31,0
5399,2015-04-01 23:29:00,9.31,9.31,9.31,9.31,0,9.31,0
5400,2015-04-01 23:30:00,9.3,9.3,9.29,9.29,102000,9.2992,15
5401,2015-04-01 23:31:00,9.3,9.3,9.3,9.3,14000,9.3,3
5402,2015-04-01 23:32:00,9.3,9.3,9.3,9.3,0,9.3,0
5403,2015-04-01 23:33:00,9.3,9.3,9.3,9.3,4000,9.3,1
5404,2015-04-01 23:34:00,9.3,9.3,9.3,9.3,0,9.3,0
5405,2015-04-01 23:35:00,9.3,9.3,9.29,9.29,12000,9.2917,4
5406,2015-04-01 23:36:00,9.29,9.29,9.29,9.29,0,9.29,0
5407,2015-04-01 23:37:00,9.29,9.29,9.29,9.29,0,9.29,0
5408,2015-04-01 23:38:00,9.29,9.31,9.29,9.31,108000,9.2996,9
5409,2015-04-01 23:39:00,9.31,9.31,9.31,9.31,0,9.31,0
5410,2015-04-01 23:40:00,9.31,9.31,9.31,9.31,0,9.31,0
5411,2015-04-01 23:41:00,9.31,9.31,9.31,9.31,12000,9.31,2
5412,2015-04-01 23:42:00,9.3,9.3,9.3,9.3,48000,9.3,2
5413,2015-04-01 23:43:00,9.3,9.3,9.3,9.3,4000,9.3,1
5414,2015-04-01 23:44:00,9.3,9.3,9.29,9.3,68000,9.2997,6
5415,2015-04-01 23:45:00,9.29,9.3,9.29,9.3,62000,9.2974,8
5416,2015-04-01 23:46:00,9.3,9.3,9.29,9.3,58000,9.2993,5
5417,2015-04-01 23:47:00,9.3,9.31,9.3,9.31,18000,9.3056,3
5418,2015-04-01 23:48:00,9.31,9.32,9.3,9.32,62000,9.3123,5
5419,2015-04-01 23:49:00,9.31,9.33,9.31,9.33,6000,9.3167,2
5420,2015-04-01 23:50:00,9.33,9.33,9.32,9.32,44000,9.3286,7
5421,2015-04-01 23:51:00,9.33,9.33,9.33,9.33,4000,9.33,1
5422,2015-04-01 23:52:00,9.33,9.33,9.31,9.32,24000,9.3225,7
5423,2015-04-01 23:53:00,9.32,9.32,9.32,9.32,0,9.32,0
5424,2015-04-01 23:54:00,9.31,9.31,9.31,9.31,38000,9.31,3
5425,2015-04-01 23:55:00,9.3,9.3,9.3,9.3,2000,9.3,1
5426,2015-04-01 23:56:00,9.31,9.31,9.31,9.31,42000,9.31,2
5427,2015-04-01 23:57:00,9.31,9.31,9.31,9.31,14000,9.31,4
5428,2015-04-01 23:58:00,9.31,9.31,9.31,9.31,0,9.31,0
5429,2015-04-01 23:59:00,9.32,9.37,9.32,9.37,70000,9.3383,16
5430,2015-04-02 01:00:00,9.36,9.36,9.33,9.35,156000,9.3496,19
5431,2015-04-02 01:01:00,9.34,9.34,9.32,9.32,14000,9.3371,2
5432,2015-04-02 01:02:00,9.33,9.33,9.31,9.33,28000,9.3286,5
5433,2015-04-02 01:03:00,9.34,9.35,9.34,9.35,36000,9.3422,7
5434,2015-04-02 01:04:00,9.35,9.36,9.34,9.35,80000,9.3498,9
5435,2015-04-02 01:05:00,9.34,9.34,9.34,9.34,10000,9.34,1
5436,2015-04-02 01:06:00,9.33,9.33,9.33,9.33,4000,9.33,1
5437,2015-04-02 01:07:00,9.34,9.34,9.34,9.34,38000,9.34,4
5438,2015-04-02 01:08:00,9.35,9.35,9.34,9.34,22000,9.3491,2
5439,2015-04-02 01:09:00,9.33,9.33,9.33,9.33,4000,9.33,2
5440,2015-04-02 01:10:00,9.34,9.35,9.34,9.34,54000,9.3415,4
5441,2015-04-02 01:11:00,9.34,9.34,9.34,9.34,0,9.34,0
5442,2015-04-02 01:12:00,9.35,9.35,9.35,9.35,2000,9.35,1
5443,2015-04-02 01:13:00,9.35,9.35,9.34,9.34,16000,9.3475,6
5444,2015-04-02 01:14:00,9.34,9.34,9.34,9.34,0,9.34,0
5445,2015-04-02 01:15:00,9.34,9.34,9.34,9.34,2000,9.34,1
5446,2015-04-02 01:16:00,9.34,9.34,9.33,9.33,48000,9.3375,6
5447,2015-04-02 01:17:00,9.33,9.34,9.33,9.33,74000,9.3311,11
5448,2015-04-02 01:18:00,9.34,9.34,9.34,9.34,2000,9.34,1
5449,2015-04-02 01:19:00,9.34,9.36,9.34,9.34,176000,9.3518,21
5450,2015-04-02 01:20:00,9.34,9.36,9.34,9.36,16000,9.355,5
5451,2015-04-02 01:21:00,9.36,9.36,9.35,9.35,58000,9.359,5
5452,2015-04-02 01:22:00,9.35,9.35,9.35,9.35,0,9.35,0
5453,2015-04-02 01:23:00,9.35,9.35,9.35,9.35,0,9.35,0
5454,2015-04-02 01:24:00,9.36,9.36,9.35,9.36,28000,9.3586,10
5455,2015-04-02 01:25:00,9.36,9.37,9.34,9.34,64000,9.3575,12
5456,2015-04-02 01:26:00,9.34,9.34,9.34,9.34,0,9.34,0
5457,2015-04-02 01:27:00,9.34,9.34,9.34,9.34,0,9.34,0
5458,2015-04-02 01:28:00,9.37,9.37,9.34,9.36,18000,9.3611,6
5459,2015-04-02 01:29:00,9.36,9.37,9.35,9.36,126000,9.3616,16
5460,2015-04-02 01:30:00,9.37,9.4,9.37,9.39,100000,9.3814,14
5461,2015-04-02 01:31:00,9.39,9.39,9.37,9.37,78000,9.3867,5
5462,2015-04-02 01:32:00,9.37,9.37,9.37,9.37,0,9.37,0
5463,2015-04-02 01:33:00,9.38,9.38,9.37,9.37,10000,9.378,5
5464,2015-04-02 01:34:00,9.37,9.37,9.36,9.36,30000,9.3673,3
5465,2015-04-02 01:35:00,9.36,9.36,9.36,9.36,0,9.36,0
5466,2015-04-02 01:36:00,9.36,9.36,9.35,9.35,4000,9.355,2
5467,2015-04-02 01:37:00,9.35,9.35,9.35,9.35,0,9.35,0
5468,2015-04-02 01:38:00,9.35,9.35,9.34,9.34,50000,9.3492,6
5469,2015-04-02 01:39:00,9.34,9.34,9.34,9.34,4000,9.34,1
5470,2015-04-02 01:40:00,9.34,9.34,9.34,9.34,4000,9.34,2
5471,2015-04-02 01:41:00,9.34,9.34,9.34,9.34,24000,9.34,6
5472,2015-04-02 01:42:00,9.34,9.34,9.32,9.32,54000,9.3341,12
5473,2015-04-02 01:43:00,9.32,9.32,9.32,9.32,0,9.32,0
5474,2015-04-02 01:44:00,9.32,9.32,9.32,9.32,4000,9.32,1
5475,2015-04-02 01:45:00,9.32,9.32,9.32,9.32,2000,9.32,1
5476,2015-04-02 01:46:00,9.32,9.32,9.32,9.32,0,9.32,0
5477,2015-04-02 01:47:00,9.32,9.32,9.31,9.31,94000,9.3174,13
5478,2015-04-02 01:48:00,9.31,9.31,9.29,9.31,282000,9.2994,16
5479,2015-04-02 01:49:00,9.31,9.32,9.31,9.31,62000,9.3187,6
5480,2015-04-02 01:50:00,9.32,9.32,9.3,9.3,26000,9.3169,3
5481,2015-04-02 01:51:00,9.31,9.31,9.31,9.31,4000,9.31,1
5482,2015-04-02 01:52:00,9.31,9.31,9.31,9.31,0,9.31,0
5483,2015-04-02 01:53:00,9.32,9.32,9.29,9.29,24000,9.3083,7
5484,2015-04-02 01:54:00,9.29,9.29,9.29,9.29,0,9.29,0
5485,2015-04-02 01:55:00,9.3,9.3,9.29,9.29,10000,9.294,4
5486,2015-04-02 01:56:00,9.3,9.3,9.29,9.29,10000,9.298,4
5487,2015-04-02 01:57:00,9.29,9.29,9.29,9.29,0,9.29,0
5488,2015-04-02 01:58:00,9.3,9.3,9.3,9.3,14000,9.3,4
5489,2015-04-02 01:59:00,9.3,9.32,9.3,9.31,168000,9.3112,6
5490,2015-04-02 02:00:00,9.32,9.32,9.32,9.32,2000,9.32,1
5491,2015-04-02 02:01:00,9.32,9.32,9.32,9.32,2000,9.32,1
5492,2015-04-02 02:02:00,9.32,9.32,9.32,9.32,0,9.32,0
5493,2015-04-02 02:03:00,9.32,9.32,9.3,9.31,244000,9.3166,16
5494,2015-04-02 02:04:00,9.31,9.31,9.31,9.31,0,9.31,0
5495,2015-04-02 02:05:00,9.31,9.31,9.3,9.3,28000,9.3036,3
5496,2015-04-02 02:06:00,9.3,9.33,9.3,9.33,212000,9.3163,14
5497,2015-04-02 02:07:00,9.33,9.33,9.32,9.32,78000,9.329,10
5498,2015-04-02 02:08:00,9.32,9.32,9.32,9.32,0,9.32,0
5499,2015-04-02 02:09:00,9.33,9.33,9.32,9.32,44000,9.3295,3
5500,2015-04-02 02:10:00,9.32,9.34,9.32,9.32,18000,9.3311,4
5501,2015-04-02 02:11:00,9.34,9.34,9.33,9.33,42000,9.3348,5
5502,2015-04-02 02:12:00,9.32,9.32,9.32,9.32,4000,9.32,1
5503,2015-04-02 02:13:00,9.32,9.32,9.32,9.32,0,9.32,0
5504,2015-04-02 02:14:00,9.32,9.32,9.32,9.32,4000,9.32,2
5505,2015-04-02 02:15:00,9.32,9.32,9.32,9.32,48000,9.32,2
5506,2015-04-02 02:16:00,9.31,9.31,9.31,9.31,20000,9.31,2
5507,2015-04-02 02:17:00,9.31,9.31,9.31,9.31,34000,9.31,3
5508,2015-04-02 02:18:00,9.31,9.32,9.31,9.32,188000,9.3139,3
5509,2015-04-02 02:19:00,9.32,9.32,9.32,9.32,102000,9.32,2
5510,2015-04-02 02:20:00,9.32,9.32,9.32,9.32,24000,9.32,3
5511,2015-04-02 02:21:00,9.31,9.31,9.31,9.31,4000,9.31,1
5512,2015-04-02 02:22:00,9.31,9.31,9.31,9.31,0,9.31,0
5513,2015-04-02 02:23:00,9.32,9.32,9.32,9.32,20000,9.32,2
5514,2015-04-02 02:24:00,9.31,9.31,9.31,9.31,2000,9.31,1
5515,2015-04-02 02:25:00,9.32,9.32,9.32,9.32,2000,9.32,1
5516,2015-04-02 02:26:00,9.32,9.32,9.31,9.32,58000,9.3148,8
5517,2015-04-02 02:27:00,9.32,9.32,9.31,9.31,62000,9.3161,10
5518,2015-04-02 02:28:00,9.32,9.36,9.32,9.35,256000,9.3275,10
5519,2015-04-02 02:29:00,9.34,9.34,9.32,9.32,38000,9.3279,7
5520,2015-04-02 02:30:00,9.32,9.33,9.32,9.33,74000,9.3295,3
5521,2015-04-02 02:31:00,9.33,9.33,9.33,9.33,0,9.33,0
5522,2015-04-02 02:32:00,9.33,9.33,9.33,9.33,0,9.33,0
5523,2015-04-02 02:33:00,9.33,9.33,9.33,9.33,0,9.33,0
5524,2015-04-02 02:34:00,9.33,9.33,9.33,9.33,0,9.33,0
5525,2015-04-02 02:35:00,9.34,9.35,9.33,9.34,208000,9.3397,19
5526,2015-04-02 02:36:00,9.34,9.34,9.34,9.34,0,9.34,0
5527,2015-04-02 02:37:00,9.34,9.34,9.34,9.34,0,9.34,0
5528,2015-04-02 02:38:00,9.35,9.35,9.34,9.34,22000,9.3427,4
5529,2015-04-02 02:39:00,9.34,9.34,9.34,9.34,0,9.34,0
5530,2015-04-02 02:40:00,9.34,9.34,9.34,9.34,0,9.34,0
5531,2015-04-02 02:41:00,9.34,9.38,9.34,9.37,336000,9.3595,13
5532,2015-04-02 02:42:00,9.38,9.38,9.37,9.37,8000,9.3725,2
5533,2015-04-02 02:43:00,9.38,9.38,9.37,9.37,54000,9.3793,7
5534,2015-04-02 02:44:00,9.38,9.39,9.38,9.38,140000,9.3807,16
5535,2015-04-02 02:45:00,9.38,9.38,9.38,9.38,102000,9.38,15
5536,2015-04-02 02:46:00,9.38,9.38,9.38,9.38,14000,9.38,4
5537,2015-04-02 02:47:00,9.38,9.39,9.36,9.36,186000,9.3754,10
5538,2015-04-02 02:48:00,9.36,9.37,9.36,9.36,16000,9.3675,4
5539,2015-04-02 02:49:00,9.36,9.36,9.36,9.36,34000,9.36,5
5540,2015-04-02 02:50:00,9.36,9.38,9.36,9.38,134000,9.3703,6
5541,2015-04-02 02:51:00,9.38,9.39,9.38,9.39,178000,9.3853,9
5542,2015-04-02 02:52:00,9.4,9.4,9.4,9.4,18000,9.4,3
5543,2015-04-02 02:53:00,9.4,9.4,9.4,9.4,34000,9.4,6
5544,2015-04-02 02:54:00,9.4,9.4,9.38,9.38,78000,9.3918,9
5545,2015-04-02 02:55:00,9.38,9.38,9.37,9.37,32000,9.3788,2
5546,2015-04-02 02:56:00,9.37,9.37,9.37,9.37,0,9.37,0
5547,2015-04-02 02:57:00,9.37,9.37,9.37,9.37,24000,9.37,5
5548,2015-04-02 02:58:00,9.37,9.37,9.37,9.37,116000,9.37,5
5549,2015-04-02 02:59:00,9.38,9.38,9.38,9.38,32000,9.38,3
5550,2015-04-02 03:00:00,9.38,9.38,9.38,9.38,0,9.38,0
5551,2015-04-02 03:01:00,9.38,9.4,9.38,9.4,126000,9.39,27
5552,2015-04-02 03:02:00,9.4,9.4,9.4,9.4,6000,9.4,1
5553,2015-04-02 03:03:00,9.39,9.39,9.36,9.36,88000,9.3861,7
5554,2015-04-02 03:04:00,9.38,9.38,9.38,9.38,12000,9.38,3
5555,2015-04-02 03:05:00,9.37,9.37,9.36,9.36,56000,9.3625,8
5556,2015-04-02 03:06:00,9.37,9.37,9.36,9.36,64000,9.3681,4
5557,2015-04-02 03:07:00,9.37,9.37,9.37,9.37,34000,9.37,2
5558,2015-04-02 03:08:00,9.37,9.37,9.37,9.37,8000,9.37,1
5559,2015-04-02 03:09:00,9.36,9.36,9.36,9.36,10000,9.36,3
5560,2015-04-02 03:10:00,9.36,9.36,9.36,9.36,0,9.36,0
5561,2015-04-02 03:11:00,9.36,9.37,9.36,9.37,72000,9.3686,14
5562,2015-04-02 03:12:00,9.37,9.38,9.36,9.38,262000,9.3715,17
5563,2015-04-02 03:13:00,9.38,9.39,9.38,9.38,36000,9.3817,9
5564,2015-04-02 03:14:00,9.38,9.38,9.38,9.38,0,9.38,0
5565,2015-04-02 03:15:00,9.38,9.38,9.38,9.38,16000,9.38,4
5566,2015-04-02 03:16:00,9.38,9.38,9.38,9.38,0,9.38,0
5567,2015-04-02 03:17:00,9.38,9.38,9.36,9.36,162000,9.373,8
5568,2015-04-02 03:18:00,9.37,9.37,9.36,9.36,16000,9.3663,5
5569,2015-04-02 03:19:00,9.36,9.36,9.36,9.36,6000,9.36,3
5570,2015-04-02 03:20:00,9.36,9.36,9.36,9.36,0,9.36,0
5571,2015-04-02 03:21:00,9.36,9.36,9.36,9.36,28000,9.36,5
5572,2015-04-02 03:22:00,9.36,9.36,9.36,9.36,2000,9.36,1
5573,2015-04-02 03:23:00,9.36,9.36,9.36,9.36,0,9.36,0
5574,2015-04-02 03:24:00,9.36,9.36,9.35,9.36,178000,9.3571,19
5575,2015-04-02 03:25:00,9.35,9.35,9.35,9.35,6000,9.35,3
5576,2015-04-02 03:26:00,9.36,9.36,9.34,9.34,272000,9.3578,20
5577,2015-04-02 03:27:00,9.34,9.34,9.34,9.34,0,9.34,0
5578,2015-04-02 03:28:00,9.36,9.36,9.35,9.36,128000,9.3592,12
5579,2015-04-02 03:29:00,9.36,9.36,9.36,9.36,8000,9.36,4
5580,2015-04-02 03:30:00,9.36,9.38,9.36,9.38,82000,9.3673,7
5581,2015-04-02 03:31:00,9.37,9.37,9.37,9.37,38000,9.37,5
5582,2015-04-02 03:32:00,9.37,9.37,9.37,9.37,4000,9.37,1
5583,2015-04-02 03:33:00,9.37,9.37,9.37,9.37,12000,9.37,4
5584,2015-04-02 03:34:00,9.37,9.37,9.37,9.37,12000,9.37,4
5585,2015-04-02 03:35:00,9.37,9.37,9.35,9.35,114000,9.3595,7
5586,2015-04-02 03:36:00,9.36,9.36,9.35,9.36,100000,9.359,4
5587,2015-04-02 03:37:00,9.37,9.37,9.37,9.37,10000,9.37,3
5588,2015-04-02 03:38:00,9.36,9.36,9.35,9.36,50000,9.3596,5
5589,2015-04-02 03:39:00,9.36,9.36,9.35,9.35,18000,9.3567,6
5590,2015-04-02 03:40:00,9.36,9.37,9.35,9.37,50000,9.3588,8
5591,2015-04-02 03:41:00,9.37,9.37,9.35,9.36,130000,9.3574,12
5592,2015-04-02 03:42:00,9.35,9.36,9.35,9.36,8000,9.355,3
5593,2015-04-02 03:43:00,9.36,9.36,9.35,9.36,28000,9.3529,6
5594,2015-04-02 03:44:00,9.36,9.36,9.35,9.36,36000,9.3578,8
5595,2015-04-02 03:45:00,9.35,9.36,9.35,9.36,22000,9.3545,8
5596,2015-04-02 03:46:00,9.35,9.36,9.35,9.36,42000,9.3567,9
5597,2015-04-02 03:47:00,9.36,9.37,9.36,9.37,200000,9.3633,14
5598,2015-04-02 03:48:00,9.37,9.37,9.36,9.37,62000,9.3642,14
5599,2015-04-02 03:49:00,9.36,9.36,9.35,9.36,326000,9.3594,14
5600,2015-04-02 03:50:00,9.37,9.37,9.36,9.37,76000,9.3668,10
5601,2015-04-02 03:51:00,9.36,9.37,9.36,9.36,126000,9.3605,20
5602,2015-04-02 03:52:00,9.37,9.37,9.36,9.37,120000,9.366,22
5603,2015-04-02 03:53:00,9.36,9.37,9.36,9.36,66000,9.3636,22
5604,2015-04-02 03:54:00,9.36,9.37,9.36,9.36,136000,9.3653,24
5605,2015-04-02 03:55:00,9.36,9.37,9.36,9.37,150000,9.3669,24
5606,2015-04-02 03:56:00,9.36,9.37,9.36,9.37,118000,9.3649,25
5607,2015-04-02 03:57:00,9.36,9.38,9.36,9.38,234000,9.3724,27
5608,2015-04-02 03:58:00,9.37,9.38,9.37,9.37,318000,9.3728,34
5609,2015-04-02 03:59:00,9.37,9.39,9.37,9.37,468000,9.3801,56
5610,2015-04-07 21:30:00,9.57,9.59,9.5,9.56,622000,9.5577,99
5611,2015-04-07 21:31:00,9.56,9.56,9.54,9.55,76000,9.5513,18
5612,2015-04-07 21:32:00,9.54,9.55,9.43,9.43,312000,9.5165,57
5613,2015-04-07 21:33:00,9.42,9.52,9.42,9.52,390000,9.4779,18
5614,2015-04-07 21:34:00,9.54,9.57,9.54,9.56,126000,9.5586,18
5615,2015-04-07 21:35:00,9.55,9.55,9.54,9.55,34000,9.5494,8
5616,2015-04-07 21:36:00,9.56,9.56,9.53,9.53,102000,9.5439,10
5617,2015-04-07 21:37:00,9.52,9.52,9.5,9.5,94000,9.514,6
5618,2015-04-07 21:38:00,9.49,9.52,9.47,9.52,530000,9.4911,18
5619,2015-04-07 21:39:00,9.5,9.51,9.5,9.51,12000,9.505,3
5620,2015-04-07 21:40:00,9.51,9.51,9.5,9.51,138000,9.5099,8
5621,2015-04-07 21:41:00,9.52,9.53,9.52,9.53,100000,9.522,17
5622,2015-04-07 21:42:00,9.52,9.52,9.5,9.5,200000,9.5134,9
5623,2015-04-07 21:43:00,9.51,9.51,9.51,9.51,12000,9.51,3
5624,2015-04-07 21:44:00,9.5,9.5,9.48,9.48,152000,9.4947,11
5625,2015-04-07 21:45:00,9.47,9.5,9.47,9.5,354000,9.4847,23
5626,2015-04-07 21:46:00,9.5,9.51,9.5,9.51,280000,9.5006,9
5627,2015-04-07 21:47:00,9.5,9.5,9.48,9.48,90000,9.4933,11
5628,2015-04-07 21:48:00,9.49,9.49,9.47,9.47,114000,9.4788,18
5629,2015-04-07 21:49:00,9.45,9.46,9.45,9.45,44000,9.4518,9
5630,2015-04-07 21:50:00,9.45,9.46,9.45,9.46,24000,9.4542,5
5631,2015-04-07 21:51:00,9.45,9.46,9.44,9.44,48000,9.445,4
5632,2015-04-07 21:52:00,9.44,9.44,9.4,9.43,542000,9.4209,25
5633,2015-04-07 21:53:00,9.44,9.44,9.44,9.44,36000,9.44,2
5634,2015-04-07 21:54:00,9.45,9.46,9.45,9.46,92000,9.452,10
5635,2015-04-07 21:55:00,9.45,9.45,9.45,9.45,100000,9.45,7
5636,2015-04-07 21:56:00,9.45,9.45,9.43,9.43,128000,9.4413,9
5637,2015-04-07 21:57:00,9.43,9.43,9.43,9.43,0,9.43,0
5638,2015-04-07 21:58:00,9.43,9.43,9.42,9.42,120000,9.4227,15
5639,2015-04-07 21:59:00,9.43,9.43,9.3,9.33,300000,9.3917,31
5640,2015-04-07 22:00:00,9.31,9.4,9.31,9.4,242000,9.3384,18
5641,2015-04-07 22:01:00,9.4,9.4,9.38,9.39,32000,9.3869,3
5642,2015-04-07 22:02:00,9.39,9.39,9.39,9.39,52000,9.39,16
5643,2015-04-07 22:03:00,9.39,9.41,9.38,9.4,224000,9.4008,13
5644,2015-04-07 22:04:00,9.4,9.43,9.4,9.43,216000,9.4165,12
5645,2015-04-07 22:05:00,9.43,9.44,9.43,9.43,180000,9.4307,13
5646,2015-04-07 22:06:00,9.43,9.45,9.43,9.44,458000,9.4393,11
5647,2015-04-07 22:07:00,9.44,9.44,9.44,9.44,2000,9.44,1
5648,2015-04-07 22:08:00,9.45,9.45,9.44,9.45,202000,9.4499,12
5649,2015-04-07 22:09:00,9.45,9.45,9.45,9.45,6000,9.45,2
5650,2015-04-07 22:10:00,9.45,9.45,9.44,9.44,152000,9.4461,9
5651,2015-04-07 22:11:00,9.43,9.43,9.42,9.42,54000,9.4207,7
5652,2015-04-07 22:12:00,9.42,9.42,9.42,9.42,0,9.42,0
5653,2015-04-07 22:13:00,9.42,9.42,9.4,9.4,96000,9.4075,11
5654,2015-04-07 22:14:00,9.4,9.41,9.4,9.41,24000,9.4092,3
5655,2015-04-07 22:15:00,9.41,9.41,9.4,9.4,36000,9.4094,2
5656,2015-04-07 22:16:00,9.41,9.41,9.4,9.4,38000,9.4037,8
5657,2015-04-07 22:17:00,9.4,9.41,9.4,9.41,22000,9.4082,4
5658,2015-04-07 22:18:00,9.41,9.44,9.41,9.43,394000,9.4191,18
5659,2015-04-07 22:19:00,9.44,9.45,9.44,9.45,94000,9.4411,7
5660,2015-04-07 22:20:00,9.44,9.44,9.44,9.44,54000,9.44,2
5661,2015-04-07 22:21:00,9.44,9.44,9.44,9.44,4000,9.44,2
5662,2015-04-07 22:22:00,9.44,9.44,9.44,9.44,0,9.44,0
5663,2015-04-07 22:23:00,9.44,9.45,9.44,9.44,12000,9.4417,4
5664,2015-04-07 22:24:00,9.45,9.45,9.43,9.43,220000,9.4363,15
5665,2015-04-07 22:25:00,9.41,9.43,9.41,9.42,34000,9.4206,3
5666,2015-04-07 22:26:00,9.42,9.45,9.42,9.45,222000,9.4291,10
5667,2015-04-07 22:27:00,9.44,9.45,9.44,9.44,90000,9.4456,8
5668,2015-04-07 22:28:00,9.45,9.47,9.45,9.47,348000,9.4593,15
5669,2015-04-07 22:29:00,9.48,9.48,9.47,9.48,96000,9.4788,9
5670,2015-04-07 22:30:00,9.48,9.49,9.48,9.49,112000,9.4857,9
5671,2015-04-07 22:31:00,9.49,9.5,9.49,9.5,168000,9.4938,12
5672,2015-04-07 22:32:00,9.5,9.5,9.49,9.49,66000,9.493,6
5673,2015-04-07 22:33:00,9.5,9.5,9.49,9.5,30000,9.4973,4
5674,2015-04-07 22:34:00,9.49,9.49,9.46,9.47,304000,9.4843,12
5675,2015-04-07 22:35:00,9.46,9.46,9.45,9.45,80000,9.4598,6
5676,2015-04-07 22:36:00,9.46,9.5,9.46,9.49,358000,9.4704,14
5677,2015-04-07 22:37:00,9.5,9.5,9.49,9.5,12000,9.4933,3
5678,2015-04-07 22:38:00,9.49,9.5,9.49,9.5,8000,9.4975,4
5679,2015-04-07 22:39:00,9.5,9.5,9.47,9.47,114000,9.4888,4
5680,2015-04-07 22:40:00,9.48,9.48,9.46,9.46,26000,9.4646,3
5681,2015-04-07 22:41:00,9.45,9.45,9.43,9.43,78000,9.4405,5
5682,2015-04-07 22:42:00,9.43,9.43,9.43,9.43,0,9.43,0
5683,2015-04-07 22:43:00,9.44,9.44,9.43,9.43,6000,9.4333,3
5684,2015-04-07 22:44:00,9.44,9.44,9.43,9.43,10000,9.436,4
5685,2015-04-07 22:45:00,9.44,9.44,9.41,9.41,112000,9.4234,11
5686,2015-04-07 22:46:00,9.41,9.41,9.41,9.41,0,9.41,0
5687,2015-04-07 22:47:00,9.42,9.42,9.42,9.42,12000,9.42,1
5688,2015-04-07 22:48:00,9.41,9.42,9.37,9.37,214000,9.3944,11
5689,2015-04-07 22:49:00,9.38,9.38,9.38,9.38,186000,9.38,6
5690,2015-04-07 22:50:00,9.38,9.38,9.38,9.38,2000,9.38,1
5691,2015-04-07 22:51:00,9.37,9.37,9.35,9.35,174000,9.3569,10
5692,2015-04-07 22:52:00,9.34,9.35,9.34,9.34,10000,9.344,4
5693,2015-04-07 22:53:00,9.34,9.35,9.33,9.33,86000,9.34,7
5694,2015-04-07 22:54:00,9.33,9.33,9.32,9.33,228000,9.329,11
5695,2015-04-07 22:55:00,9.33,9.33,9.33,9.33,0,9.33,0
5696,2015-04-07 22:56:00,9.33,9.33,9.26,9.26,632000,9.3011,27
5697,2015-04-07 22:57:00,9.27,9.28,9.26,9.28,604000,9.2711,15
5698,2015-04-07 22:58:00,9.28,9.29,9.28,9.28,144000,9.2868,7
5699,2015-04-07 22:59:00,9.29,9.29,9.27,9.27,10000,9.286,2
5700,2015-04-07 23:00:00,9.29,9.29,9.29,9.29,120000,9.29,6
5701,2015-04-07 23:01:00,9.3,9.32,9.3,9.32,292000,9.3037,6
5702,2015-04-07 23:02:00,9.31,9.31,9.29,9.29,122000,9.3051,4
5703,2015-04-07 23:03:00,9.29,9.3,9.29,9.3,238000,9.2975,8
5704,2015-04-07 23:04:00,9.31,9.31,9.3,9.3,88000,9.3002,7
5705,2015-04-07 23:05:00,9.3,9.31,9.3,9.31,122000,9.3092,7
5706,2015-04-07 23:06:00,9.32,9.32,9.3,9.3,64000,9.31,6
5707,2015-04-07 23:07:00,9.32,9.32,9.3,9.32,40000,9.319,4
5708,2015-04-07 23:08:00,9.3,9.32,9.3,9.3,80000,9.3098,10
5709,2015-04-07 23:09:00,9.3,9.31,9.3,9.3,112000,9.3039,9
5710,2015-04-07 23:10:00,9.31,9.34,9.3,9.34,400000,9.3209,23
5711,2015-04-07 23:11:00,9.33,9.35,9.33,9.35,16000,9.3325,3
5712,2015-04-07 23:12:00,9.34,9.34,9.29,9.3,136000,9.3143,10
5713,2015-04-07 23:13:00,9.3,9.3,9.29,9.3,88000,9.2993,4
5714,2015-04-07 23:14:00,9.31,9.33,9.31,9.33,210000,9.3184,8
5715,2015-04-07 23:15:00,9.34,9.34,9.34,9.34,14000,9.34,4
5716,2015-04-07 23:16:00,9.34,9.34,9.34,9.34,4000,9.34,1
5717,2015-04-07 23:17:00,9.33,9.33,9.31,9.33,202000,9.3287,9
5718,2015-04-07 23:18:00,9.34,9.35,9.34,9.35,108000,9.3402,4
5719,2015-04-07 23:19:00,9.34,9.34,9.32,9.33,30000,9.3327,4
5720,2015-04-07 23:20:00,9.34,9.34,9.32,9.33,50000,9.3272,10
5721,2015-04-07 23:21:00,9.33,9.35,9.32,9.35,362000,9.34,12
5722,2015-04-07 23:22:00,9.36,9.36,9.35,9.35,24000,9.3508,3
5723,2015-04-07 23:23:00,9.36,9.36,9.35,9.35,26000,9.3554,3
5724,2015-04-07 23:24:00,9.36,9.36,9.35,9.35,56000,9.3557,3
5725,2015-04-07 23:25:00,9.36,9.36,9.35,9.35,54000,9.3563,4
5726,2015-04-07 23:26:00,9.35,9.36,9.35,9.36,242000,9.3576,11
5727,2015-04-07 23:27:00,9.37,9.37,9.37,9.37,2000,9.37,1
5728,2015-04-07 23:28:00,9.37,9.38,9.36,9.38,316000,9.3715,12
5729,2015-04-07 23:29:00,9.38,9.39,9.37,9.37,506000,9.3811,17
5730,2015-04-07 23:30:00,9.37,9.37,9.35,9.35,144000,9.3683,3
5731,2015-04-07 23:31:00,9.37,9.37,9.35,9.37,418000,9.366,21
5732,2015-04-07 23:32:00,9.38,9.38,9.36,9.36,84000,9.3717,10
5733,2015-04-07 23:33:00,9.36,9.36,9.35,9.35,278000,9.3577,3
5734,2015-04-07 23:34:00,9.35,9.35,9.35,9.35,0,9.35,0
5735,2015-04-07 23:35:00,9.34,9.35,9.33,9.33,132000,9.3411,10
5736,2015-04-07 23:36:00,9.34,9.34,9.33,9.34,480000,9.3392,10
5737,2015-04-07 23:37:00,9.35,9.36,9.35,9.36,404000,9.3505,9
5738,2015-04-07 23:38:00,9.36,9.36,9.36,9.36,22000,9.36,2
5739,2015-04-07 23:39:00,9.36,9.38,9.36,9.37,490000,9.3651,15
5740,2015-04-07 23:40:00,9.37,9.37,9.37,9.37,172000,9.37,7
5741,2015-04-07 23:41:00,9.38,9.38,9.38,9.38,86000,9.38,6
5742,2015-04-07 23:42:00,9.38,9.38,9.38,9.38,12000,9.38,1
5743,2015-04-07 23:43:00,9.38,9.38,9.38,9.38,0,9.38,0
5744,2015-04-07 23:44:00,9.38,9.38,9.37,9.37,28000,9.3743,3
5745,2015-04-07 23:45:00,9.37,9.37,9.37,9.37,152000,9.37,7
5746,2015-04-07 23:46:00,9.37,9.37,9.37,9.37,60000,9.37,6
5747,2015-04-07 23:47:00,9.36,9.37,9.36,9.37,4000,9.365,2
5748,2015-04-07 23:48:00,9.37,9.37,9.36,9.36,12000,9.3683,2
5749,2015-04-07 23:49:00,9.37,9.37,9.37,9.37,36000,9.37,2
5750,2015-04-07 23:50:00,9.36,9.37,9.33,9.34,416000,9.3504,14
5751,2015-04-07 23:51:00,9.34,9.34,9.34,9.34,14000,9.34,1
5752,2015-04-07 23:52:00,9.34,9.34,9.34,9.34,18000,9.34,2
5753,2015-04-07 23:53:00,9.33,9.33,9.33,9.33,16000,9.33,2
5754,2015-04-07 23:54:00,9.33,9.33,9.32,9.33,104000,9.3296,6
5755,2015-04-07 23:55:00,9.32,9.33,9.32,9.32,228000,9.3272,10
5756,2015-04-07 23:56:00,9.33,9.34,9.33,9.34,318000,9.3304,5
5757,2015-04-07 23:57:00,9.34,9.34,9.33,9.34,32000,9.3394,3
5758,2015-04-07 23:58:00,9.33,9.34,9.33,9.33,66000,9.3309,6
5759,2015-04-07 23:59:00,9.34,9.34,9.33,9.33,12000,9.335,3
5760,2015-04-08 01:00:00,9.34,9.34,9.33,9.34,224000,9.3396,10
5761,2015-04-08 01:01:00,9.34,9.34,9.34,9.34,12000,9.34,2
5762,2015-04-08 01:02:00,9.34,9.34,9.34,9.34,26000,9.34,4
5763,2015-04-08 01:03:00,9.33,9.34,9.32,9.32,252000,9.3298,8
5764,2015-04-08 01:04:00,9.32,9.33,9.32,9.32,66000,9.327,4
5765,2015-04-08 01:05:00,9.32,9.33,9.32,9.33,56000,9.3264,8
5766,2015-04-08 01:06:00,9.32,9.33,9.32,9.33,40000,9.3275,6
5767,2015-04-08 01:07:00,9.33,9.33,9.31,9.31,162000,9.3186,13
5768,2015-04-08 01:08:00,9.32,9.32,9.3,9.3,156000,9.3088,14
5769,2015-04-08 01:09:00,9.31,9.31,9.3,9.31,42000,9.3029,5
5770,2015-04-08 01:10:00,9.3,9.31,9.3,9.3,20000,9.302,4
5771,2015-04-08 01:11:00,9.3,9.31,9.3,9.31,26000,9.3023,4
5772,2015-04-08 01:12:00,9.31,9.31,9.3,9.31,308000,9.309,11
5773,2015-04-08 01:13:00,9.31,9.31,9.31,9.31,8000,9.31,4
5774,2015-04-08 01:14:00,9.31,9.31,9.31,9.31,10000,9.31,1
5775,2015-04-08 01:15:00,9.31,9.31,9.3,9.31,38000,9.3053,6
5776,2015-04-08 01:16:00,9.3,9.31,9.3,9.31,32000,9.3088,7
5777,2015-04-08 01:17:00,9.31,9.31,9.31,9.31,4000,9.31,2
5778,2015-04-08 01:18:00,9.31,9.31,9.26,9.27,850000,9.2911,27
5779,2015-04-08 01:19:00,9.27,9.31,9.27,9.3,518000,9.2784,14
5780,2015-04-08 01:20:00,9.31,9.31,9.31,9.31,118000,9.31,5
5781,2015-04-08 01:21:00,9.32,9.32,9.31,9.32,218000,9.3188,5
5782,2015-04-08 01:22:00,9.32,9.32,9.32,9.32,16000,9.32,3
5783,2015-04-08 01:23:00,9.31,9.33,9.31,9.33,228000,9.3176,8
5784,2015-04-08 01:24:00,9.33,9.33,9.33,9.33,30000,9.33,2
5785,2015-04-08 01:25:00,9.33,9.33,9.33,9.33,0,9.33,0
5786,2015-04-08 01:26:00,9.33,9.34,9.33,9.34,164000,9.3301,3
5787,2015-04-08 01:27:00,9.34,9.34,9.32,9.32,54000,9.3274,6
5788,2015-04-08 01:28:00,9.32,9.32,9.32,9.32,24000,9.32,4
5789,2015-04-08 01:29:00,9.32,9.32,9.32,9.32,98000,9.32,4
5790,2015-04-08 01:30:00,9.33,9.33,9.32,9.32,32000,9.3206,4
5791,2015-04-08 01:31:00,9.33,9.33,9.33,9.33,4000,9.33,2
5792,2015-04-08 01:32:00,9.32,9.33,9.32,9.33,6000,9.3267,3
5793,2015-04-08 01:33:00,9.32,9.32,9.31,9.31,100000,9.3166,4
5794,2015-04-08 01:34:00,9.32,9.32,9.3,9.3,186000,9.3023,6
5795,2015-04-08 01:35:00,9.31,9.31,9.29,9.29,26000,9.3062,3
5796,2015-04-08 01:36:00,9.29,9.29,9.28,9.28,74000,9.2897,4
5797,2015-04-08 01:37:00,9.28,9.29,9.28,9.29,108000,9.2867,6
5798,2015-04-08 01:38:00,9.29,9.29,9.29,9.29,8000,9.29,2
5799,2015-04-08 01:39:00,9.29,9.29,9.28,9.29,36000,9.285,5
5800,2015-04-08 01:40:00,9.28,9.29,9.28,9.29,42000,9.2829,3
5801,2015-04-08 01:41:00,9.29,9.3,9.29,9.3,128000,9.2903,9
5802,2015-04-08 01:42:00,9.3,9.3,9.3,9.3,4000,9.3,2
5803,2015-04-08 01:43:00,9.3,9.3,9.3,9.3,14000,9.3,3
5804,2015-04-08 01:44:00,9.3,9.31,9.3,9.31,358000,9.3017,9
5805,2015-04-08 01:45:00,9.31,9.31,9.31,9.31,50000,9.31,1
5806,2015-04-08 01:46:00,9.31,9.31,9.31,9.31,0,9.31,0
5807,2015-04-08 01:47:00,9.32,9.35,9.32,9.35,258000,9.3317,9
5808,2015-04-08 01:48:00,9.34,9.34,9.34,9.34,140000,9.34,6
5809,2015-04-08 01:49:00,9.35,9.36,9.35,9.35,246000,9.3504,6
5810,2015-04-08 01:50:00,9.36,9.36,9.34,9.35,148000,9.3484,7
5811,2015-04-08 01:51:00,9.36,9.37,9.36,9.37,102000,9.3602,2
5812,2015-04-08 01:52:00,9.37,9.37,9.37,9.37,10000,9.37,1
5813,2015-04-08 01:53:00,9.37,9.38,9.37,9.38,74000,9.3716,7
5814,2015-04-08 01:54:00,9.38,9.38,9.38,9.38,6000,9.38,1
5815,2015-04-08 01:55:00,9.38,9.38,9.38,9.38,0,9.38,0
5816,2015-04-08 01:56:00,9.38,9.38,9.38,9.38,2000,9.38,1
5817,2015-04-08 01:57:00,9.38,9.38,9.37,9.37,68000,9.3703,5
5818,2015-04-08 01:58:00,9.37,9.39,9.37,9.39,310000,9.3804,4
5819,2015-04-08 01:59:00,9.38,9.39,9.38,9.39,84000,9.3895,3
5820,2015-04-08 02:00:00,9.4,9.4,9.4,9.4,4000,9.4,1
5821,2015-04-08 02:01:00,9.4,9.41,9.4,9.41,126000,9.4033,5
5822,2015-04-08 02:02:00,9.41,9.41,9.41,9.41,56000,9.41,3
5823,2015-04-08 02:03:00,9.41,9.41,9.41,9.41,38000,9.41,8
5824,2015-04-08 02:04:00,9.41,9.42,9.41,9.42,60000,9.4107,3
5825,2015-04-08 02:05:00,9.42,9.43,9.42,9.43,102000,9.4225,7
5826,2015-04-08 02:06:00,9.43,9.43,9.41,9.41,338000,9.4163,7
5827,2015-04-08 02:07:00,9.4,9.4,9.39,9.39,242000,9.3992,2
5828,2015-04-08 02:08:00,9.38,9.39,9.38,9.39,14000,9.3829,2
5829,2015-04-08 02:09:00,9.38,9.38,9.37,9.38,44000,9.3745,4
5830,2015-04-08 02:10:00,9.38,9.38,9.37,9.38,80000,9.3795,4
5831,2015-04-08 02:11:00,9.39,9.4,9.39,9.39,332000,9.3978,6
5832,2015-04-08 02:12:00,9.4,9.4,9.39,9.4,112000,9.3988,6
5833,2015-04-08 02:13:00,9.4,9.41,9.4,9.41,52000,9.4012,3
5834,2015-04-08 02:14:00,9.41,9.41,9.41,9.41,2000,9.41,1
5835,2015-04-08 02:15:00,9.41,9.41,9.41,9.41,6000,9.41,3
5836,2015-04-08 02:16:00,9.41,9.41,9.41,9.41,32000,9.41,3
5837,2015-04-08 02:17:00,9.41,9.41,9.38,9.38,246000,9.398,9
5838,2015-04-08 02:18:00,9.39,9.39,9.38,9.38,78000,9.3803,7
5839,2015-04-08 02:19:00,9.38,9.38,9.38,9.38,2000,9.38,1
5840,2015-04-08 02:20:00,9.37,9.38,9.37,9.38,10000,9.376,2
5841,2015-04-08 02:21:00,9.37,9.38,9.37,9.38,40000,9.371,5
5842,2015-04-08 02:22:00,9.38,9.38,9.38,9.38,4000,9.38,2
5843,2015-04-08 02:23:00,9.38,9.38,9.35,9.35,206000,9.3672,15
5844,2015-04-08 02:24:00,9.35,9.36,9.35,9.36,362000,9.3596,5
5845,2015-04-08 02:25:00,9.37,9.37,9.36,9.36,20000,9.361,3
5846,2015-04-08 02:26:00,9.36,9.36,9.35,9.36,32000,9.3594,6
5847,2015-04-08 02:27:00,9.36,9.36,9.36,9.36,0,9.36,0
5848,2015-04-08 02:28:00,9.36,9.36,9.35,9.35,10000,9.358,3
5849,2015-04-08 02:29:00,9.36,9.36,9.36,9.36,4000,9.36,1
5850,2015-04-08 02:30:00,9.36,9.36,9.35,9.35,22000,9.3518,4
5851,2015-04-08 02:31:00,9.36,9.41,9.36,9.4,812000,9.381,22
5852,2015-04-08 02:32:00,9.4,9.4,9.4,9.4,2000,9.4,1
5853,2015-04-08 02:33:00,9.39,9.4,9.39,9.4,124000,9.3958,4
5854,2015-04-08 02:34:00,9.4,9.4,9.4,9.4,8000,9.4,1
5855,2015-04-08 02:35:00,9.4,9.4,9.4,9.4,0,9.4,0
5856,2015-04-08 02:36:00,9.41,9.41,9.4,9.41,32000,9.4038,3
5857,2015-04-08 02:37:00,9.41,9.41,9.41,9.41,162000,9.41,7
5858,2015-04-08 02:38:00,9.41,9.41,9.41,9.41,22000,9.41,3
5859,2015-04-08 02:39:00,9.41,9.42,9.41,9.42,72000,9.4133,8
5860,2015-04-08 02:40:00,9.42,9.44,9.42,9.42,304000,9.4218,11
5861,2015-04-08 02:41:00,9.44,9.44,9.43,9.44,62000,9.4374,8
5862,2015-04-08 02:42:00,9.44,9.44,9.43,9.44,48000,9.4379,6
5863,2015-04-08 02:43:00,9.44,9.47,9.44,9.47,210000,9.4501,13
5864,2015-04-08 02:44:00,9.47,9.49,9.47,9.48,146000,9.4747,13
5865,2015-04-08 02:45:00,9.49,9.49,9.48,9.49,52000,9.4888,4
5866,2015-04-08 02:46:00,9.49,9.49,9.48,9.49,86000,9.4898,9
5867,2015-04-08 02:47:00,9.49,9.49,9.46,9.46,338000,9.4738,7
5868,2015-04-08 02:48:00,9.46,9.47,9.46,9.46,126000,9.4616,6
5869,2015-04-08 02:49:00,9.45,9.45,9.45,9.45,100000,9.45,4
5870,2015-04-08 02:50:00,9.45,9.46,9.45,9.46,128000,9.4594,5
5871,2015-04-08 02:51:00,9.46,9.46,9.46,9.46,14000,9.46,2
5872,2015-04-08 02:52:00,9.47,9.47,9.45,9.47,110000,9.4671,9
5873,2015-04-08 02:53:00,9.47,9.47,9.47,9.47,2000,9.47,1
5874,2015-04-08 02:54:00,9.47,9.47,9.47,9.47,0,9.47,0
5875,2015-04-08 02:55:00,9.47,9.47,9.46,9.46,294000,9.4696,7
5876,2015-04-08 02:56:00,9.46,9.49,9.46,9.49,458000,9.4807,9
5877,2015-04-08 02:57:00,9.49,9.49,9.49,9.49,156000,9.49,9
5878,2015-04-08 02:58:00,9.49,9.52,9.49,9.52,456000,9.5018,18
5879,2015-04-08 02:59:00,9.52,9.53,9.51,9.53,126000,9.5211,11
5880,2015-04-08 03:00:00,9.52,9.53,9.52,9.53,256000,9.5291,10
5881,2015-04-08 03:01:00,9.53,9.54,9.53,9.53,70000,9.5363,6
5882,2015-04-08 03:02:00,9.54,9.55,9.54,9.54,358000,9.5447,20
5883,2015-04-08 03:03:00,9.55,9.55,9.53,9.54,94000,9.5474,10
5884,2015-04-08 03:04:00,9.55,9.55,9.54,9.55,260000,9.5495,17
5885,2015-04-08 03:05:00,9.54,9.57,9.54,9.56,282000,9.5596,23
5886,2015-04-08 03:06:00,9.56,9.57,9.56,9.57,54000,9.5674,7
5887,2015-04-08 03:07:00,9.57,9.58,9.57,9.57,208000,9.5762,16
5888,2015-04-08 03:08:00,9.58,9.59,9.58,9.59,106000,9.5806,11
5889,2015-04-08 03:09:00,9.58,9.59,9.58,9.59,338000,9.5867,19
5890,2015-04-08 03:10:00,9.59,9.59,9.58,9.58,130000,9.5863,9
5891,2015-04-08 03:11:00,9.59,9.6,9.59,9.6,614000,9.5991,12
5892,2015-04-08 03:12:00,9.59,9.61,9.59,9.6,286000,9.6004,16
5893,2015-04-08 03:13:00,9.6,9.6,9.59,9.6,66000,9.5997,5
5894,2015-04-08 03:14:00,9.59,9.61,9.59,9.61,90000,9.6029,7
5895,2015-04-08 03:15:00,9.61,9.63,9.61,9.62,210000,9.6202,9
5896,2015-04-08 03:16:00,9.63,9.65,9.63,9.65,220000,9.6395,27
5897,2015-04-08 03:17:00,9.65,9.65,9.64,9.64,60000,9.6443,8
5898,2015-04-08 03:18:00,9.64,9.65,9.64,9.65,118000,9.6473,6
5899,2015-04-08 03:19:00,9.65,9.68,9.65,9.68,354000,9.6693,16
5900,2015-04-08 03:20:00,9.68,9.69,9.67,9.68,158000,9.6797,12
5901,2015-04-08 03:21:00,9.68,9.68,9.67,9.67,72000,9.6708,9
5902,2015-04-08 03:22:00,9.66,9.68,9.66,9.68,170000,9.6686,12
5903,2015-04-08 03:23:00,9.67,9.68,9.66,9.68,138000,9.6741,16
5904,2015-04-08 03:24:00,9.66,9.68,9.66,9.66,380000,9.6609,18
5905,2015-04-08 03:25:00,9.65,9.65,9.62,9.62,20000,9.644,2
5906,2015-04-08 03:26:00,9.63,9.63,9.61,9.62,160000,9.6159,18
5907,2015-04-08 03:27:00,9.61,9.62,9.61,9.62,62000,9.6155,11
5908,2015-04-08 03:28:00,9.62,9.62,9.61,9.62,68000,9.615,10
5909,2015-04-08 03:29:00,9.61,9.62,9.61,9.62,84000,9.616,17
5910,2015-04-08 03:30:00,9.61,9.62,9.61,9.62,178000,9.6162,13
5911,2015-04-08 03:31:00,9.62,9.62,9.61,9.62,86000,9.6123,10
5912,2015-04-08 03:32:00,9.62,9.62,9.61,9.62,30000,9.6193,4
5913,2015-04-08 03:33:00,9.61,9.62,9.61,9.61,150000,9.6101,12
5914,2015-04-08 03:34:00,9.61,9.61,9.6,9.6,104000,9.6042,13
5915,2015-04-08 03:35:00,9.61,9.61,9.6,9.6,54000,9.6004,11
5916,2015-04-08 03:36:00,9.6,9.61,9.59,9.59,98000,9.599,21
5917,2015-04-08 03:37:00,9.59,9.59,9.59,9.59,70000,9.59,8
5918,2015-04-08 03:38:00,9.59,9.6,9.59,9.6,394000,9.5968,18
5919,2015-04-08 03:39:00,9.6,9.6,9.59,9.59,30000,9.5993,3
5920,2015-04-08 03:40:00,9.6,9.6,9.59,9.59,172000,9.591,10
5921,2015-04-08 03:41:00,9.59,9.59,9.58,9.58,156000,9.5882,8
5922,2015-04-08 03:42:00,9.59,9.59,9.58,9.58,12000,9.5833,5
5923,2015-04-08 03:43:00,9.58,9.59,9.58,9.58,312000,9.5804,9
5924,2015-04-08 03:44:00,9.59,9.59,9.58,9.59,74000,9.5876,13
5925,2015-04-08 03:45:00,9.59,9.6,9.59,9.6,338000,9.5936,17
5926,2015-04-08 03:46:00,9.6,9.62,9.6,9.61,120000,9.6087,21
5927,2015-04-08 03:47:00,9.62,9.62,9.61,9.61,10000,9.616,3
5928,2015-04-08 03:48:00,9.61,9.62,9.61,9.62,132000,9.612,11
5929,2015-04-08 03:49:00,9.62,9.62,9.61,9.61,108000,9.612,14
5930,2015-04-08 03:50:00,9.61,9.62,9.61,9.61,268000,9.6125,29
5931,2015-04-08 03:51:00,9.62,9.62,9.61,9.62,108000,9.617,22
5932,2015-04-08 03:52:00,9.62,9.63,9.61,9.63,232000,9.6181,21
5933,2015-04-08 03:53:00,9.63,9.63,9.62,9.63,246000,9.6297,28
5934,2015-04-08 03:54:00,9.63,9.63,9.62,9.62,158000,9.6286,34
5935,2015-04-08 03:55:00,9.62,9.63,9.62,9.63,192000,9.6282,34
5936,2015-04-08 03:56:00,9.63,9.64,9.62,9.64,262000,9.6346,43
5937,2015-04-08 03:57:00,9.63,9.64,9.63,9.64,354000,9.6372,60
5938,2015-04-08 03:58:00,9.63,9.64,9.62,9.64,592000,9.6308,57
5939,2015-04-08 03:59:00,9.64,9.64,9.6,9.63,544000,9.6187,56
5940,2015-04-08 21:30:00,9.73,9.9,9.73,9.84,1400000,9.8093,76
5941,2015-04-08 21:31:00,9.84,9.9,9.8,9.88,780000,9.8723,73
5942,2015-04-08 21:32:00,9.82,9.88,9.81,9.88,170000,9.8533,17
5943,2015-04-08 21:33:00,9.87,9.88,9.82,9.82,242000,9.8626,22
5944,2015-04-08 21:34:00,9.84,9.88,9.81,9.87,294000,9.8586,21
5945,2015-04-08 21:35:00,9.88,9.94,9.88,9.88,610000,9.8999,29
5946,2015-04-08 21:36:00,9.89,9.93,9.89,9.93,34000,9.9182,9
5947,2015-04-08 21:37:00,9.93,9.94,9.92,9.94,160000,9.9311,26
5948,2015-04-08 21:38:00,9.93,9.98,9.91,9.98,516000,9.9427,30
5949,2015-04-08 21:39:00,9.98,10.12,9.98,10.12,820000,10.0105,36
5950,2015-04-08 21:40:00,10.12,10.12,10.02,10.08,252000,10.0602,19
5951,2015-04-08 21:41:00,10.06,10.1,10.04,10.1,188000,10.084,15
5952,2015-04-08 21:42:00,10.1,10.16,10.04,10.04,628000,10.1057,30
5953,2015-04-08 21:43:00,10.0,10.06,9.85,9.85,296000,9.9339,31
5954,2015-04-08 21:44:00,9.9,9.91,9.82,9.91,128000,9.8763,16
5955,2015-04-08 21:45:00,9.93,9.97,9.92,9.95,86000,9.9458,12
5956,2015-04-08 21:46:00,9.94,9.95,9.93,9.94,78000,9.9418,15
5957,2015-04-08 21:47:00,9.94,9.94,9.75,9.75,530000,9.8577,37
5958,2015-04-08 21:48:00,9.74,9.82,9.73,9.81,400000,9.7613,22
5959,2015-04-08 21:49:00,9.81,9.81,9.74,9.78,78000,9.7897,17
5960,2015-04-08 21:50:00,9.77,9.81,9.77,9.81,154000,9.7966,9
5961,2015-04-08 21:51:00,9.86,9.86,9.81,9.86,486000,9.8144,26
5962,2015-04-08 21:52:00,9.85,9.85,9.72,9.76,324000,9.7865,24
5963,2015-04-08 21:53:00,9.77,9.78,9.73,9.74,160000,9.7595,14
5964,2015-04-08 21:54:00,9.73,9.76,9.68,9.76,266000,9.7202,22
5965,2015-04-08 21:55:00,9.77,9.82,9.77,9.8,176000,9.8005,14
5966,2015-04-08 21:56:00,9.81,9.85,9.81,9.85,108000,9.8333,8
5967,2015-04-08 21:57:00,9.87,9.9,9.85,9.86,316000,9.8752,18
5968,2015-04-08 21:58:00,9.84,9.84,9.8,9.8,86000,9.8305,9
5969,2015-04-08 21:59:00,9.8,9.85,9.8,9.84,80000,9.8343,12
5970,2015-04-08 22:00:00,9.83,9.87,9.83,9.87,112000,9.8454,10
5971,2015-04-08 22:01:00,9.87,9.89,9.87,9.89,100000,9.879,5
5972,2015-04-08 22:02:00,9.86,9.86,9.8,9.8,222000,9.8359,8
5973,2015-04-08 22:03:00,9.8,9.85,9.8,9.82,172000,9.8295,12
5974,2015-04-08 22:04:00,9.83,9.83,9.81,9.82,134000,9.8133,5
5975,2015-04-08 22:05:00,9.8,9.85,9.8,9.81,182000,9.8188,12
5976,2015-04-08 22:06:00,9.8,9.82,9.8,9.82,64000,9.8094,5
5977,2015-04-08 22:07:00,9.81,9.81,9.76,9.76,146000,9.7778,9
5978,2015-04-08 22:08:00,9.75,9.81,9.75,9.81,208000,9.7771,12
5979,2015-04-08 22:09:00,9.82,9.84,9.82,9.82,220000,9.829,16
5980,2015-04-08 22:10:00,9.84,9.84,9.8,9.8,296000,9.8172,14
5981,2015-04-08 22:11:00,9.82,9.83,9.8,9.83,98000,9.8106,10
5982,2015-04-08 22:12:00,9.84,9.87,9.84,9.87,172000,9.8574,8
5983,2015-04-08 22:13:00,9.87,9.89,9.87,9.88,44000,9.8755,10
5984,2015-04-08 22:14:00,9.89,9.9,9.87,9.89,240000,9.891,14
5985,2015-04-08 22:15:00,9.89,9.89,9.86,9.87,154000,9.8697,11
5986,2015-04-08 22:16:00,9.85,9.88,9.85,9.88,164000,9.8667,14
5987,2015-04-08 22:17:00,9.85,9.89,9.85,9.89,154000,9.8784,16
5988,2015-04-08 22:18:00,9.88,9.9,9.87,9.9,286000,9.8889,21
5989,2015-04-08 22:19:00,9.89,9.92,9.89,9.91,318000,9.9008,20
5990,2015-04-08 22:20:00,9.9,9.91,9.89,9.9,190000,9.8962,13
5991,2015-04-08 22:21:00,9.88,9.88,9.87,9.88,104000,9.8763,4
5992,2015-04-08 22:22:00,9.87,9.87,9.85,9.85,114000,9.8611,8
5993,2015-04-08 22:23:00,9.85,9.85,9.82,9.82,132000,9.8388,13
5994,2015-04-08 22:24:00,9.82,9.84,9.81,9.84,130000,9.8318,23
5995,2015-04-08 22:25:00,9.82,9.84,9.81,9.82,312000,9.8206,41
5996,2015-04-08 22:26:00,9.8,9.82,9.79,9.82,94000,9.8026,16
5997,2015-04-08 22:27:00,9.82,9.82,9.73,9.75,280000,9.7504,44
5998,2015-04-08 22:28:00,9.74,9.81,9.74,9.81,354000,9.7797,87
5999,2015-04-08 22:29:00,9.8,9.82,9.77,9.8,358000,9.7914,49
6000,2015-04-08 22:30:00,9.81,9.81,9.75,9.79,400000,9.7872,46
6001,2015-04-08 22:31:00,9.78,9.78,9.76,9.76,58000,9.7731,4
6002,2015-04-08 22:32:00,9.75,9.79,9.74,9.79,222000,9.7663,23
6003,2015-04-08 22:33:00,9.77,9.82,9.77,9.82,206000,9.7911,28
6004,2015-04-08 22:34:00,9.82,9.83,9.8,9.8,110000,9.8153,10
6005,2015-04-08 22:35:00,9.8,9.8,9.77,9.79,210000,9.7948,17
6006,2015-04-08 22:36:00,9.77,9.77,9.71,9.71,104000,9.73,12
6007,2015-04-08 22:37:00,9.71,9.76,9.71,9.75,284000,9.7339,16
6008,2015-04-08 22:38:00,9.75,9.75,9.7,9.72,162000,9.709,7
6009,2015-04-08 22:39:00,9.69,9.69,9.69,9.69,30000,9.69,3
6010,2015-04-08 22:40:00,9.69,9.69,9.69,9.69,38000,9.69,7
6011,2015-04-08 22:41:00,9.69,9.7,9.69,9.7,20000,9.697,4
6012,2015-04-08 22:42:00,9.69,9.7,9.67,9.68,242000,9.6855,15
6013,2015-04-08 22:43:00,9.67,9.68,9.67,9.67,64000,9.6719,5
6014,2015-04-08 22:44:00,9.67,9.72,9.67,9.72,214000,9.6885,13
6015,2015-04-08 22:45:00,9.7,9.71,9.66,9.66,286000,9.6873,26
6016,2015-04-08 22:46:00,9.66,9.66,9.66,9.66,0,9.66,0
6017,2015-04-08 22:47:00,9.65,9.65,9.65,9.65,32000,9.65,3
6018,2015-04-08 22:48:00,9.66,9.66,9.66,9.66,20000,9.66,5
6019,2015-04-08 22:49:00,9.66,9.71,9.65,9.69,590000,9.6731,61
6020,2015-04-08 22:50:00,9.68,9.8,9.68,9.8,436000,9.7261,48
6021,2015-04-08 22:51:00,9.8,9.82,9.72,9.74,196000,9.7661,16
6022,2015-04-08 22:52:00,9.77,9.81,9.75,9.8,198000,9.776,27
6023,2015-04-08 22:53:00,9.8,9.8,9.8,9.8,0,9.8,0
6024,2015-04-08 22:54:00,9.77,9.79,9.77,9.78,16000,9.7763,4
6025,2015-04-08 22:55:00,9.78,9.78,9.77,9.77,28000,9.7764,2
6026,2015-04-08 22:56:00,9.77,9.77,9.77,9.77,0,9.77,0
6027,2015-04-08 22:57:00,9.77,9.77,9.77,9.77,72000,9.77,5
6028,2015-04-08 22:58:00,9.77,9.77,9.7,9.73,448000,9.7504,33
6029,2015-04-08 22:59:00,9.76,9.8,9.76,9.8,256000,9.7809,16
6030,2015-04-08 23:00:00,9.8,9.81,9.79,9.81,50000,9.8064,8
6031,2015-04-08 23:01:00,9.8,9.82,9.8,9.82,54000,9.8126,9
6032,2015-04-08 23:02:00,9.82,9.82,9.8,9.8,86000,9.8147,14
6033,2015-04-08 23:03:00,9.81,9.82,9.81,9.82,36000,9.8183,5
6034,2015-04-08 23:04:00,9.82,9.82,9.82,9.82,6000,9.82,1
6035,2015-04-08 23:05:00,9.83,9.83,9.82,9.83,126000,9.8298,3
6036,2015-04-08 23:06:00,9.83,9.84,9.83,9.84,76000,9.8382,7
6037,2015-04-08 23:07:00,9.85,9.85,9.84,9.85,24000,9.8492,6
6038,2015-04-08 23:08:00,9.85,9.85,9.85,9.85,2000,9.85,1
6039,2015-04-08 23:09:00,9.85,9.85,9.85,9.85,20000,9.85,1
6040,2015-04-08 23:10:00,9.85,9.85,9.8,9.81,392000,9.8333,18
6041,2015-04-08 23:11:00,9.8,9.8,9.8,9.8,6000,9.8,2
6042,2015-04-08 23:12:00,9.8,9.83,9.79,9.83,362000,9.8028,19
6043,2015-04-08 23:13:00,9.83,9.85,9.83,9.85,74000,9.8351,6
6044,2015-04-08 23:14:00,9.84,9.85,9.83,9.83,116000,9.8364,5
6045,2015-04-08 23:15:00,9.81,9.81,9.79,9.79,120000,9.7973,6
6046,2015-04-08 23:16:00,9.78,9.8,9.75,9.78,376000,9.7748,24
6047,2015-04-08 23:17:00,9.79,9.8,9.79,9.79,24000,9.795,4
6048,2015-04-08 23:18:00,9.8,9.8,9.8,9.8,12000,9.8,2
6049,2015-04-08 23:19:00,9.79,9.79,9.77,9.77,162000,9.7817,8
6050,2015-04-08 23:20:00,9.77,9.77,9.77,9.77,0,9.77,0
6051,2015-04-08 23:21:00,9.77,9.79,9.77,9.79,114000,9.7781,8
6052,2015-04-08 23:22:00,9.79,9.79,9.78,9.79,32000,9.7875,4
6053,2015-04-08 23:23:00,9.79,9.79,9.74,9.75,200000,9.7648,8
6054,2015-04-08 23:24:00,9.75,9.78,9.75,9.78,372000,9.7592,19
6055,2015-04-08 23:25:00,9.78,9.78,9.78,9.78,0,9.78,0
6056,2015-04-08 23:26:00,9.79,9.8,9.79,9.8,40000,9.7915,6
6057,2015-04-08 23:27:00,9.8,9.8,9.8,9.8,2000,9.8,1
6058,2015-04-08 23:28:00,9.8,9.8,9.8,9.8,90000,9.8,6
6059,2015-04-08 23:29:00,9.81,9.81,9.8,9.8,108000,9.8006,4
6060,2015-04-08 23:30:00,9.81,9.84,9.81,9.83,328000,9.8242,19
6061,2015-04-08 23:31:00,9.82,9.82,9.82,9.82,78000,9.82,3
6062,2015-04-08 23:32:00,9.83,9.84,9.83,9.84,24000,9.835,3
6063,2015-04-08 23:33:00,9.84,9.84,9.84,9.84,6000,9.84,3
6064,2015-04-08 23:34:00,9.84,9.84,9.82,9.83,254000,9.8267,11
6065,2015-04-08 23:35:00,9.81,9.82,9.81,9.82,4000,9.815,2
6066,2015-04-08 23:36:00,9.82,9.84,9.82,9.84,138000,9.8281,12
6067,2015-04-08 23:37:00,9.83,9.84,9.82,9.82,142000,9.8285,5
6068,2015-04-08 23:38:00,9.82,9.83,9.82,9.83,66000,9.8264,4
6069,2015-04-08 23:39:00,9.83,9.84,9.83,9.84,132000,9.8324,12
6070,2015-04-08 23:40:00,9.84,9.84,9.84,9.84,6000,9.84,3
6071,2015-04-08 23:41:00,9.83,9.84,9.83,9.84,106000,9.8309,4
6072,2015-04-08 23:42:00,9.82,9.85,9.82,9.84,268000,9.8354,21
6073,2015-04-08 23:43:00,9.85,9.85,9.84,9.85,50000,9.8432,11
6074,2015-04-08 23:44:00,9.84,9.85,9.84,9.84,150000,9.8404,7
6075,2015-04-08 23:45:00,9.84,9.85,9.84,9.85,24000,9.8417,3
6076,2015-04-08 23:46:00,9.84,9.85,9.83,9.84,128000,9.8405,8
6077,2015-04-08 23:47:00,9.83,9.83,9.83,9.83,2000,9.83,1
6078,2015-04-08 23:48:00,9.83,9.84,9.83,9.83,34000,9.8312,6
6079,2015-04-08 23:49:00,9.83,9.83,9.81,9.81,58000,9.821,5
6080,2015-04-08 23:50:00,9.8,9.83,9.8,9.83,208000,9.8148,23
6081,2015-04-08 23:51:00,9.82,9.83,9.82,9.83,12000,9.8217,2
6082,2015-04-08 23:52:00,9.83,9.83,9.81,9.81,82000,9.82,14
6083,2015-04-08 23:53:00,9.8,9.82,9.8,9.81,118000,9.81,13
6084,2015-04-08 23:54:00,9.81,9.83,9.81,9.83,106000,9.8215,13
6085,2015-04-08 23:55:00,9.83,9.85,9.83,9.85,114000,9.8349,18
6086,2015-04-08 23:56:00,9.85,9.85,9.85,9.85,14000,9.85,6
6087,2015-04-08 23:57:00,9.85,9.85,9.84,9.85,30000,9.8453,11
6088,2015-04-08 23:58:00,9.84,9.85,9.83,9.83,156000,9.8394,13
6089,2015-04-08 23:59:00,9.82,9.82,9.82,9.82,8000,9.82,3
6090,2015-04-09 01:00:00,9.83,9.85,9.81,9.85,992000,9.8309,83
6091,2015-04-09 01:01:00,9.85,9.85,9.83,9.83,202000,9.8399,18
6092,2015-04-09 01:02:00,9.83,9.83,9.83,9.83,36000,9.83,4
6093,2015-04-09 01:03:00,9.83,9.84,9.82,9.82,144000,9.8243,9
6094,2015-04-09 01:04:00,9.82,9.82,9.81,9.81,28000,9.8107,4
6095,2015-04-09 01:05:00,9.81,9.81,9.81,9.81,26000,9.81,4
6096,2015-04-09 01:06:00,9.81,9.81,9.8,9.81,38000,9.8037,8
6097,2015-04-09 01:07:00,9.81,9.82,9.8,9.82,254000,9.8107,14
6098,2015-04-09 01:08:00,9.82,9.82,9.81,9.82,36000,9.8172,8
6099,2015-04-09 01:09:00,9.81,9.82,9.81,9.82,8000,9.815,3
6100,2015-04-09 01:10:00,9.82,9.82,9.81,9.81,88000,9.8105,4
6101,2015-04-09 01:11:00,9.81,9.81,9.8,9.8,28000,9.8021,5
6102,2015-04-09 01:12:00,9.81,9.81,9.81,9.81,10000,9.81,5
6103,2015-04-09 01:13:00,9.81,9.81,9.8,9.81,32000,9.8031,8
6104,2015-04-09 01:14:00,9.81,9.81,9.8,9.81,12000,9.8083,6
6105,2015-04-09 01:15:00,9.81,9.81,9.8,9.81,146000,9.8085,11
6106,2015-04-09 01:16:00,9.81,9.81,9.79,9.79,284000,9.7995,11
6107,2015-04-09 01:17:00,9.79,9.79,9.75,9.76,298000,9.7779,16
6108,2015-04-09 01:18:00,9.76,9.8,9.76,9.8,332000,9.7706,12
6109,2015-04-09 01:19:00,9.8,9.8,9.79,9.79,18000,9.7978,9
6110,2015-04-09 01:20:00,9.79,9.8,9.79,9.8,8000,9.7975,4
6111,2015-04-09 01:21:00,9.8,9.8,9.79,9.8,30000,9.7973,9
6112,2015-04-09 01:22:00,9.8,9.81,9.79,9.81,198000,9.7999,12
6113,2015-04-09 01:23:00,9.81,9.81,9.81,9.81,10000,9.81,5
6114,2015-04-09 01:24:00,9.81,9.81,9.81,9.81,8000,9.81,4
6115,2015-04-09 01:25:00,9.81,9.81,9.81,9.81,12000,9.81,6
6116,2015-04-09 01:26:00,9.81,9.81,9.8,9.81,44000,9.8027,9
6117,2015-04-09 01:27:00,9.81,9.81,9.81,9.81,10000,9.81,5
6118,2015-04-09 01:28:00,9.81,9.81,9.77,9.77,512000,9.797,24
6119,2015-04-09 01:29:00,9.77,9.77,9.76,9.76,70000,9.7617,8
6120,2015-04-09 01:30:00,9.76,9.78,9.75,9.77,190000,9.7661,15
6121,2015-04-09 01:31:00,9.77,9.77,9.77,9.77,12000,9.77,4
6122,2015-04-09 01:32:00,9.77,9.79,9.77,9.78,136000,9.7749,16
6123,2015-04-09 01:33:00,9.79,9.79,9.79,9.79,2000,9.79,1
6124,2015-04-09 01:34:00,9.79,9.79,9.79,9.79,0,9.79,0
6125,2015-04-09 01:35:00,9.79,9.79,9.77,9.78,182000,9.7779,8
6126,2015-04-09 01:36:00,9.78,9.78,9.78,9.78,6000,9.78,3
6127,2015-04-09 01:37:00,9.78,9.78,9.77,9.78,36000,9.7744,8
6128,2015-04-09 01:38:00,9.77,9.78,9.77,9.78,74000,9.7727,8
6129,2015-04-09 01:39:00,9.78,9.78,9.77,9.78,66000,9.7748,9
6130,2015-04-09 01:40:00,9.78,9.78,9.78,9.78,10000,9.78,5
6131,2015-04-09 01:41:00,9.78,9.78,9.77,9.77,58000,9.7714,7
6132,2015-04-09 01:42:00,9.78,9.78,9.76,9.77,140000,9.7691,10
6133,2015-04-09 01:43:00,9.77,9.77,9.77,9.77,6000,9.77,3
6134,2015-04-09 01:44:00,9.77,9.77,9.77,9.77,18000,9.77,8
6135,2015-04-09 01:45:00,9.77,9.77,9.76,9.77,72000,9.7644,10
6136,2015-04-09 01:46:00,9.77,9.77,9.76,9.76,76000,9.7603,5
6137,2015-04-09 01:47:00,9.76,9.77,9.75,9.76,246000,9.7598,16
6138,2015-04-09 01:48:00,9.76,9.76,9.76,9.76,18000,9.76,5
6139,2015-04-09 01:49:00,9.76,9.76,9.76,9.76,16000,9.76,5
6140,2015-04-09 01:50:00,9.76,9.77,9.75,9.76,188000,9.76,13
6141,2015-04-09 01:51:00,9.77,9.77,9.76,9.77,50000,9.7672,10
6142,2015-04-09 01:52:00,9.77,9.77,9.76,9.76,128000,9.7603,4
6143,2015-04-09 01:53:00,9.76,9.76,9.76,9.76,6000,9.76,3
6144,2015-04-09 01:54:00,9.75,9.76,9.75,9.76,52000,9.7535,7
6145,2015-04-09 01:55:00,9.76,9.76,9.75,9.76,10000,9.758,5
6146,2015-04-09 01:56:00,9.76,9.76,9.75,9.75,68000,9.7532,11
6147,2015-04-09 01:57:00,9.76,9.76,9.75,9.76,52000,9.7542,8
6148,2015-04-09 01:58:00,9.76,9.76,9.76,9.76,16000,9.76,7
6149,2015-04-09 01:59:00,9.75,9.79,9.75,9.79,842000,9.7661,36
6150,2015-04-09 02:00:00,9.79,9.79,9.79,9.79,0,9.79,0
6151,2015-04-09 02:01:00,9.79,9.8,9.79,9.8,896000,9.7958,59
6152,2015-04-09 02:02:00,9.81,9.81,9.8,9.81,82000,9.8073,6
6153,2015-04-09 02:03:00,9.8,9.8,9.8,9.8,56000,9.8,3
6154,2015-04-09 02:04:00,9.8,9.8,9.8,9.8,0,9.8,0
6155,2015-04-09 02:05:00,9.81,9.82,9.81,9.81,346000,9.8101,14
6156,2015-04-09 02:06:00,9.82,9.82,9.81,9.82,102000,9.8131,10
6157,2015-04-09 02:07:00,9.81,9.82,9.76,9.76,320000,9.8006,23
6158,2015-04-09 02:08:00,9.77,9.78,9.77,9.77,94000,9.7715,6
6159,2015-04-09 02:09:00,9.78,9.8,9.77,9.79,436000,9.7866,14
6160,2015-04-09 02:10:00,9.8,9.8,9.79,9.79,114000,9.7995,4
6161,2015-04-09 02:11:00,9.81,9.81,9.8,9.8,30000,9.8087,6
6162,2015-04-09 02:12:00,9.81,9.81,9.8,9.8,38000,9.8037,6
6163,2015-04-09 02:13:00,9.81,9.81,9.8,9.81,38000,9.8058,8
6164,2015-04-09 02:14:00,9.81,9.81,9.8,9.8,128000,9.8003,9
6165,2015-04-09 02:15:00,9.8,9.81,9.8,9.81,44000,9.8068,9
6166,2015-04-09 02:16:00,9.8,9.81,9.8,9.81,32000,9.8075,8
6167,2015-04-09 02:17:00,9.81,9.81,9.8,9.81,20000,9.809,6
6168,2015-04-09 02:18:00,9.8,9.81,9.8,9.8,46000,9.8017,8
6169,2015-04-09 02:19:00,9.81,9.81,9.8,9.81,36000,9.8044,8
6170,2015-04-09 02:20:00,9.81,9.81,9.79,9.79,268000,9.7999,16
6171,2015-04-09 02:21:00,9.79,9.79,9.78,9.78,42000,9.7886,4
6172,2015-04-09 02:22:00,9.78,9.78,9.75,9.75,66000,9.7745,11
6173,2015-04-09 02:23:00,9.75,9.76,9.74,9.75,80000,9.7523,12
6174,2015-04-09 02:24:00,9.75,9.77,9.74,9.76,258000,9.7553,14
6175,2015-04-09 02:25:00,9.77,9.77,9.77,9.77,20000,9.77,5
6176,2015-04-09 02:26:00,9.77,9.77,9.76,9.77,72000,9.7689,20
6177,2015-04-09 02:27:00,9.77,9.78,9.77,9.78,38000,9.7726,6
6178,2015-04-09 02:28:00,9.78,9.78,9.77,9.78,60000,9.7797,7
6179,2015-04-09 02:29:00,9.78,9.78,9.77,9.77,40000,9.7735,9
6180,2015-04-09 02:30:00,9.78,9.78,9.78,9.78,14000,9.78,5
6181,2015-04-09 02:31:00,9.78,9.78,9.78,9.78,22000,9.78,5
6182,2015-04-09 02:32:00,9.78,9.78,9.77,9.78,114000,9.7707,6
6183,2015-04-09 02:33:00,9.77,9.78,9.77,9.78,26000,9.7708,3
6184,2015-04-09 02:34:00,9.78,9.78,9.78,9.78,58000,9.78,15
6185,2015-04-09 02:35:00,9.77,9.78,9.77,9.78,40000,9.775,9
6186,2015-04-09 02:36:00,9.78,9.78,9.78,9.78,30000,9.78,5
6187,2015-04-09 02:37:00,9.78,9.78,9.77,9.78,222000,9.7769,19
6188,2015-04-09 02:38:00,9.79,9.8,9.79,9.79,152000,9.7928,12
6189,2015-04-09 02:39:00,9.8,9.8,9.79,9.79,12000,9.7917,2
6190,2015-04-09 02:40:00,9.8,9.8,9.79,9.8,36000,9.7939,7
6191,2015-04-09 02:41:00,9.79,9.8,9.79,9.8,44000,9.7964,12
6192,2015-04-09 02:42:00,9.8,9.81,9.79,9.81,234000,9.8008,19
6193,2015-04-09 02:43:00,9.81,9.81,9.8,9.81,40000,9.8095,11
6194,2015-04-09 02:44:00,9.8,9.81,9.8,9.8,32000,9.8025,6
6195,2015-04-09 02:45:00,9.8,9.81,9.8,9.8,28000,9.8007,4
6196,2015-04-09 02:46:00,9.81,9.81,9.81,9.81,6000,9.81,1
6197,2015-04-09 02:47:00,9.81,9.81,9.8,9.8,26000,9.8015,3
6198,2015-04-09 02:48:00,9.8,9.81,9.8,9.81,78000,9.8044,12
6199,2015-04-09 02:49:00,9.8,9.81,9.8,9.81,80000,9.8065,13
6200,2015-04-09 02:50:00,9.8,9.82,9.8,9.81,228000,9.81,24
6201,2015-04-09 02:51:00,9.82,9.82,9.82,9.82,4000,9.82,2
6202,2015-04-09 02:52:00,9.82,9.82,9.81,9.82,28000,9.8129,5
6203,2015-04-09 02:53:00,9.81,9.82,9.81,9.82,52000,9.8112,6
6204,2015-04-09 02:54:00,9.82,9.82,9.81,9.82,10000,9.818,5
6205,2015-04-09 02:55:00,9.81,9.82,9.81,9.81,64000,9.8113,8
6206,2015-04-09 02:56:00,9.82,9.83,9.82,9.82,342000,9.8201,12
6207,2015-04-09 02:57:00,9.83,9.83,9.83,9.83,6000,9.83,3
6208,2015-04-09 02:58:00,9.83,9.83,9.82,9.83,136000,9.8293,6
6209,2015-04-09 02:59:00,9.83,9.83,9.82,9.83,26000,9.8215,4
6210,2015-04-09 03:00:00,9.82,9.83,9.82,9.83,10000,9.826,4
6211,2015-04-09 03:01:00,9.83,9.83,9.83,9.83,16000,9.83,4
6212,2015-04-09 03:02:00,9.82,9.83,9.82,9.83,52000,9.8215,6
6213,2015-04-09 03:03:00,9.82,9.83,9.82,9.82,32000,9.8225,7
6214,2015-04-09 03:04:00,9.83,9.83,9.82,9.82,26000,9.8238,8
6215,2015-04-09 03:05:00,9.83,9.84,9.82,9.83,428000,9.8291,16
6216,2015-04-09 03:06:00,9.84,9.84,9.83,9.83,36000,9.8317,5
6217,2015-04-09 03:07:00,9.83,9.83,9.83,9.83,14000,9.83,2
6218,2015-04-09 03:08:00,9.83,9.84,9.83,9.84,168000,9.8398,15
6219,2015-04-09 03:09:00,9.84,9.85,9.84,9.85,184000,9.8409,23
6220,2015-04-09 03:10:00,9.85,9.85,9.84,9.84,42000,9.8448,8
6221,2015-04-09 03:11:00,9.84,9.85,9.84,9.84,38000,9.8416,5
6222,2015-04-09 03:12:00,9.85,9.85,9.84,9.85,72000,9.8478,10
6223,2015-04-09 03:13:00,9.85,9.85,9.84,9.85,130000,9.8488,19
6224,2015-04-09 03:14:00,9.85,9.86,9.84,9.86,184000,9.8507,27
6225,2015-04-09 03:15:00,9.86,9.86,9.85,9.86,20000,9.858,7
6226,2015-04-09 03:16:00,9.86,9.88,9.85,9.88,440000,9.8674,19
6227,2015-04-09 03:17:00,9.88,9.88,9.87,9.88,24000,9.8742,5
6228,2015-04-09 03:18:00,9.88,9.88,9.87,9.88,24000,9.8717,3
6229,2015-04-09 03:19:00,9.88,9.88,9.87,9.87,16000,9.8725,3
6230,2015-04-09 03:20:00,9.88,9.88,9.87,9.88,54000,9.8781,9
6231,2015-04-09 03:21:00,9.87,9.88,9.87,9.88,74000,9.8797,11
6232,2015-04-09 03:22:00,9.88,9.9,9.88,9.89,474000,9.892,18
6233,2015-04-09 03:23:00,9.9,9.9,9.9,9.9,10000,9.9,3
6234,2015-04-09 03:24:00,9.9,9.9,9.89,9.9,96000,9.8935,10
6235,2015-04-09 03:25:00,9.9,9.9,9.9,9.9,20000,9.9,8
6236,2015-04-09 03:26:00,9.9,9.9,9.89,9.9,92000,9.8933,13
6237,2015-04-09 03:27:00,9.89,9.9,9.88,9.88,336000,9.8902,16
6238,2015-04-09 03:28:00,9.88,9.88,9.86,9.86,212000,9.8689,7
6239,2015-04-09 03:29:00,9.86,9.86,9.85,9.86,24000,9.8517,3
6240,2015-04-09 03:30:00,9.85,9.86,9.85,9.86,42000,9.8552,8
6241,2015-04-09 03:31:00,9.86,9.88,9.86,9.88,506000,9.8638,23
6242,2015-04-09 03:32:00,9.88,9.88,9.85,9.88,158000,9.8684,8
6243,2015-04-09 03:33:00,9.86,9.87,9.86,9.87,16000,9.8613,3
6244,2015-04-09 03:34:00,9.87,9.88,9.86,9.88,118000,9.8722,13
6245,2015-04-09 03:35:00,9.88,9.9,9.88,9.88,188000,9.8903,19
6246,2015-04-09 03:36:00,9.9,9.9,9.88,9.9,34000,9.8941,4
6247,2015-04-09 03:37:00,9.9,9.9,9.9,9.9,22000,9.9,6
6248,2015-04-09 03:38:00,9.9,9.9,9.89,9.9,62000,9.8968,6
6249,2015-04-09 03:39:00,9.9,9.9,9.89,9.9,80000,9.8975,8
6250,2015-04-09 03:40:00,9.9,9.9,9.88,9.88,356000,9.8909,8
6251,2015-04-09 03:41:00,9.88,9.89,9.88,9.89,64000,9.8806,7
6252,2015-04-09 03:42:00,9.88,9.89,9.87,9.88,162000,9.8753,9
6253,2015-04-09 03:43:00,9.88,9.88,9.87,9.88,100000,9.8772,14
6254,2015-04-09 03:44:00,9.88,9.88,9.87,9.88,480000,9.8753,15
6255,2015-04-09 03:45:00,9.88,9.88,9.87,9.88,28000,9.8714,5
6256,2015-04-09 03:46:00,9.87,9.88,9.87,9.87,172000,9.8705,16
6257,2015-04-09 03:47:00,9.87,9.88,9.87,9.88,54000,9.8707,8
6258,2015-04-09 03:48:00,9.87,9.88,9.87,9.87,74000,9.8711,11
6259,2015-04-09 03:49:00,9.87,9.89,9.85,9.89,560000,9.8751,35
6260,2015-04-09 03:50:00,9.89,9.89,9.88,9.89,22000,9.8855,7
6261,2015-04-09 03:51:00,9.88,9.89,9.88,9.88,238000,9.8879,13
6262,2015-04-09 03:52:00,9.89,9.9,9.88,9.89,406000,9.8907,22
6263,2015-04-09 03:53:00,9.89,9.9,9.88,9.88,298000,9.8895,18
6264,2015-04-09 03:54:00,9.88,9.88,9.87,9.87,78000,9.8751,11
6265,2015-04-09 03:55:00,9.87,9.88,9.87,9.87,256000,9.8763,23
6266,2015-04-09 03:56:00,9.88,9.89,9.87,9.88,388000,9.8785,26
6267,2015-04-09 03:57:00,9.89,9.92,9.88,9.89,498000,9.8996,34
6268,2015-04-09 03:58:00,9.9,9.93,9.89,9.93,524000,9.9174,40
6269,2015-04-09 03:59:00,9.93,9.99,9.92,9.98,1692000,9.9596,98
6270,2015-04-09 21:30:00,10.08,10.08,9.92,9.92,588000,10.0048,42
6271,2015-04-09 21:31:00,9.95,10.08,9.93,10.08,132000,9.9642,17
6272,2015-04-09 21:32:00,10.0,10.06,9.98,10.04,146000,10.0103,24
6273,2015-04-09 21:33:00,10.0,10.0,9.97,10.0,130000,9.99,11
6274,2015-04-09 21:34:00,10.0,10.04,10.0,10.02,184000,10.0115,16
6275,2015-04-09 21:35:00,10.02,10.08,10.02,10.04,144000,10.0475,16
6276,2015-04-09 21:36:00,10.06,10.08,10.04,10.04,64000,10.0669,7
6277,2015-04-09 21:37:00,10.06,10.06,10.04,10.04,106000,10.0528,6
6278,2015-04-09 21:38:00,10.04,10.06,10.02,10.06,98000,10.0302,7
6279,2015-04-09 21:39:00,10.06,10.1,10.06,10.08,240000,10.0728,18
6280,2015-04-09 21:40:00,10.1,10.14,10.08,10.14,294000,10.1148,30
6281,2015-04-09 21:41:00,10.14,10.16,10.12,10.16,328000,10.145,34
6282,2015-04-09 21:42:00,10.16,10.16,10.08,10.08,142000,10.127,17
6283,2015-04-09 21:43:00,10.1,10.12,10.1,10.12,20000,10.108,5
6284,2015-04-09 21:44:00,10.12,10.12,10.12,10.12,20000,10.12,8
6285,2015-04-09 21:45:00,10.12,10.12,10.12,10.12,28000,10.12,4
6286,2015-04-09 21:46:00,10.12,10.12,10.12,10.12,8000,10.12,4
6287,2015-04-09 21:47:00,10.12,10.12,10.1,10.12,104000,10.105,13
6288,2015-04-09 21:48:00,10.1,10.12,10.1,10.12,70000,10.1069,13
6289,2015-04-09 21:49:00,10.12,10.12,10.1,10.12,18000,10.1178,5
6290,2015-04-09 21:50:00,10.1,10.12,10.1,10.12,80000,10.117,11
6291,2015-04-09 21:51:00,10.1,10.1,9.99,10.02,1088000,10.0476,43
6292,2015-04-09 21:52:00,10.04,10.12,10.04,10.1,188000,10.0836,16
6293,2015-04-09 21:53:00,10.1,10.12,10.1,10.12,94000,10.1191,6
6294,2015-04-09 21:54:00,10.12,10.12,10.1,10.12,170000,10.1047,15
6295,2015-04-09 21:55:00,10.12,10.12,10.12,10.12,0,10.12,0
6296,2015-04-09 21:56:00,10.1,10.1,10.08,10.1,16000,10.085,4
6297,2015-04-09 21:57:00,10.1,10.1,10.08,10.08,10000,10.092,4
6298,2015-04-09 21:58:00,10.1,10.1,10.08,10.08,4000,10.09,2
6299,2015-04-09 21:59:00,10.1,10.1,10.1,10.1,20000,10.1,4
6300,2015-04-09 22:00:00,10.1,10.14,10.1,10.1,304000,10.1059,18
6301,2015-04-09 22:01:00,10.1,10.12,10.1,10.1,156000,10.1005,7
6302,2015-04-09 22:02:00,10.08,10.08,10.06,10.06,82000,10.0776,5
6303,2015-04-09 22:03:00,10.06,10.06,10.02,10.02,204000,10.051,11
6304,2015-04-09 22:04:00,10.0,10.04,9.97,10.04,28000,9.9943,5
6305,2015-04-09 22:05:00,9.97,9.99,9.97,9.99,10000,9.982,4
6306,2015-04-09 22:06:00,9.97,9.98,9.96,9.96,36000,9.9683,6
6307,2015-04-09 22:07:00,9.98,10.02,9.97,9.97,344000,9.995,26
6308,2015-04-09 22:08:00,9.97,9.97,9.97,9.97,6000,9.97,1
6309,2015-04-09 22:09:00,10.0,10.0,9.99,9.99,36000,9.9967,7
6310,2015-04-09 22:10:00,9.97,9.99,9.97,9.99,102000,9.9704,3
6311,2015-04-09 22:11:00,9.99,9.99,9.99,9.99,92000,9.99,11
6312,2015-04-09 22:12:00,10.0,10.0,9.99,9.99,34000,9.9976,5
6313,2015-04-09 22:13:00,9.99,9.99,9.93,9.93,94000,9.9783,7
6314,2015-04-09 22:14:00,9.95,9.95,9.93,9.94,124000,9.9447,14
6315,2015-04-09 22:15:00,9.92,9.92,9.92,9.92,18000,9.92,5
6316,2015-04-09 22:16:00,9.91,9.91,9.91,9.91,20000,9.91,5
6317,2015-04-09 22:17:00,9.91,9.91,9.9,9.9,36000,9.9072,7
6318,2015-04-09 22:18:00,9.9,9.9,9.9,9.9,16000,9.9,2
6319,2015-04-09 22:19:00,9.91,9.91,9.88,9.88,76000,9.8974,8
6320,2015-04-09 22:20:00,9.88,9.91,9.88,9.91,122000,9.8977,14
6321,2015-04-09 22:21:00,9.91,9.98,9.91,9.98,176000,9.9449,20
6322,2015-04-09 22:22:00,9.98,9.98,9.98,9.98,0,9.98,0
6323,2015-04-09 22:23:00,9.94,9.94,9.9,9.9,72000,9.9253,8
6324,2015-04-09 22:24:00,9.9,9.9,9.89,9.89,10000,9.892,3
6325,2015-04-09 22:25:00,9.89,9.89,9.88,9.89,28000,9.8864,6
6326,2015-04-09 22:26:00,9.88,9.93,9.87,9.93,318000,9.8842,21
6327,2015-04-09 22:27:00,9.91,9.91,9.89,9.89,62000,9.9019,3
6328,2015-04-09 22:28:00,9.88,9.88,9.87,9.87,14000,9.8729,2
6329,2015-04-09 22:29:00,9.89,9.89,9.86,9.89,24000,9.8708,6
6330,2015-04-09 22:30:00,9.89,9.89,9.89,9.89,0,9.89,0
6331,2015-04-09 22:31:00,9.87,9.88,9.87,9.88,26000,9.8762,4
6332,2015-04-09 22:32:00,9.87,9.88,9.87,9.87,28000,9.8743,5
6333,2015-04-09 22:33:00,9.88,9.88,9.87,9.87,108000,9.8713,4
6334,2015-04-09 22:34:00,9.87,9.87,9.87,9.87,0,9.87,0
6335,2015-04-09 22:35:00,9.86,9.86,9.86,9.86,2000,9.86,1
6336,2015-04-09 22:36:00,9.87,9.87,9.86,9.86,8000,9.8675,3
6337,2015-04-09 22:37:00,9.86,9.87,9.86,9.86,12000,9.8667,4
6338,2015-04-09 22:38:00,9.87,9.94,9.87,9.91,418000,9.8922,20
6339,2015-04-09 22:39:00,9.9,9.9,9.89,9.89,24000,9.8958,2
6340,2015-04-09 22:40:00,9.89,9.89,9.88,9.88,56000,9.8843,2
6341,2015-04-09 22:41:00,9.88,9.9,9.88,9.9,130000,9.8855,13
6342,2015-04-09 22:42:00,9.9,9.93,9.9,9.93,88000,9.9102,16
6343,2015-04-09 22:43:00,9.92,9.92,9.92,9.92,18000,9.92,1
6344,2015-04-09 22:44:00,9.92,9.95,9.92,9.94,228000,9.9361,18
6345,2015-04-09 22:45:00,9.94,9.94,9.94,9.94,8000,9.94,2
6346,2015-04-09 22:46:00,9.94,9.94,9.94,9.94,0,9.94,0
6347,2015-04-09 22:47:00,9.94,9.94,9.9,9.9,104000,9.9308,8
6348,2015-04-09 22:48:00,9.91,9.91,9.9,9.9,48000,9.9037,5
6349,2015-04-09 22:49:00,9.9,9.9,9.9,9.9,4000,9.9,1
6350,2015-04-09 22:50:00,9.89,9.89,9.89,9.89,22000,9.89,5
6351,2015-04-09 22:51:00,9.89,9.9,9.89,9.9,20000,9.899,2
6352,2015-04-09 22:52:00,9.9,9.92,9.9,9.92,330000,9.905,10
6353,2015-04-09 22:53:00,9.92,9.92,9.92,9.92,0,9.92,0
6354,2015-04-09 22:54:00,9.92,9.93,9.92,9.93,50000,9.928,6
6355,2015-04-09 22:55:00,9.94,9.94,9.91,9.91,144000,9.9264,4
6356,2015-04-09 22:56:00,9.91,9.91,9.91,9.91,0,9.91,0
6357,2015-04-09 22:57:00,9.91,9.91,9.91,9.91,4000,9.91,1
6358,2015-04-09 22:58:00,9.91,9.91,9.91,9.91,0,9.91,0
6359,2015-04-09 22:59:00,9.91,9.91,9.91,9.91,4000,9.91,2
6360,2015-04-09 23:00:00,9.92,9.95,9.92,9.95,664000,9.9355,19
6361,2015-04-09 23:01:00,9.95,9.95,9.95,9.95,2000,9.95,1
6362,2015-04-09 23:02:00,9.95,9.95,9.94,9.95,76000,9.9497,3
6363,2015-04-09 23:03:00,9.96,9.98,9.96,9.97,310000,9.9652,16
6364,2015-04-09 23:04:00,9.97,9.97,9.96,9.96,72000,9.9611,4
6365,2015-04-09 23:05:00,9.95,9.95,9.94,9.94,32000,9.9494,3
6366,2015-04-09 23:06:00,9.94,9.94,9.94,9.94,0,9.94,0
6367,2015-04-09 23:07:00,9.96,9.96,9.96,9.96,2000,9.96,1
6368,2015-04-09 23:08:00,9.96,9.96,9.96,9.96,10000,9.96,1
6369,2015-04-09 23:09:00,9.96,9.96,9.95,9.95,20000,9.959,2
6370,2015-04-09 23:10:00,9.96,9.96,9.96,9.96,2000,9.96,1
6371,2015-04-09 23:11:00,9.96,9.96,9.95,9.95,4000,9.955,2
6372,2015-04-09 23:12:00,9.95,9.95,9.95,9.95,2000,9.95,1
6373,2015-04-09 23:13:00,9.95,9.96,9.95,9.96,8000,9.9575,4
6374,2015-04-09 23:14:00,9.96,9.96,9.96,9.96,6000,9.96,3
6375,2015-04-09 23:15:00,9.96,9.99,9.96,9.99,564000,9.9648,22
6376,2015-04-09 23:16:00,9.99,9.99,9.99,9.99,40000,9.99,2
6377,2015-04-09 23:17:00,9.99,10.0,9.99,9.99,158000,9.9915,11
6378,2015-04-09 23:18:00,10.0,10.0,10.0,10.0,174000,10.0,3
6379,2015-04-09 23:19:00,10.02,10.02,10.02,10.02,2000,10.02,1
6380,2015-04-09 23:20:00,10.0,10.0,9.99,9.99,280000,9.9981,3
6381,2015-04-09 23:21:00,9.99,9.99,9.96,9.97,406000,9.9692,8
6382,2015-04-09 23:22:00,9.97,9.97,9.97,9.97,0,9.97,0
6383,2015-04-09 23:23:00,9.96,9.97,9.96,9.97,38000,9.9605,4
6384,2015-04-09 23:24:00,9.95,9.96,9.95,9.96,20000,9.959,5
6385,2015-04-09 23:25:00,9.96,9.96,9.96,9.96,0,9.96,0
6386,2015-04-09 23:26:00,9.96,9.96,9.96,9.96,18000,9.96,2
6387,2015-04-09 23:27:00,9.96,9.96,9.96,9.96,0,9.96,0
6388,2015-04-09 23:28:00,9.96,9.96,9.96,9.96,0,9.96,0
6389,2015-04-09 23:29:00,9.95,9.96,9.95,9.95,8000,9.955,4
6390,2015-04-09 23:30:00,9.96,9.96,9.96,9.96,24000,9.96,3
6391,2015-04-09 23:31:00,9.96,9.96,9.92,9.92,326000,9.9427,14
6392,2015-04-09 23:32:00,9.91,9.92,9.91,9.91,20000,9.912,5
6393,2015-04-09 23:33:00,9.91,9.91,9.91,9.91,6000,9.91,1
6394,2015-04-09 23:34:00,9.91,9.91,9.91,9.91,18000,9.91,5
6395,2015-04-09 23:35:00,9.91,9.91,9.91,9.91,4000,9.91,1
6396,2015-04-09 23:36:00,9.91,9.92,9.91,9.91,30000,9.9113,6
6397,2015-04-09 23:37:00,9.91,9.91,9.91,9.91,10000,9.91,3
6398,2015-04-09 23:38:00,9.91,9.92,9.91,9.92,26000,9.9108,6
6399,2015-04-09 23:39:00,9.91,9.92,9.91,9.92,48000,9.9146,11
6400,2015-04-09 23:40:00,9.91,9.92,9.91,9.92,30000,9.9127,9
6401,2015-04-09 23:41:00,9.91,9.92,9.91,9.91,26000,9.9115,7
6402,2015-04-09 23:42:00,9.91,9.92,9.91,9.92,26000,9.9131,9
6403,2015-04-09 23:43:00,9.91,9.92,9.86,9.86,790000,9.875,23
6404,2015-04-09 23:44:00,9.86,9.86,9.85,9.86,186000,9.8598,9
6405,2015-04-09 23:45:00,9.86,9.91,9.86,9.9,608000,9.8686,15
6406,2015-04-09 23:46:00,9.91,9.91,9.91,9.91,32000,9.91,7
6407,2015-04-09 23:47:00,9.9,9.91,9.9,9.9,84000,9.9043,6
6408,2015-04-09 23:48:00,9.91,9.91,9.89,9.89,42000,9.9005,5
6409,2015-04-09 23:49:00,9.89,9.89,9.87,9.87,70000,9.8811,10
6410,2015-04-09 23:50:00,9.88,9.9,9.88,9.89,18000,9.8844,4
6411,2015-04-09 23:51:00,9.89,9.9,9.89,9.9,28000,9.8921,9
6412,2015-04-09 23:52:00,9.9,9.9,9.87,9.87,72000,9.8794,13
6413,2015-04-09 23:53:00,9.87,9.87,9.87,9.87,10000,9.87,3
6414,2015-04-09 23:54:00,9.88,9.88,9.87,9.88,18000,9.8778,8
6415,2015-04-09 23:55:00,9.88,9.88,9.87,9.87,28000,9.8743,8
6416,2015-04-09 23:56:00,9.88,9.88,9.87,9.88,10000,9.878,5
6417,2015-04-09 23:57:00,9.88,9.88,9.85,9.85,160000,9.8723,16
6418,2015-04-09 23:58:00,9.85,9.85,9.84,9.84,26000,9.8492,3
6419,2015-04-09 23:59:00,9.85,9.85,9.84,9.84,20000,9.849,8
6420,2015-04-10 01:00:00,9.84,9.85,9.82,9.82,180000,9.8359,24
6421,2015-04-10 01:01:00,9.82,9.82,9.81,9.81,42000,9.8171,7
6422,2015-04-10 01:02:00,9.81,9.81,9.81,9.81,22000,9.81,4
6423,2015-04-10 01:03:00,9.81,9.82,9.81,9.81,16000,9.8113,4
6424,2015-04-10 01:04:00,9.82,9.82,9.81,9.81,208000,9.8195,10
6425,2015-04-10 01:05:00,9.82,9.82,9.82,9.82,8000,9.82,4
6426,2015-04-10 01:06:00,9.81,9.81,9.77,9.78,630000,9.7949,22
6427,2015-04-10 01:07:00,9.79,9.79,9.77,9.77,72000,9.7886,5
6428,2015-04-10 01:08:00,9.78,9.78,9.78,9.78,284000,9.78,9
6429,2015-04-10 01:09:00,9.79,9.81,9.79,9.81,54000,9.7937,6
6430,2015-04-10 01:10:00,9.81,9.81,9.81,9.81,30000,9.81,6
6431,2015-04-10 01:11:00,9.81,9.81,9.81,9.81,20000,9.81,6
6432,2015-04-10 01:12:00,9.81,9.81,9.8,9.8,42000,9.8057,5
6433,2015-04-10 01:13:00,9.81,9.81,9.79,9.79,148000,9.7989,8
6434,2015-04-10 01:14:00,9.79,9.79,9.79,9.79,14000,9.79,3
6435,2015-04-10 01:15:00,9.79,9.79,9.78,9.78,24000,9.7858,4
6436,2015-04-10 01:16:00,9.78,9.79,9.78,9.79,14000,9.7814,3
6437,2015-04-10 01:17:00,9.78,9.78,9.77,9.77,134000,9.7731,5
6438,2015-04-10 01:18:00,9.78,9.78,9.78,9.78,8000,9.78,3
6439,2015-04-10 01:19:00,9.78,9.82,9.77,9.82,488000,9.7893,15
6440,2015-04-10 01:20:00,9.83,9.84,9.82,9.82,148000,9.8291,7
6441,2015-04-10 01:21:00,9.82,9.82,9.82,9.82,0,9.82,0
6442,2015-04-10 01:22:00,9.82,9.82,9.82,9.82,4000,9.82,2
6443,2015-04-10 01:23:00,9.82,9.82,9.81,9.82,14000,9.8186,6
6444,2015-04-10 01:24:00,9.82,9.82,9.81,9.82,16000,9.8125,3
6445,2015-04-10 01:25:00,9.82,9.82,9.82,9.82,34000,9.82,3
6446,2015-04-10 01:26:00,9.82,9.82,9.82,9.82,34000,9.82,5
6447,2015-04-10 01:27:00,9.82,9.82,9.81,9.82,20000,9.813,4
6448,2015-04-10 01:28:00,9.81,9.81,9.76,9.8,204000,9.7969,9
6449,2015-04-10 01:29:00,9.79,9.8,9.78,9.78,48000,9.7854,8
6450,2015-04-10 01:30:00,9.77,9.77,9.77,9.77,4000,9.77,1
6451,2015-04-10 01:31:00,9.79,9.79,9.79,9.79,8000,9.79,3
6452,2015-04-10 01:32:00,9.79,9.79,9.79,9.79,6000,9.79,3
6453,2015-04-10 01:33:00,9.79,9.79,9.79,9.79,6000,9.79,3
6454,2015-04-10 01:34:00,9.79,9.79,9.78,9.78,8000,9.7875,4
6455,2015-04-10 01:35:00,9.79,9.79,9.79,9.79,12000,9.79,4
6456,2015-04-10 01:36:00,9.79,9.79,9.78,9.79,18000,9.7867,5
6457,2015-04-10 01:37:00,9.79,9.79,9.79,9.79,18000,9.79,5
6458,2015-04-10 01:38:00,9.78,9.79,9.78,9.79,44000,9.7868,8
6459,2015-04-10 01:39:00,9.79,9.79,9.78,9.78,22000,9.7845,7
6460,2015-04-10 01:40:00,9.79,9.79,9.78,9.78,24000,9.785,7
6461,2015-04-10 01:41:00,9.78,9.79,9.78,9.78,28000,9.7843,5
6462,2015-04-10 01:42:00,9.78,9.79,9.78,9.79,24000,9.785,7
6463,2015-04-10 01:43:00,9.79,9.79,9.79,9.79,22000,9.79,10
6464,2015-04-10 01:44:00,9.79,9.79,9.79,9.79,40000,9.79,4
6465,2015-04-10 01:45:00,9.79,9.79,9.79,9.79,10000,9.79,3
6466,2015-04-10 01:46:00,9.79,9.85,9.79,9.85,392000,9.796,15
6467,2015-04-10 01:47:00,9.86,9.89,9.86,9.89,146000,9.8726,15
6468,2015-04-10 01:48:00,9.9,9.9,9.85,9.85,46000,9.86,4
6469,2015-04-10 01:49:00,9.85,9.85,9.84,9.84,32000,9.8488,4
6470,2015-04-10 01:50:00,9.84,9.84,9.83,9.83,16000,9.835,3
6471,2015-04-10 01:51:00,9.83,9.83,9.82,9.82,22000,9.8273,5
6472,2015-04-10 01:52:00,9.82,9.82,9.82,9.82,20000,9.82,6
6473,2015-04-10 01:53:00,9.83,9.83,9.82,9.82,22000,9.8291,5
6474,2015-04-10 01:54:00,9.82,9.82,9.82,9.82,0,9.82,0
6475,2015-04-10 01:55:00,9.82,9.82,9.82,9.82,0,9.82,0
6476,2015-04-10 01:56:00,9.82,9.82,9.82,9.82,0,9.82,0
6477,2015-04-10 01:57:00,9.83,9.83,9.83,9.83,6000,9.83,2
6478,2015-04-10 01:58:00,9.83,9.83,9.83,9.83,2000,9.83,1
6479,2015-04-10 01:59:00,9.83,9.83,9.83,9.83,10000,9.83,3
6480,2015-04-10 02:00:00,9.82,9.83,9.82,9.82,56000,9.8254,3
6481,2015-04-10 02:01:00,9.82,9.82,9.82,9.82,16000,9.82,3
6482,2015-04-10 02:02:00,9.82,9.83,9.82,9.83,32000,9.8281,8
6483,2015-04-10 02:03:00,9.82,9.82,9.78,9.8,314000,9.809,16
6484,2015-04-10 02:04:00,9.8,9.8,9.77,9.77,72000,9.7825,7
6485,2015-04-10 02:05:00,9.78,9.78,9.76,9.77,194000,9.7782,11
6486,2015-04-10 02:06:00,9.78,9.78,9.78,9.78,34000,9.78,5
6487,2015-04-10 02:07:00,9.78,9.78,9.78,9.78,6000,9.78,1
6488,2015-04-10 02:08:00,9.78,9.78,9.78,9.78,86000,9.78,1
6489,2015-04-10 02:09:00,9.78,9.79,9.78,9.79,352000,9.7814,11
6490,2015-04-10 02:10:00,9.79,9.79,9.79,9.79,6000,9.79,1
6491,2015-04-10 02:11:00,9.79,9.81,9.79,9.81,200000,9.7958,25
6492,2015-04-10 02:12:00,9.81,9.83,9.81,9.83,104000,9.8173,16
6493,2015-04-10 02:13:00,9.83,9.83,9.83,9.83,30000,9.83,6
6494,2015-04-10 02:14:00,9.83,9.83,9.82,9.83,38000,9.8295,8
6495,2015-04-10 02:15:00,9.83,9.83,9.8,9.8,206000,9.817,16
6496,2015-04-10 02:16:00,9.8,9.8,9.79,9.79,34000,9.7929,2
6497,2015-04-10 02:17:00,9.79,9.79,9.79,9.79,14000,9.79,3
6498,2015-04-10 02:18:00,9.79,9.8,9.79,9.8,16000,9.7975,6
6499,2015-04-10 02:19:00,9.8,9.8,9.8,9.8,8000,9.8,2
6500,2015-04-10 02:20:00,9.8,9.8,9.8,9.8,10000,9.8,1
6501,2015-04-10 02:21:00,9.79,9.79,9.79,9.79,8000,9.79,1
6502,2015-04-10 02:22:00,9.8,9.8,9.8,9.8,2000,9.8,1
6503,2015-04-10 02:23:00,9.8,9.8,9.8,9.8,28000,9.8,3
6504,2015-04-10 02:24:00,9.8,9.8,9.8,9.8,60000,9.8,10
6505,2015-04-10 02:25:00,9.79,9.8,9.79,9.79,124000,9.7958,10
6506,2015-04-10 02:26:00,9.8,9.8,9.79,9.79,22000,9.7991,4
6507,2015-04-10 02:27:00,9.79,9.8,9.79,9.8,18000,9.7967,3
6508,2015-04-10 02:28:00,9.8,9.8,9.8,9.8,0,9.8,0
6509,2015-04-10 02:29:00,9.8,9.8,9.79,9.79,8000,9.7925,2
6510,2015-04-10 02:30:00,9.8,9.8,9.8,9.8,30000,9.8,4
6511,2015-04-10 02:31:00,9.79,9.8,9.79,9.79,16000,9.7925,4
6512,2015-04-10 02:32:00,9.8,9.8,9.79,9.8,30000,9.798,5
6513,2015-04-10 02:33:00,9.8,9.8,9.79,9.8,304000,9.7999,14
6514,2015-04-10 02:34:00,9.8,9.8,9.8,9.8,150000,9.8,3
6515,2015-04-10 02:35:00,9.81,9.81,9.8,9.8,6000,9.8067,2
6516,2015-04-10 02:36:00,9.81,9.81,9.8,9.8,298000,9.8002,10
6517,2015-04-10 02:37:00,9.8,9.8,9.76,9.76,404000,9.7821,11
6518,2015-04-10 02:38:00,9.76,9.77,9.76,9.76,36000,9.7678,4
6519,2015-04-10 02:39:00,9.77,9.8,9.77,9.8,748000,9.7759,11
6520,2015-04-10 02:40:00,9.81,9.81,9.81,9.81,6000,9.81,2
6521,2015-04-10 02:41:00,9.81,9.81,9.81,9.81,0,9.81,0
6522,2015-04-10 02:42:00,9.81,9.81,9.81,9.81,0,9.81,0
6523,2015-04-10 02:43:00,9.81,9.81,9.81,9.81,0,9.81,0
6524,2015-04-10 02:44:00,9.81,9.81,9.81,9.81,46000,9.81,2
6525,2015-04-10 02:45:00,9.81,9.81,9.81,9.81,36000,9.81,5
6526,2015-04-10 02:46:00,9.81,9.81,9.81,9.81,12000,9.81,3
6527,2015-04-10 02:47:00,9.81,9.81,9.81,9.81,20000,9.81,5
6528,2015-04-10 02:48:00,9.81,9.81,9.81,9.81,26000,9.81,4
6529,2015-04-10 02:49:00,9.81,9.82,9.81,9.82,240000,9.8105,15
6530,2015-04-10 02:50:00,9.82,9.82,9.82,9.82,20000,9.82,3
6531,2015-04-10 02:51:00,9.82,9.82,9.81,9.81,54000,9.8181,5
6532,2015-04-10 02:52:00,9.82,9.83,9.82,9.83,260000,9.8212,19
6533,2015-04-10 02:53:00,9.84,9.84,9.84,9.84,18000,9.84,3
6534,2015-04-10 02:54:00,9.84,9.84,9.84,9.84,14000,9.84,5
6535,2015-04-10 02:55:00,9.84,9.84,9.83,9.83,4000,9.835,2
6536,2015-04-10 02:56:00,9.84,9.84,9.82,9.82,242000,9.8301,12
6537,2015-04-10 02:57:00,9.82,9.83,9.82,9.82,22000,9.8264,5
6538,2015-04-10 02:58:00,9.83,9.83,9.82,9.82,6000,9.8267,2
6539,2015-04-10 02:59:00,9.83,9.83,9.82,9.83,92000,9.8298,11
6540,2015-04-10 03:00:00,9.83,9.84,9.83,9.84,344000,9.8344,22
6541,2015-04-10 03:01:00,9.84,9.84,9.84,9.84,34000,9.84,9
6542,2015-04-10 03:02:00,9.84,9.84,9.84,9.84,76000,9.84,7
6543,2015-04-10 03:03:00,9.84,9.84,9.84,9.84,56000,9.84,7
6544,2015-04-10 03:04:00,9.84,9.84,9.84,9.84,30000,9.84,10
6545,2015-04-10 03:05:00,9.84,9.84,9.84,9.84,30000,9.84,7
6546,2015-04-10 03:06:00,9.84,9.84,9.84,9.84,24000,9.84,7
6547,2015-04-10 03:07:00,9.84,9.85,9.84,9.85,230000,9.8408,22
6548,2015-04-10 03:08:00,9.85,9.85,9.85,9.85,8000,9.85,3
6549,2015-04-10 03:09:00,9.85,9.85,9.85,9.85,22000,9.85,9
6550,2015-04-10 03:10:00,9.85,9.85,9.85,9.85,62000,9.85,12
6551,2015-04-10 03:11:00,9.85,9.85,9.85,9.85,36000,9.85,7
6552,2015-04-10 03:12:00,9.85,9.85,9.83,9.84,214000,9.8403,8
6553,2015-04-10 03:13:00,9.84,9.84,9.83,9.83,68000,9.8303,5
6554,2015-04-10 03:14:00,9.84,9.84,9.83,9.83,52000,9.835,10
6555,2015-04-10 03:15:00,9.83,9.84,9.83,9.84,20000,9.834,8
6556,2015-04-10 03:16:00,9.83,9.84,9.83,9.84,26000,9.8315,7
6557,2015-04-10 03:17:00,9.84,9.84,9.83,9.83,26000,9.8323,7
6558,2015-04-10 03:18:00,9.84,9.84,9.83,9.84,14000,9.8371,6
6559,2015-04-10 03:19:00,9.84,9.84,9.83,9.84,10000,9.838,5
6560,2015-04-10 03:20:00,9.84,9.84,9.84,9.84,14000,9.84,4
6561,2015-04-10 03:21:00,9.84,9.84,9.82,9.82,358000,9.829,13
6562,2015-04-10 03:22:00,9.82,9.82,9.82,9.82,28000,9.82,5
6563,2015-04-10 03:23:00,9.82,9.82,9.82,9.82,52000,9.82,6
6564,2015-04-10 03:24:00,9.82,9.83,9.82,9.83,26000,9.8231,8
6565,2015-04-10 03:25:00,9.82,9.83,9.82,9.83,22000,9.8236,7
6566,2015-04-10 03:26:00,9.82,9.83,9.82,9.83,28000,9.8236,7
6567,2015-04-10 03:27:00,9.83,9.83,9.82,9.83,24000,9.8225,7
6568,2015-04-10 03:28:00,9.83,9.83,9.82,9.82,20000,9.822,7
6569,2015-04-10 03:29:00,9.82,9.83,9.82,9.82,34000,9.8229,11
6570,2015-04-10 03:30:00,9.82,9.83,9.82,9.82,34000,9.8218,10
6571,2015-04-10 03:31:00,9.82,9.83,9.82,9.82,20000,9.822,6
6572,2015-04-10 03:32:00,9.83,9.83,9.82,9.82,82000,9.8205,7
6573,2015-04-10 03:33:00,9.82,9.82,9.82,9.82,22000,9.82,6
6574,2015-04-10 03:34:00,9.83,9.83,9.82,9.82,74000,9.8249,14
6575,2015-04-10 03:35:00,9.83,9.83,9.82,9.83,40000,9.826,7
6576,2015-04-10 03:36:00,9.82,9.83,9.82,9.82,60000,9.8243,12
6577,2015-04-10 03:37:00,9.83,9.83,9.82,9.83,46000,9.8252,14
6578,2015-04-10 03:38:00,9.82,9.83,9.82,9.83,52000,9.8231,14
6579,2015-04-10 03:39:00,9.82,9.83,9.82,9.82,36000,9.8244,10
6580,2015-04-10 03:40:00,9.83,9.83,9.82,9.83,94000,9.8223,21
6581,2015-04-10 03:41:00,9.82,9.83,9.82,9.82,110000,9.8224,18
6582,2015-04-10 03:42:00,9.83,9.83,9.82,9.82,74000,9.823,11
6583,2015-04-10 03:43:00,9.82,9.83,9.82,9.83,86000,9.8226,12
6584,2015-04-10 03:44:00,9.82,9.83,9.82,9.83,82000,9.8205,13
6585,2015-04-10 03:45:00,9.83,9.83,9.82,9.82,50000,9.8212,7
6586,2015-04-10 03:46:00,9.82,9.83,9.82,9.82,58000,9.8238,15
6587,2015-04-10 03:47:00,9.82,9.83,9.82,9.83,84000,9.821,13
6588,2015-04-10 03:48:00,9.83,9.83,9.82,9.83,146000,9.8223,21
6589,2015-04-10 03:49:00,9.82,9.83,9.82,9.83,66000,9.8258,18
6590,2015-04-10 03:50:00,9.83,9.83,9.82,9.83,90000,9.8262,16
6591,2015-04-10 03:51:00,9.83,9.83,9.82,9.82,118000,9.821,7
6592,2015-04-10 03:52:00,9.82,9.83,9.82,9.82,104000,9.829,23
6593,2015-04-10 03:53:00,9.82,9.83,9.82,9.83,412000,9.8211,20
6594,2015-04-10 03:54:00,9.83,9.83,9.82,9.83,136000,9.8238,25
6595,2015-04-10 03:55:00,9.83,9.83,9.82,9.82,194000,9.8267,31
6596,2015-04-10 03:56:00,9.83,9.83,9.82,9.83,204000,9.8282,36
6597,2015-04-10 03:57:00,9.83,9.83,9.82,9.83,334000,9.8268,49
6598,2015-04-10 03:58:00,9.83,9.83,9.82,9.83,280000,9.8236,38
6599,2015-04-10 03:59:00,9.83,9.83,9.81,9.83,2116000,9.8242,119
6600,2015-04-12 21:30:00,9.98,10.0,9.97,9.99,238000,9.9918,18
6601,2015-04-12 21:31:00,9.99,9.99,9.94,9.97,216000,9.9637,13
6602,2015-04-12 21:32:00,9.94,9.95,9.91,9.91,252000,9.9326,11
6603,2015-04-12 21:33:00,9.91,9.92,9.91,9.92,12000,9.9167,2
6604,2015-04-12 21:34:00,9.94,9.95,9.93,9.95,184000,9.9412,9
6605,2015-04-12 21:35:00,9.95,9.95,9.95,9.95,12000,9.95,4
6606,2015-04-12 21:36:00,9.95,9.95,9.95,9.95,18000,9.95,5
6607,2015-04-12 21:37:00,9.95,9.96,9.95,9.95,212000,9.9514,10
6608,2015-04-12 21:38:00,9.96,9.98,9.96,9.98,182000,9.9624,7
6609,2015-04-12 21:39:00,9.98,9.98,9.98,9.98,72000,9.98,7
6610,2015-04-12 21:40:00,9.98,9.98,9.95,9.95,94000,9.9579,4
6611,2015-04-12 21:41:00,9.98,9.98,9.95,9.95,18000,9.9733,4
6612,2015-04-12 21:42:00,9.98,9.98,9.92,9.95,172000,9.9362,12
6613,2015-04-12 21:43:00,9.9,9.91,9.84,9.84,146000,9.8848,7
6614,2015-04-12 21:44:00,9.83,9.84,9.81,9.84,1158000,9.8165,18
6615,2015-04-12 21:45:00,9.84,9.85,9.84,9.85,76000,9.8416,5
6616,2015-04-12 21:46:00,9.85,9.86,9.85,9.86,92000,9.852,5
6617,2015-04-12 21:47:00,9.86,9.87,9.86,9.87,92000,9.8624,12
6618,2015-04-12 21:48:00,9.87,9.87,9.87,9.87,16000,9.87,6
6619,2015-04-12 21:49:00,9.87,9.88,9.87,9.88,100000,9.8718,8
6620,2015-04-12 21:50:00,9.88,9.88,9.85,9.85,240000,9.8604,7
6621,2015-04-12 21:51:00,9.85,9.85,9.85,9.85,8000,9.85,1
6622,2015-04-12 21:52:00,9.85,9.85,9.85,9.85,36000,9.85,5
6623,2015-04-12 21:53:00,9.84,9.84,9.82,9.82,142000,9.8321,8
6624,2015-04-12 21:54:00,9.82,9.82,9.81,9.81,8000,9.8125,2
6625,2015-04-12 21:55:00,9.82,9.83,9.81,9.83,392000,9.82,14
6626,2015-04-12 21:56:00,9.83,9.83,9.83,9.83,112000,9.83,8
6627,2015-04-12 21:57:00,9.83,9.83,9.82,9.82,40000,9.8265,8
6628,2015-04-12 21:58:00,9.82,9.82,9.77,9.78,490000,9.8023,11
6629,2015-04-12 21:59:00,9.76,9.76,9.7,9.72,426000,9.7236,13
6630,2015-04-12 22:00:00,9.7,9.71,9.69,9.69,66000,9.6988,5
6631,2015-04-12 22:01:00,9.69,9.7,9.69,9.7,100000,9.6994,6
6632,2015-04-12 22:02:00,9.7,9.71,9.69,9.71,280000,9.7017,9
6633,2015-04-12 22:03:00,9.71,9.71,9.7,9.71,66000,9.7085,5
6634,2015-04-12 22:04:00,9.71,9.71,9.71,9.71,80000,9.71,3
6635,2015-04-12 22:05:00,9.71,9.72,9.71,9.71,174000,9.7103,10
6636,2015-04-12 22:06:00,9.71,9.71,9.68,9.69,186000,9.6954,14
6637,2015-04-12 22:07:00,9.68,9.69,9.66,9.67,292000,9.6775,22
6638,2015-04-12 22:08:00,9.67,9.67,9.63,9.64,450000,9.6459,40
6639,2015-04-12 22:09:00,9.64,9.64,9.63,9.63,60000,9.6353,9
6640,2015-04-12 22:10:00,9.64,9.64,9.63,9.64,16000,9.635,6
6641,2015-04-12 22:11:00,9.64,9.64,9.64,9.64,108000,9.64,6
6642,2015-04-12 22:12:00,9.64,9.65,9.64,9.65,276000,9.6491,17
6643,2015-04-12 22:13:00,9.65,9.65,9.65,9.65,36000,9.65,3
6644,2015-04-12 22:14:00,9.65,9.65,9.65,9.65,14000,9.65,4
6645,2015-04-12 22:15:00,9.65,9.65,9.64,9.64,44000,9.6477,11
6646,2015-04-12 22:16:00,9.65,9.65,9.63,9.63,266000,9.6377,15
6647,2015-04-12 22:17:00,9.63,9.64,9.63,9.63,16000,9.6313,5
6648,2015-04-12 22:18:00,9.64,9.65,9.64,9.65,384000,9.6432,8
6649,2015-04-12 22:19:00,9.65,9.65,9.64,9.64,76000,9.6461,9
6650,2015-04-12 22:20:00,9.65,9.65,9.65,9.65,24000,9.65,5
6651,2015-04-12 22:21:00,9.65,9.66,9.65,9.66,266000,9.6511,9
6652,2015-04-12 22:22:00,9.67,9.68,9.67,9.67,292000,9.6716,12
6653,2015-04-12 22:23:00,9.67,9.68,9.67,9.68,52000,9.6704,5
6654,2015-04-12 22:24:00,9.68,9.68,9.67,9.67,48000,9.6704,3
6655,2015-04-12 22:25:00,9.67,9.67,9.67,9.67,2000,9.67,1
6656,2015-04-12 22:26:00,9.68,9.68,9.67,9.67,98000,9.6773,8
6657,2015-04-12 22:27:00,9.68,9.68,9.68,9.68,28000,9.68,8
6658,2015-04-12 22:28:00,9.68,9.7,9.67,9.7,216000,9.6841,11
6659,2015-04-12 22:29:00,9.7,9.71,9.68,9.71,184000,9.6972,6
6660,2015-04-12 22:30:00,9.71,9.71,9.69,9.69,14000,9.7014,4
6661,2015-04-12 22:31:00,9.68,9.68,9.68,9.68,52000,9.68,3
6662,2015-04-12 22:32:00,9.68,9.68,9.66,9.66,112000,9.6675,5
6663,2015-04-12 22:33:00,9.65,9.66,9.65,9.66,16000,9.6513,2
6664,2015-04-12 22:34:00,9.66,9.66,9.66,9.66,8000,9.66,3
6665,2015-04-12 22:35:00,9.65,9.66,9.64,9.64,244000,9.6493,15
6666,2015-04-12 22:36:00,9.64,9.64,9.64,9.64,40000,9.64,7
6667,2015-04-12 22:37:00,9.65,9.65,9.64,9.65,26000,9.6492,6
6668,2015-04-12 22:38:00,9.64,9.64,9.62,9.62,396000,9.6322,26
6669,2015-04-12 22:39:00,9.62,9.62,9.61,9.62,52000,9.6188,9
6670,2015-04-12 22:40:00,9.62,9.62,9.61,9.61,130000,9.6177,4
6671,2015-04-12 22:41:00,9.61,9.62,9.6,9.6,246000,9.6119,13
6672,2015-04-12 22:42:00,9.61,9.61,9.61,9.61,4000,9.61,1
6673,2015-04-12 22:43:00,9.61,9.62,9.61,9.62,12000,9.6167,3
6674,2015-04-12 22:44:00,9.61,9.62,9.61,9.61,180000,9.6103,17
6675,2015-04-12 22:45:00,9.61,9.61,9.6,9.61,90000,9.6036,9
6676,2015-04-12 22:46:00,9.6,9.61,9.6,9.61,16000,9.6063,5
6677,2015-04-12 22:47:00,9.61,9.61,9.6,9.61,92000,9.6017,10
6678,2015-04-12 22:48:00,9.61,9.61,9.6,9.61,38000,9.6074,8
6679,2015-04-12 22:49:00,9.61,9.61,9.61,9.61,82000,9.61,6
6680,2015-04-12 22:50:00,9.61,9.61,9.6,9.6,30000,9.6053,9
6681,2015-04-12 22:51:00,9.6,9.61,9.6,9.6,74000,9.6062,12
6682,2015-04-12 22:52:00,9.6,9.64,9.6,9.61,946000,9.6134,33
6683,2015-04-12 22:53:00,9.62,9.62,9.62,9.62,40000,9.62,10
6684,2015-04-12 22:54:00,9.63,9.65,9.62,9.65,236000,9.6304,15
6685,2015-04-12 22:55:00,9.65,9.65,9.65,9.65,0,9.65,0
6686,2015-04-12 22:56:00,9.64,9.64,9.62,9.62,176000,9.6339,12
6687,2015-04-12 22:57:00,9.62,9.63,9.62,9.62,40000,9.621,9
6688,2015-04-12 22:58:00,9.62,9.62,9.62,9.62,10000,9.62,2
6689,2015-04-12 22:59:00,9.62,9.63,9.62,9.62,150000,9.628,7
6690,2015-04-12 23:00:00,9.63,9.63,9.62,9.62,28000,9.6257,6
6691,2015-04-12 23:01:00,9.63,9.63,9.62,9.62,8000,9.625,2
6692,2015-04-12 23:02:00,9.63,9.63,9.63,9.63,6000,9.63,2
6693,2015-04-12 23:03:00,9.63,9.63,9.62,9.63,26000,9.6292,4
6694,2015-04-12 23:04:00,9.63,9.63,9.63,9.63,8000,9.63,3
6695,2015-04-12 23:05:00,9.63,9.63,9.62,9.63,72000,9.6275,8
6696,2015-04-12 23:06:00,9.63,9.64,9.63,9.64,468000,9.6333,7
6697,2015-04-12 23:07:00,9.65,9.66,9.63,9.66,322000,9.6512,11
6698,2015-04-12 23:08:00,9.66,9.66,9.66,9.66,0,9.66,0
6699,2015-04-12 23:09:00,9.66,9.66,9.66,9.66,4000,9.66,1
6700,2015-04-12 23:10:00,9.66,9.66,9.66,9.66,0,9.66,0
6701,2015-04-12 23:11:00,9.67,9.67,9.67,9.67,14000,9.67,2
6702,2015-04-12 23:12:00,9.66,9.67,9.66,9.67,4000,9.665,2
6703,2015-04-12 23:13:00,9.66,9.67,9.66,9.67,16000,9.6663,6
6704,2015-04-12 23:14:00,9.66,9.67,9.66,9.67,36000,9.6639,7
6705,2015-04-12 23:15:00,9.67,9.67,9.67,9.67,54000,9.67,8
6706,2015-04-12 23:16:00,9.67,9.67,9.67,9.67,12000,9.67,6
6707,2015-04-12 23:17:00,9.67,9.67,9.67,9.67,18000,9.67,6
6708,2015-04-12 23:18:00,9.67,9.67,9.66,9.67,62000,9.6694,9
6709,2015-04-12 23:19:00,9.67,9.69,9.66,9.68,606000,9.6738,28
6710,2015-04-12 23:20:00,9.69,9.7,9.68,9.7,110000,9.6933,11
6711,2015-04-12 23:21:00,9.7,9.7,9.7,9.7,70000,9.7,11
6712,2015-04-12 23:22:00,9.71,9.71,9.71,9.71,2000,9.71,1
6713,2015-04-12 23:23:00,9.71,9.71,9.71,9.71,0,9.71,0
6714,2015-04-12 23:24:00,9.71,9.71,9.7,9.7,48000,9.7092,7
6715,2015-04-12 23:25:00,9.7,9.7,9.7,9.7,0,9.7,0
6716,2015-04-12 23:26:00,9.7,9.71,9.7,9.71,8000,9.7025,3
6717,2015-04-12 23:27:00,9.7,9.71,9.7,9.7,92000,9.7033,20
6718,2015-04-12 23:28:00,9.7,9.71,9.7,9.7,30000,9.702,11
6719,2015-04-12 23:29:00,9.7,9.71,9.7,9.7,56000,9.7007,15
6720,2015-04-12 23:30:00,9.7,9.7,9.7,9.7,32000,9.7,12
6721,2015-04-12 23:31:00,9.7,9.7,9.63,9.65,380000,9.6796,32
6722,2015-04-12 23:32:00,9.65,9.66,9.64,9.66,466000,9.6515,16
6723,2015-04-12 23:33:00,9.67,9.68,9.67,9.68,42000,9.671,4
6724,2015-04-12 23:34:00,9.68,9.72,9.68,9.72,284000,9.6903,15
6725,2015-04-12 23:35:00,9.72,9.72,9.7,9.72,80000,9.7185,7
6726,2015-04-12 23:36:00,9.72,9.72,9.72,9.72,0,9.72,0
6727,2015-04-12 23:37:00,9.72,9.72,9.72,9.72,20000,9.72,2
6728,2015-04-12 23:38:00,9.73,9.73,9.73,9.73,8000,9.73,2
6729,2015-04-12 23:39:00,9.72,9.73,9.72,9.72,16000,9.7225,4
6730,2015-04-12 23:40:00,9.72,9.73,9.72,9.72,30000,9.7213,12
6731,2015-04-12 23:41:00,9.72,9.72,9.72,9.72,12000,9.72,3
6732,2015-04-12 23:42:00,9.72,9.72,9.72,9.72,16000,9.72,4
6733,2015-04-12 23:43:00,9.73,9.73,9.72,9.72,28000,9.7221,11
6734,2015-04-12 23:44:00,9.73,9.73,9.72,9.72,48000,9.7217,13
6735,2015-04-12 23:45:00,9.73,9.73,9.72,9.72,26000,9.7215,8
6736,2015-04-12 23:46:00,9.73,9.73,9.72,9.73,18000,9.7278,4
6737,2015-04-12 23:47:00,9.73,9.73,9.72,9.72,18000,9.7233,5
6738,2015-04-12 23:48:00,9.72,9.73,9.7,9.7,184000,9.717,18
6739,2015-04-12 23:49:00,9.71,9.71,9.7,9.7,64000,9.7078,6
6740,2015-04-12 23:50:00,9.7,9.71,9.7,9.7,48000,9.7008,10
6741,2015-04-12 23:51:00,9.7,9.71,9.7,9.71,18000,9.7022,5
6742,2015-04-12 23:52:00,9.7,9.71,9.7,9.71,42000,9.7052,9
6743,2015-04-12 23:53:00,9.7,9.71,9.7,9.7,44000,9.7009,14
6744,2015-04-12 23:54:00,9.71,9.71,9.69,9.7,104000,9.6981,9
6745,2015-04-12 23:55:00,9.68,9.69,9.68,9.68,34000,9.6853,6
6746,2015-04-12 23:56:00,9.68,9.68,9.68,9.68,18000,9.68,7
6747,2015-04-12 23:57:00,9.68,9.69,9.68,9.68,68000,9.6824,20
6748,2015-04-12 23:58:00,9.68,9.68,9.67,9.67,62000,9.6794,8
6749,2015-04-12 23:59:00,9.67,9.68,9.66,9.66,40000,9.6665,15
6750,2015-04-13 01:00:00,9.67,9.67,9.66,9.66,276000,9.6668,29
6751,2015-04-13 01:01:00,9.67,9.67,9.66,9.66,28000,9.6607,9
6752,2015-04-13 01:02:00,9.66,9.67,9.66,9.66,92000,9.663,30
6753,2015-04-13 01:03:00,9.66,9.66,9.66,9.66,30000,9.66,15
6754,2015-04-13 01:04:00,9.66,9.67,9.65,9.65,192000,9.6572,20
6755,2015-04-13 01:05:00,9.65,9.65,9.65,9.65,24000,9.65,11
6756,2015-04-13 01:06:00,9.65,9.66,9.65,9.65,30000,9.6507,13
6757,2015-04-13 01:07:00,9.65,9.65,9.64,9.65,128000,9.6497,18
6758,2015-04-13 01:08:00,9.65,9.65,9.64,9.64,24000,9.6433,10
6759,2015-04-13 01:09:00,9.64,9.65,9.64,9.64,580000,9.6487,15
6760,2015-04-13 01:10:00,9.65,9.65,9.64,9.65,104000,9.649,13
6761,2015-04-13 01:11:00,9.65,9.66,9.64,9.66,76000,9.6497,10
6762,2015-04-13 01:12:00,9.66,9.66,9.66,9.66,4000,9.66,2
6763,2015-04-13 01:13:00,9.66,9.66,9.66,9.66,30000,9.66,4
6764,2015-04-13 01:14:00,9.66,9.66,9.66,9.66,48000,9.66,4
6765,2015-04-13 01:15:00,9.65,9.66,9.65,9.65,20000,9.655,4
6766,2015-04-13 01:16:00,9.66,9.66,9.65,9.66,30000,9.6553,8
6767,2015-04-13 01:17:00,9.65,9.66,9.63,9.63,654000,9.6443,35
6768,2015-04-13 01:18:00,9.63,9.63,9.63,9.63,0,9.63,0
6769,2015-04-13 01:19:00,9.64,9.64,9.63,9.63,6000,9.6333,2
6770,2015-04-13 01:20:00,9.63,9.64,9.63,9.64,34000,9.6347,11
6771,2015-04-13 01:21:00,9.63,9.64,9.63,9.64,12000,9.6333,6
6772,2015-04-13 01:22:00,9.64,9.64,9.63,9.64,24000,9.6367,8
6773,2015-04-13 01:23:00,9.64,9.64,9.63,9.63,146000,9.6385,5
6774,2015-04-13 01:24:00,9.64,9.64,9.63,9.63,12000,9.6317,6
6775,2015-04-13 01:25:00,9.64,9.64,9.63,9.64,18000,9.6322,9
6776,2015-04-13 01:26:00,9.63,9.64,9.63,9.64,54000,9.6304,10
6777,2015-04-13 01:27:00,9.63,9.64,9.63,9.63,16000,9.6325,8
6778,2015-04-13 01:28:00,9.63,9.64,9.63,9.64,328000,9.6393,12
6779,2015-04-13 01:29:00,9.65,9.66,9.64,9.66,58000,9.6493,9
6780,2015-04-13 01:30:00,9.66,9.66,9.66,9.66,16000,9.66,2
6781,2015-04-13 01:31:00,9.66,9.66,9.65,9.66,42000,9.6567,9
6782,2015-04-13 01:32:00,9.66,9.66,9.66,9.66,2000,9.66,1
6783,2015-04-13 01:33:00,9.65,9.65,9.65,9.65,20000,9.65,9
6784,2015-04-13 01:34:00,9.65,9.66,9.65,9.65,16000,9.6525,8
6785,2015-04-13 01:35:00,9.65,9.66,9.65,9.65,22000,9.6509,9
6786,2015-04-13 01:36:00,9.65,9.66,9.65,9.66,30000,9.6547,10
6787,2015-04-13 01:37:00,9.65,9.65,9.65,9.65,16000,9.65,6
6788,2015-04-13 01:38:00,9.65,9.66,9.65,9.65,60000,9.6503,14
6789,2015-04-13 01:39:00,9.66,9.66,9.65,9.65,26000,9.6515,10
6790,2015-04-13 01:40:00,9.65,9.66,9.65,9.65,30000,9.6547,6
6791,2015-04-13 01:41:00,9.65,9.66,9.65,9.65,22000,9.6509,10
6792,2015-04-13 01:42:00,9.66,9.66,9.65,9.65,30000,9.6507,11
6793,2015-04-13 01:43:00,9.66,9.66,9.65,9.65,116000,9.6517,17
6794,2015-04-13 01:44:00,9.65,9.66,9.65,9.66,32000,9.6538,10
6795,2015-04-13 01:45:00,9.65,9.66,9.65,9.65,18000,9.6511,9
6796,2015-04-13 01:46:00,9.65,9.65,9.65,9.65,12000,9.65,6
6797,2015-04-13 01:47:00,9.65,9.65,9.65,9.65,58000,9.65,10
6798,2015-04-13 01:48:00,9.65,9.66,9.65,9.65,30000,9.656,9
6799,2015-04-13 01:49:00,9.65,9.66,9.65,9.65,34000,9.6559,12
6800,2015-04-13 01:50:00,9.65,9.66,9.65,9.65,28000,9.6529,12
6801,2015-04-13 01:51:00,9.65,9.66,9.65,9.66,192000,9.6583,10
6802,2015-04-13 01:52:00,9.66,9.66,9.66,9.66,44000,9.66,8
6803,2015-04-13 01:53:00,9.66,9.66,9.65,9.66,52000,9.6535,12
6804,2015-04-13 01:54:00,9.66,9.66,9.65,9.65,32000,9.6531,13
6805,2015-04-13 01:55:00,9.65,9.66,9.65,9.65,38000,9.6505,11
6806,2015-04-13 01:56:00,9.65,9.66,9.65,9.65,58000,9.651,17
6807,2015-04-13 01:57:00,9.65,9.66,9.65,9.65,30000,9.6507,10
6808,2015-04-13 01:58:00,9.65,9.66,9.65,9.65,20000,9.653,8
6809,2015-04-13 01:59:00,9.65,9.66,9.65,9.66,58000,9.6503,13
6810,2015-04-13 02:00:00,9.65,9.65,9.65,9.65,16000,9.65,8
6811,2015-04-13 02:01:00,9.65,9.66,9.65,9.66,34000,9.6535,12
6812,2015-04-13 02:02:00,9.65,9.66,9.65,9.65,68000,9.6506,13
6813,2015-04-13 02:03:00,9.65,9.66,9.65,9.65,262000,9.6577,9
6814,2015-04-13 02:04:00,9.66,9.66,9.65,9.65,18000,9.6578,4
6815,2015-04-13 02:05:00,9.65,9.66,9.65,9.65,18000,9.6511,9
6816,2015-04-13 02:06:00,9.65,9.66,9.65,9.65,20000,9.651,10
6817,2015-04-13 02:07:00,9.65,9.65,9.65,9.65,44000,9.65,10
6818,2015-04-13 02:08:00,9.65,9.66,9.65,9.65,18000,9.6511,9
6819,2015-04-13 02:09:00,9.65,9.66,9.65,9.65,20000,9.653,9
6820,2015-04-13 02:10:00,9.65,9.66,9.65,9.65,22000,9.6518,11
6821,2015-04-13 02:11:00,9.65,9.65,9.65,9.65,74000,9.65,16
6822,2015-04-13 02:12:00,9.65,9.66,9.65,9.65,20000,9.652,9
6823,2015-04-13 02:13:00,9.65,9.65,9.65,9.65,18000,9.65,8
6824,2015-04-13 02:14:00,9.65,9.65,9.64,9.64,46000,9.6483,9
6825,2015-04-13 02:15:00,9.64,9.65,9.64,9.64,582000,9.6486,13
6826,2015-04-13 02:16:00,9.64,9.64,9.62,9.63,442000,9.6345,17
6827,2015-04-13 02:17:00,9.63,9.63,9.62,9.62,52000,9.6277,6
6828,2015-04-13 02:18:00,9.62,9.63,9.62,9.62,126000,9.627,7
6829,2015-04-13 02:19:00,9.63,9.63,9.62,9.62,18000,9.6211,7
6830,2015-04-13 02:20:00,9.63,9.63,9.62,9.62,40000,9.6215,13
6831,2015-04-13 02:21:00,9.62,9.63,9.62,9.62,16000,9.6213,8
6832,2015-04-13 02:22:00,9.63,9.63,9.62,9.62,36000,9.6261,10
6833,2015-04-13 02:23:00,9.62,9.63,9.62,9.62,20000,9.621,10
6834,2015-04-13 02:24:00,9.62,9.63,9.62,9.62,22000,9.6227,11
6835,2015-04-13 02:25:00,9.62,9.62,9.61,9.61,398000,9.6175,26
6836,2015-04-13 02:26:00,9.61,9.62,9.61,9.61,202000,9.6101,31
6837,2015-04-13 02:27:00,9.61,9.61,9.6,9.6,12000,9.6033,5
6838,2015-04-13 02:28:00,9.6,9.6,9.6,9.6,30000,9.6,9
6839,2015-04-13 02:29:00,9.6,9.6,9.6,9.6,16000,9.6,8
6840,2015-04-13 02:30:00,9.61,9.61,9.6,9.61,44000,9.6014,15
6841,2015-04-13 02:31:00,9.6,9.61,9.6,9.6,116000,9.6062,13
6842,2015-04-13 02:32:00,9.6,9.61,9.6,9.6,86000,9.6047,10
6843,2015-04-13 02:33:00,9.6,9.61,9.6,9.6,172000,9.6065,20
6844,2015-04-13 02:34:00,9.6,9.61,9.6,9.6,52000,9.6008,9
6845,2015-04-13 02:35:00,9.6,9.61,9.6,9.6,78000,9.6079,11
6846,2015-04-13 02:36:00,9.6,9.61,9.6,9.6,50000,9.6012,19
6847,2015-04-13 02:37:00,9.6,9.6,9.6,9.6,130000,9.6,19
6848,2015-04-13 02:38:00,9.6,9.61,9.6,9.6,70000,9.6029,21
6849,2015-04-13 02:39:00,9.6,9.6,9.6,9.6,18000,9.6,9
6850,2015-04-13 02:40:00,9.6,9.61,9.6,9.6,58000,9.6052,13
6851,2015-04-13 02:41:00,9.6,9.6,9.58,9.58,998000,9.5905,39
6852,2015-04-13 02:42:00,9.58,9.58,9.57,9.58,122000,9.579,11
6853,2015-04-13 02:43:00,9.57,9.57,9.56,9.56,214000,9.5654,12
6854,2015-04-13 02:44:00,9.56,9.56,9.53,9.54,196000,9.5482,18
6855,2015-04-13 02:45:00,9.53,9.53,9.51,9.51,372000,9.522,18
6856,2015-04-13 02:46:00,9.51,9.52,9.51,9.52,22000,9.5136,7
6857,2015-04-13 02:47:00,9.51,9.52,9.51,9.51,28000,9.5107,8
6858,2015-04-13 02:48:00,9.52,9.52,9.51,9.51,66000,9.513,14
6859,2015-04-13 02:49:00,9.51,9.52,9.51,9.52,288000,9.5192,11
6860,2015-04-13 02:50:00,9.52,9.54,9.51,9.54,1142000,9.5207,21
6861,2015-04-13 02:51:00,9.54,9.54,9.54,9.54,164000,9.54,14
6862,2015-04-13 02:52:00,9.54,9.55,9.54,9.55,40000,9.541,4
6863,2015-04-13 02:53:00,9.54,9.54,9.53,9.54,250000,9.5382,11
6864,2015-04-13 02:54:00,9.54,9.54,9.54,9.54,10000,9.54,1
6865,2015-04-13 02:55:00,9.54,9.54,9.54,9.54,180000,9.54,6
6866,2015-04-13 02:56:00,9.54,9.54,9.54,9.54,4000,9.54,1
6867,2015-04-13 02:57:00,9.54,9.55,9.54,9.55,182000,9.5495,10
6868,2015-04-13 02:58:00,9.55,9.56,9.55,9.56,220000,9.5501,3
6869,2015-04-13 02:59:00,9.56,9.56,9.55,9.55,40000,9.5555,5
6870,2015-04-13 03:00:00,9.56,9.56,9.55,9.56,66000,9.5527,8
6871,2015-04-13 03:01:00,9.56,9.56,9.55,9.56,160000,9.5586,14
6872,2015-04-13 03:02:00,9.56,9.56,9.56,9.56,8000,9.56,2
6873,2015-04-13 03:03:00,9.56,9.56,9.55,9.56,120000,9.5597,14
6874,2015-04-13 03:04:00,9.55,9.57,9.55,9.57,306000,9.5623,12
6875,2015-04-13 03:05:00,9.58,9.58,9.58,9.58,118000,9.58,8
6876,2015-04-13 03:06:00,9.58,9.58,9.58,9.58,92000,9.58,14
6877,2015-04-13 03:07:00,9.58,9.6,9.58,9.6,172000,9.5908,11
6878,2015-04-13 03:08:00,9.61,9.61,9.61,9.61,48000,9.61,7
6879,2015-04-13 03:09:00,9.61,9.62,9.61,9.62,144000,9.6176,12
6880,2015-04-13 03:10:00,9.62,9.62,9.59,9.59,428000,9.6053,16
6881,2015-04-13 03:11:00,9.59,9.59,9.59,9.59,10000,9.59,4
6882,2015-04-13 03:12:00,9.59,9.59,9.58,9.58,158000,9.5805,11
6883,2015-04-13 03:13:00,9.58,9.58,9.57,9.57,170000,9.5768,9
6884,2015-04-13 03:14:00,9.58,9.58,9.57,9.58,46000,9.5787,5
6885,2015-04-13 03:15:00,9.58,9.58,9.58,9.58,6000,9.58,1
6886,2015-04-13 03:16:00,9.57,9.58,9.57,9.57,20000,9.572,5
6887,2015-04-13 03:17:00,9.58,9.58,9.57,9.57,28000,9.5729,9
6888,2015-04-13 03:18:00,9.57,9.58,9.57,9.57,34000,9.5741,10
6889,2015-04-13 03:19:00,9.57,9.58,9.57,9.58,158000,9.5791,10
6890,2015-04-13 03:20:00,9.58,9.58,9.58,9.58,22000,9.58,4
6891,2015-04-13 03:21:00,9.58,9.58,9.55,9.55,510000,9.5654,14
6892,2015-04-13 03:22:00,9.56,9.56,9.55,9.56,118000,9.5586,3
6893,2015-04-13 03:23:00,9.55,9.56,9.55,9.55,14000,9.5557,5
6894,2015-04-13 03:24:00,9.56,9.56,9.55,9.56,18000,9.5556,7
6895,2015-04-13 03:25:00,9.55,9.56,9.55,9.56,60000,9.552,9
6896,2015-04-13 03:26:00,9.56,9.56,9.55,9.56,30000,9.5527,8
6897,2015-04-13 03:27:00,9.56,9.56,9.55,9.55,38000,9.5547,11
6898,2015-04-13 03:28:00,9.56,9.56,9.55,9.55,58000,9.5514,11
6899,2015-04-13 03:29:00,9.56,9.56,9.55,9.55,212000,9.5587,19
6900,2015-04-13 03:30:00,9.55,9.56,9.55,9.56,46000,9.5548,14
6901,2015-04-13 03:31:00,9.55,9.56,9.55,9.55,148000,9.5543,14
6902,2015-04-13 03:32:00,9.55,9.56,9.55,9.55,30000,9.5527,11
6903,2015-04-13 03:33:00,9.56,9.56,9.55,9.55,62000,9.5568,16
6904,2015-04-13 03:34:00,9.56,9.56,9.55,9.56,158000,9.5558,16
6905,2015-04-13 03:35:00,9.55,9.56,9.55,9.55,118000,9.552,18
6906,2015-04-13 03:36:00,9.56,9.56,9.55,9.55,94000,9.5526,21
6907,2015-04-13 03:37:00,9.55,9.56,9.55,9.56,46000,9.553,20
6908,2015-04-13 03:38:00,9.55,9.56,9.55,9.56,122000,9.5515,25
6909,2015-04-13 03:39:00,9.56,9.56,9.55,9.55,76000,9.5568,20
6910,2015-04-13 03:40:00,9.55,9.56,9.55,9.55,68000,9.5553,24
6911,2015-04-13 03:41:00,9.55,9.56,9.55,9.55,158000,9.5548,30
6912,2015-04-13 03:42:00,9.55,9.56,9.54,9.55,564000,9.5488,19
6913,2015-04-13 03:43:00,9.54,9.55,9.54,9.54,94000,9.5421,20
6914,2015-04-13 03:44:00,9.54,9.55,9.54,9.54,56000,9.5439,19
6915,2015-04-13 03:45:00,9.54,9.55,9.54,9.54,88000,9.5432,23
6916,2015-04-13 03:46:00,9.54,9.55,9.54,9.54,194000,9.5468,24
6917,2015-04-13 03:47:00,9.55,9.55,9.54,9.54,150000,9.5443,19
6918,2015-04-13 03:48:00,9.55,9.55,9.54,9.54,98000,9.5435,20
6919,2015-04-13 03:49:00,9.54,9.55,9.54,9.54,88000,9.5425,22
6920,2015-04-13 03:50:00,9.55,9.55,9.54,9.55,246000,9.5489,26
6921,2015-04-13 03:51:00,9.54,9.55,9.54,9.54,150000,9.5441,39
6922,2015-04-13 03:52:00,9.54,9.55,9.54,9.55,114000,9.5442,37
6923,2015-04-13 03:53:00,9.54,9.55,9.54,9.54,180000,9.5439,46
6924,2015-04-13 03:54:00,9.55,9.55,9.54,9.54,124000,9.5434,36
6925,2015-04-13 03:55:00,9.54,9.55,9.54,9.54,344000,9.5454,56
6926,2015-04-13 03:56:00,9.54,9.55,9.54,9.54,212000,9.5425,54
6927,2015-04-13 03:57:00,9.55,9.55,9.54,9.55,326000,9.5437,62
6928,2015-04-13 03:58:00,9.54,9.55,9.54,9.54,732000,9.548,52
6929,2015-04-13 03:59:00,9.55,9.57,9.54,9.57,1066000,9.5481,129
6930,2015-04-13 21:30:00,9.57,9.7,9.57,9.66,860000,9.6535,76
6931,2015-04-13 21:31:00,9.6,9.6,9.6,9.6,2000,9.6,1
6932,2015-04-13 21:32:00,9.6,9.64,9.6,9.64,6000,9.6133,2
6933,2015-04-13 21:33:00,9.61,9.68,9.61,9.68,212000,9.6473,25
6934,2015-04-13 21:34:00,9.67,9.68,9.65,9.66,208000,9.6686,18
6935,2015-04-13 21:35:00,9.66,9.67,9.63,9.64,132000,9.652,13
6936,2015-04-13 21:36:00,9.65,9.67,9.65,9.67,70000,9.6609,7
6937,2015-04-13 21:37:00,9.67,9.75,9.67,9.75,408000,9.6967,30
6938,2015-04-13 21:38:00,9.74,9.76,9.7,9.73,466000,9.7469,23
6939,2015-04-13 21:39:00,9.73,9.73,9.67,9.67,252000,9.6944,15
6940,2015-04-13 21:40:00,9.67,9.7,9.65,9.68,114000,9.6649,9
6941,2015-04-13 21:41:00,9.69,9.73,9.67,9.72,460000,9.6932,30
6942,2015-04-13 21:42:00,9.71,9.71,9.67,9.71,272000,9.6998,24
6943,2015-04-13 21:43:00,9.71,9.72,9.71,9.71,102000,9.7116,9
6944,2015-04-13 21:44:00,9.72,9.72,9.69,9.69,196000,9.7058,15
6945,2015-04-13 21:45:00,9.69,9.72,9.69,9.71,290000,9.7039,20
6946,2015-04-13 21:46:00,9.72,9.73,9.71,9.73,102000,9.7173,8
6947,2015-04-13 21:47:00,9.72,9.74,9.72,9.72,268000,9.7261,13
6948,2015-04-13 21:48:00,9.73,9.74,9.72,9.73,128000,9.7317,12
6949,2015-04-13 21:49:00,9.72,9.73,9.72,9.73,24000,9.7225,3
6950,2015-04-13 21:50:00,9.74,9.75,9.72,9.73,416000,9.7414,26
6951,2015-04-13 21:51:00,9.73,9.75,9.73,9.74,142000,9.742,7
6952,2015-04-13 21:52:00,9.76,9.76,9.74,9.76,54000,9.7544,7
6953,2015-04-13 21:53:00,9.76,9.77,9.74,9.76,610000,9.7587,23
6954,2015-04-13 21:54:00,9.76,9.77,9.75,9.76,70000,9.7623,7
6955,2015-04-13 21:55:00,9.78,9.85,9.78,9.81,738000,9.8022,25
6956,2015-04-13 21:56:00,9.81,9.82,9.81,9.82,34000,9.8106,3
6957,2015-04-13 21:57:00,9.82,9.84,9.81,9.82,324000,9.8265,16
6958,2015-04-13 21:58:00,9.83,9.83,9.8,9.8,20000,9.815,2
6959,2015-04-13 21:59:00,9.8,9.82,9.8,9.82,104000,9.816,10
6960,2015-04-13 22:00:00,9.81,9.82,9.8,9.8,122000,9.8079,9
6961,2015-04-13 22:01:00,9.8,9.8,9.78,9.79,44000,9.7882,4
6962,2015-04-13 22:02:00,9.79,9.79,9.77,9.77,320000,9.7783,13
6963,2015-04-13 22:03:00,9.77,9.79,9.77,9.79,68000,9.7844,5
6964,2015-04-13 22:04:00,9.79,9.79,9.79,9.79,0,9.79,0
6965,2015-04-13 22:05:00,9.79,9.8,9.78,9.78,12000,9.785,5
6966,2015-04-13 22:06:00,9.78,9.78,9.78,9.78,220000,9.78,7
6967,2015-04-13 22:07:00,9.78,9.79,9.78,9.78,182000,9.7873,14
6968,2015-04-13 22:08:00,9.78,9.78,9.73,9.75,322000,9.7561,13
6969,2015-04-13 22:09:00,9.76,9.77,9.75,9.77,200000,9.7611,10
6970,2015-04-13 22:10:00,9.78,9.79,9.78,9.78,142000,9.7825,8
6971,2015-04-13 22:11:00,9.78,9.78,9.76,9.78,120000,9.7695,9
6972,2015-04-13 22:12:00,9.76,9.76,9.74,9.74,58000,9.7521,6
6973,2015-04-13 22:13:00,9.74,9.74,9.73,9.74,92000,9.7396,4
6974,2015-04-13 22:14:00,9.74,9.74,9.74,9.74,10000,9.74,3
6975,2015-04-13 22:15:00,9.74,9.8,9.74,9.78,294000,9.7532,19
6976,2015-04-13 22:16:00,9.76,9.77,9.75,9.75,204000,9.766,7
6977,2015-04-13 22:17:00,9.74,9.74,9.74,9.74,36000,9.74,3
6978,2015-04-13 22:18:00,9.74,9.74,9.74,9.74,0,9.74,0
6979,2015-04-13 22:19:00,9.76,9.76,9.74,9.75,138000,9.75,5
6980,2015-04-13 22:20:00,9.76,9.79,9.76,9.77,194000,9.763,11
6981,2015-04-13 22:21:00,9.78,9.8,9.78,9.8,78000,9.7918,5
6982,2015-04-13 22:22:00,9.8,9.81,9.79,9.79,444000,9.803,18
6983,2015-04-13 22:23:00,9.78,9.78,9.78,9.78,8000,9.78,1
6984,2015-04-13 22:24:00,9.79,9.79,9.77,9.77,66000,9.7809,5
6985,2015-04-13 22:25:00,9.78,9.78,9.78,9.78,66000,9.78,3
6986,2015-04-13 22:26:00,9.79,9.81,9.78,9.78,230000,9.799,14
6987,2015-04-13 22:27:00,9.79,9.79,9.79,9.79,66000,9.79,2
6988,2015-04-13 22:28:00,9.77,9.77,9.77,9.77,52000,9.77,5
6989,2015-04-13 22:29:00,9.77,9.77,9.77,9.77,42000,9.77,4
6990,2015-04-13 22:30:00,9.77,9.77,9.77,9.77,8000,9.77,2
6991,2015-04-13 22:31:00,9.77,9.77,9.77,9.77,0,9.77,0
6992,2015-04-13 22:32:00,9.78,9.82,9.78,9.79,344000,9.7948,16
6993,2015-04-13 22:33:00,9.79,9.79,9.79,9.79,10000,9.79,1
6994,2015-04-13 22:34:00,9.8,9.8,9.77,9.79,98000,9.7843,6
6995,2015-04-13 22:35:00,9.78,9.8,9.78,9.8,38000,9.7905,3
6996,2015-04-13 22:36:00,9.8,9.81,9.8,9.81,62000,9.8035,6
6997,2015-04-13 22:37:00,9.81,9.81,9.79,9.79,134000,9.8049,3
6998,2015-04-13 22:38:00,9.79,9.81,9.79,9.81,32000,9.7913,2
6999,2015-04-13 22:39:00,9.8,9.8,9.8,9.8,32000,9.8,2
7000,2015-04-13 22:40:00,9.8,9.8,9.8,9.8,0,9.8,0
7001,2015-04-13 22:41:00,9.8,9.81,9.8,9.81,58000,9.8072,6
7002,2015-04-13 22:42:00,9.81,9.81,9.79,9.8,186000,9.8075,10
7003,2015-04-13 22:43:00,9.8,9.8,9.8,9.8,2000,9.8,1
7004,2015-04-13 22:44:00,9.8,9.8,9.8,9.8,86000,9.8,6
7005,2015-04-13 22:45:00,9.8,9.81,9.8,9.81,62000,9.8006,3
7006,2015-04-13 22:46:00,9.81,9.82,9.81,9.82,32000,9.8106,3
7007,2015-04-13 22:47:00,9.82,9.82,9.82,9.82,0,9.82,0
7008,2015-04-13 22:48:00,9.82,9.83,9.82,9.83,316000,9.8237,17
7009,2015-04-13 22:49:00,9.84,9.84,9.84,9.84,16000,9.84,3
7010,2015-04-13 22:50:00,9.84,9.84,9.84,9.84,26000,9.84,4
7011,2015-04-13 22:51:00,9.84,9.85,9.84,9.84,114000,9.8435,8
7012,2015-04-13 22:52:00,9.85,9.85,9.85,9.85,18000,9.85,3
7013,2015-04-13 22:53:00,9.85,9.9,9.85,9.9,532000,9.8648,12
7014,2015-04-13 22:54:00,9.9,9.9,9.88,9.88,258000,9.8874,10
7015,2015-04-13 22:55:00,9.87,9.87,9.86,9.87,150000,9.8672,4
7016,2015-04-13 22:56:00,9.87,9.87,9.86,9.86,56000,9.8611,5
7017,2015-04-13 22:57:00,9.86,9.87,9.86,9.87,66000,9.8609,4
7018,2015-04-13 22:58:00,9.86,9.88,9.86,9.87,128000,9.8667,8
7019,2015-04-13 22:59:00,9.87,9.87,9.87,9.87,12000,9.87,1
7020,2015-04-13 23:00:00,9.87,9.88,9.87,9.88,60000,9.8727,5
7021,2015-04-13 23:01:00,9.87,9.88,9.87,9.87,54000,9.8793,8
7022,2015-04-13 23:02:00,9.88,9.92,9.88,9.91,474000,9.8949,25
7023,2015-04-13 23:03:00,9.91,9.93,9.91,9.92,80000,9.9185,11
7024,2015-04-13 23:04:00,9.92,9.92,9.89,9.89,350000,9.9086,15
7025,2015-04-13 23:05:00,9.9,9.9,9.88,9.89,26000,9.89,4
7026,2015-04-13 23:06:00,9.88,9.89,9.87,9.89,226000,9.8769,16
7027,2015-04-13 23:07:00,9.89,9.92,9.89,9.91,208000,9.8973,8
7028,2015-04-13 23:08:00,9.91,9.91,9.91,9.91,0,9.91,0
7029,2015-04-13 23:09:00,9.92,9.93,9.92,9.92,98000,9.9212,9
7030,2015-04-13 23:10:00,9.93,9.94,9.93,9.93,180000,9.9308,12
7031,2015-04-13 23:11:00,9.94,9.94,9.91,9.93,332000,9.9269,22
7032,2015-04-13 23:12:00,9.91,9.93,9.9,9.91,140000,9.9124,21
7033,2015-04-13 23:13:00,9.91,9.92,9.9,9.92,124000,9.914,12
7034,2015-04-13 23:14:00,9.92,9.93,9.92,9.92,34000,9.9229,7
7035,2015-04-13 23:15:00,9.92,9.93,9.92,9.93,32000,9.9256,4
7036,2015-04-13 23:16:00,9.93,9.94,9.93,9.94,186000,9.9318,13
7037,2015-04-13 23:17:00,9.94,9.95,9.93,9.94,240000,9.94,14
7038,2015-04-13 23:18:00,9.95,9.96,9.94,9.96,410000,9.9492,11
7039,2015-04-13 23:19:00,9.96,9.96,9.96,9.96,364000,9.96,15
7040,2015-04-13 23:20:00,9.96,9.96,9.96,9.96,34000,9.96,5
7041,2015-04-13 23:21:00,9.96,9.97,9.96,9.97,18000,9.9611,3
7042,2015-04-13 23:22:00,9.96,9.96,9.96,9.96,14000,9.96,5
7043,2015-04-13 23:23:00,9.97,9.98,9.97,9.97,234000,9.9701,6
7044,2015-04-13 23:24:00,9.97,9.97,9.97,9.97,0,9.97,0
7045,2015-04-13 23:25:00,9.98,10.0,9.98,9.99,988000,9.9861,27
7046,2015-04-13 23:26:00,10.0,10.06,10.0,10.02,1114000,10.0155,26
7047,2015-04-13 23:27:00,10.02,10.04,10.02,10.02,50000,10.0208,6
7048,2015-04-13 23:28:00,10.04,10.04,10.02,10.04,52000,10.0354,5
7049,2015-04-13 23:29:00,10.04,10.04,10.04,10.04,42000,10.04,6
7050,2015-04-13 23:30:00,10.04,10.06,10.04,10.04,204000,10.0431,10
7051,2015-04-13 23:31:00,10.06,10.06,10.04,10.04,40000,10.047,7
7052,2015-04-13 23:32:00,10.06,10.06,10.04,10.06,14000,10.0457,3
7053,2015-04-13 23:33:00,10.06,10.06,10.04,10.06,64000,10.0538,6
7054,2015-04-13 23:34:00,10.04,10.06,10.0,10.0,432000,10.0306,10
7055,2015-04-13 23:35:00,10.02,10.02,9.99,10.02,138000,10.0178,4
7056,2015-04-13 23:36:00,10.02,10.02,10.02,10.02,14000,10.02,1
7057,2015-04-13 23:37:00,10.0,10.02,10.0,10.02,22000,10.0145,4
7058,2015-04-13 23:38:00,10.02,10.06,10.02,10.06,198000,10.036,8
7059,2015-04-13 23:39:00,10.04,10.04,10.04,10.04,96000,10.04,10
7060,2015-04-13 23:40:00,10.04,10.04,10.02,10.04,20000,10.03,4
7061,2015-04-13 23:41:00,10.04,10.04,10.02,10.04,32000,10.0338,6
7062,2015-04-13 23:42:00,10.02,10.04,10.02,10.04,56000,10.0343,6
7063,2015-04-13 23:43:00,10.04,10.04,10.02,10.04,112000,10.0221,4
7064,2015-04-13 23:44:00,10.04,10.04,10.04,10.04,2000,10.04,1
7065,2015-04-13 23:45:00,10.04,10.04,10.04,10.04,4000,10.04,2
7066,2015-04-13 23:46:00,10.04,10.04,10.04,10.04,6000,10.04,3
7067,2015-04-13 23:47:00,10.04,10.04,10.04,10.04,16000,10.04,3
7068,2015-04-13 23:48:00,10.04,10.04,10.04,10.04,10000,10.04,5
7069,2015-04-13 23:49:00,10.04,10.04,10.04,10.04,6000,10.04,2
7070,2015-04-13 23:50:00,10.04,10.04,10.02,10.04,100000,10.0356,14
7071,2015-04-13 23:51:00,10.04,10.04,10.04,10.04,34000,10.04,3
7072,2015-04-13 23:52:00,10.04,10.04,10.02,10.02,100000,10.038,12
7073,2015-04-13 23:53:00,10.04,10.06,10.02,10.06,368000,10.0399,12
7074,2015-04-13 23:54:00,10.06,10.06,10.04,10.06,26000,10.0523,5
7075,2015-04-13 23:55:00,10.04,10.06,10.04,10.06,62000,10.049,7
7076,2015-04-13 23:56:00,10.04,10.06,10.04,10.06,30000,10.056,6
7077,2015-04-13 23:57:00,10.06,10.06,10.06,10.06,78000,10.06,8
7078,2015-04-13 23:58:00,10.06,10.1,10.06,10.08,750000,10.0645,17
7079,2015-04-13 23:59:00,10.1,10.1,10.06,10.08,694000,10.0756,19
7080,2015-04-14 01:00:00,10.08,10.1,10.04,10.08,214000,10.0781,22
7081,2015-04-14 01:01:00,10.08,10.1,10.08,10.1,238000,10.0861,16
7082,2015-04-14 01:02:00,10.1,10.1,10.1,10.1,268000,10.1,8
7083,2015-04-14 01:03:00,10.1,10.12,10.1,10.1,310000,10.1014,11
7084,2015-04-14 01:04:00,10.12,10.12,10.1,10.12,164000,10.1198,12
7085,2015-04-14 01:05:00,10.12,10.16,10.12,10.16,452000,10.1454,25
7086,2015-04-14 01:06:00,10.16,10.16,10.14,10.14,30000,10.1587,6
7087,2015-04-14 01:07:00,10.16,10.18,10.16,10.18,442000,10.1628,11
7088,2015-04-14 01:08:00,10.18,10.18,10.14,10.16,534000,10.1614,13
7089,2015-04-14 01:09:00,10.16,10.18,10.16,10.18,314000,10.1755,15
7090,2015-04-14 01:10:00,10.18,10.2,10.14,10.14,346000,10.1755,27
7091,2015-04-14 01:11:00,10.14,10.14,10.12,10.12,252000,10.1332,9
7092,2015-04-14 01:12:00,10.12,10.14,10.12,10.14,24000,10.1217,3
7093,2015-04-14 01:13:00,10.12,10.16,10.12,10.16,134000,10.1397,6
7094,2015-04-14 01:14:00,10.18,10.18,10.16,10.18,186000,10.1789,11
7095,2015-04-14 01:15:00,10.18,10.18,10.16,10.16,50000,10.172,4
7096,2015-04-14 01:16:00,10.18,10.22,10.18,10.22,500000,10.1967,11
7097,2015-04-14 01:17:00,10.2,10.26,10.2,10.24,658000,10.2288,29
7098,2015-04-14 01:18:00,10.24,10.26,10.22,10.22,114000,10.2284,9
7099,2015-04-14 01:19:00,10.22,10.24,10.22,10.22,360000,10.221,12
7100,2015-04-14 01:20:00,10.22,10.22,10.22,10.22,62000,10.22,5
7101,2015-04-14 01:21:00,10.22,10.22,10.22,10.22,16000,10.22,2
7102,2015-04-14 01:22:00,10.2,10.22,10.2,10.22,34000,10.2188,4
7103,2015-04-14 01:23:00,10.2,10.22,10.2,10.2,54000,10.2067,4
7104,2015-04-14 01:24:00,10.2,10.22,10.2,10.2,40000,10.208,3
7105,2015-04-14 01:25:00,10.2,10.22,10.2,10.2,250000,10.2006,11
7106,2015-04-14 01:26:00,10.2,10.2,10.2,10.2,20000,10.2,2
7107,2015-04-14 01:27:00,10.2,10.22,10.2,10.2,182000,10.202,8
7108,2015-04-14 01:28:00,10.18,10.2,10.12,10.12,630000,10.1736,14
7109,2015-04-14 01:29:00,10.14,10.16,10.14,10.16,32000,10.1588,2
7110,2015-04-14 01:30:00,10.12,10.12,10.12,10.12,56000,10.12,7
7111,2015-04-14 01:31:00,10.12,10.14,10.12,10.14,12000,10.1233,2
7112,2015-04-14 01:32:00,10.14,10.18,10.14,10.18,334000,10.1428,7
7113,2015-04-14 01:33:00,10.18,10.2,10.18,10.2,92000,10.183,6
7114,2015-04-14 01:34:00,10.2,10.2,10.18,10.2,48000,10.1983,5
7115,2015-04-14 01:35:00,10.2,10.22,10.2,10.2,72000,10.2006,8
7116,2015-04-14 01:36:00,10.2,10.22,10.2,10.2,312000,10.2005,13
7117,2015-04-14 01:37:00,10.2,10.22,10.2,10.22,72000,10.2022,5
7118,2015-04-14 01:38:00,10.18,10.2,10.18,10.18,26000,10.1831,4
7119,2015-04-14 01:39:00,10.18,10.18,10.18,10.18,36000,10.18,5
7120,2015-04-14 01:40:00,10.18,10.2,10.18,10.2,54000,10.1933,5
7121,2015-04-14 01:41:00,10.18,10.2,10.18,10.18,52000,10.1808,4
7122,2015-04-14 01:42:00,10.18,10.2,10.16,10.18,314000,10.18,17
7123,2015-04-14 01:43:00,10.18,10.2,10.18,10.2,10000,10.188,2
7124,2015-04-14 01:44:00,10.18,10.2,10.18,10.2,174000,10.1825,5
7125,2015-04-14 01:45:00,10.2,10.2,10.2,10.2,0,10.2,0
7126,2015-04-14 01:46:00,10.2,10.2,10.2,10.2,32000,10.2,3
7127,2015-04-14 01:47:00,10.2,10.2,10.2,10.2,30000,10.2,6
7128,2015-04-14 01:48:00,10.2,10.2,10.2,10.2,20000,10.2,1
7129,2015-04-14 01:49:00,10.2,10.2,10.18,10.18,250000,10.1954,11
7130,2015-04-14 01:50:00,10.18,10.2,10.18,10.18,20000,10.194,4
7131,2015-04-14 01:51:00,10.2,10.2,10.18,10.2,26000,10.1923,6
7132,2015-04-14 01:52:00,10.18,10.2,10.16,10.16,380000,10.178,11
7133,2015-04-14 01:53:00,10.16,10.18,10.14,10.14,86000,10.1563,9
7134,2015-04-14 01:54:00,10.14,10.14,10.12,10.12,88000,10.1386,8
7135,2015-04-14 01:55:00,10.12,10.18,10.12,10.16,432000,10.1469,15
7136,2015-04-14 01:56:00,10.16,10.16,10.16,10.16,6000,10.16,2
7137,2015-04-14 01:57:00,10.14,10.16,10.14,10.16,112000,10.15,9
7138,2015-04-14 01:58:00,10.16,10.16,10.16,10.16,20000,10.16,3
7139,2015-04-14 01:59:00,10.14,10.16,10.14,10.14,52000,10.1408,5
7140,2015-04-14 02:00:00,10.14,10.16,10.14,10.14,34000,10.1424,6
7141,2015-04-14 02:01:00,10.14,10.16,10.14,10.14,108000,10.1463,10
7142,2015-04-14 02:02:00,10.16,10.16,10.14,10.16,54000,10.1504,12
7143,2015-04-14 02:03:00,10.14,10.16,10.12,10.12,276000,10.1267,9
7144,2015-04-14 02:04:00,10.1,10.12,10.1,10.12,24000,10.115,4
7145,2015-04-14 02:05:00,10.1,10.12,10.1,10.12,94000,10.1072,8
7146,2015-04-14 02:06:00,10.12,10.16,10.12,10.16,526000,10.1344,23
7147,2015-04-14 02:07:00,10.14,10.16,10.14,10.16,96000,10.1408,5
7148,2015-04-14 02:08:00,10.14,10.14,10.14,10.14,6000,10.14,2
7149,2015-04-14 02:09:00,10.16,10.16,10.16,10.16,32000,10.16,4
7150,2015-04-14 02:10:00,10.14,10.16,10.14,10.14,20000,10.142,3
7151,2015-04-14 02:11:00,10.16,10.16,10.14,10.16,120000,10.1463,9
7152,2015-04-14 02:12:00,10.16,10.16,10.14,10.16,42000,10.1505,10
7153,2015-04-14 02:13:00,10.16,10.16,10.14,10.16,54000,10.157,5
7154,2015-04-14 02:14:00,10.16,10.16,10.14,10.14,18000,10.1444,4
7155,2015-04-14 02:15:00,10.16,10.16,10.14,10.16,36000,10.1567,7
7156,2015-04-14 02:16:00,10.16,10.16,10.14,10.16,56000,10.1557,7
7157,2015-04-14 02:17:00,10.16,10.16,10.16,10.16,46000,10.16,9
7158,2015-04-14 02:18:00,10.16,10.16,10.14,10.16,54000,10.1578,8
7159,2015-04-14 02:19:00,10.16,10.2,10.14,10.18,624000,10.1671,19
7160,2015-04-14 02:20:00,10.18,10.18,10.18,10.18,46000,10.18,7
7161,2015-04-14 02:21:00,10.18,10.2,10.18,10.2,66000,10.1812,3
7162,2015-04-14 02:22:00,10.18,10.2,10.18,10.2,90000,10.1827,8
7163,2015-04-14 02:23:00,10.18,10.2,10.18,10.2,16000,10.19,4
7164,2015-04-14 02:24:00,10.18,10.2,10.18,10.18,84000,10.1857,4
7165,2015-04-14 02:25:00,10.2,10.2,10.18,10.18,18000,10.1867,3
7166,2015-04-14 02:26:00,10.2,10.2,10.18,10.18,30000,10.1933,4
7167,2015-04-14 02:27:00,10.18,10.2,10.18,10.2,64000,10.1981,9
7168,2015-04-14 02:28:00,10.18,10.2,10.18,10.2,40000,10.196,3
7169,2015-04-14 02:29:00,10.2,10.2,10.18,10.2,72000,10.1994,11
7170,2015-04-14 02:30:00,10.2,10.2,10.18,10.2,40000,10.189,10
7171,2015-04-14 02:31:00,10.2,10.2,10.18,10.2,74000,10.1865,13
7172,2015-04-14 02:32:00,10.2,10.22,10.18,10.22,526000,10.1977,14
7173,2015-04-14 02:33:00,10.22,10.22,10.22,10.22,42000,10.22,1
7174,2015-04-14 02:34:00,10.22,10.22,10.22,10.22,36000,10.22,4
7175,2015-04-14 02:35:00,10.22,10.22,10.2,10.22,50000,10.2168,5
7176,2015-04-14 02:36:00,10.22,10.22,10.2,10.22,122000,10.2056,8
7177,2015-04-14 02:37:00,10.2,10.22,10.2,10.2,116000,10.2021,6
7178,2015-04-14 02:38:00,10.2,10.22,10.2,10.2,136000,10.2003,7
7179,2015-04-14 02:39:00,10.2,10.22,10.2,10.2,106000,10.2015,10
7180,2015-04-14 02:40:00,10.2,10.22,10.2,10.2,34000,10.2035,7
7181,2015-04-14 02:41:00,10.2,10.22,10.2,10.22,88000,10.2168,9
7182,2015-04-14 02:42:00,10.22,10.22,10.2,10.2,44000,10.2109,4
7183,2015-04-14 02:43:00,10.22,10.22,10.2,10.22,38000,10.2179,6
7184,2015-04-14 02:44:00,10.22,10.22,10.2,10.22,58000,10.2166,7
7185,2015-04-14 02:45:00,10.22,10.22,10.2,10.22,50000,10.2168,8
7186,2015-04-14 02:46:00,10.22,10.22,10.2,10.2,60000,10.2133,4
7187,2015-04-14 02:47:00,10.22,10.22,10.2,10.22,40000,10.218,7
7188,2015-04-14 02:48:00,10.22,10.22,10.2,10.22,132000,10.2197,12
7189,2015-04-14 02:49:00,10.22,10.22,10.2,10.2,320000,10.2034,15
7190,2015-04-14 02:50:00,10.2,10.2,10.2,10.2,20000,10.2,1
7191,2015-04-14 02:51:00,10.22,10.24,10.22,10.22,544000,10.2246,6
7192,2015-04-14 02:52:00,10.24,10.24,10.24,10.24,82000,10.24,5
7193,2015-04-14 02:53:00,10.24,10.24,10.24,10.24,44000,10.24,4
7194,2015-04-14 02:54:00,10.24,10.28,10.22,10.28,410000,10.256,16
7195,2015-04-14 02:55:00,10.28,10.3,10.28,10.3,168000,10.2888,12
7196,2015-04-14 02:56:00,10.3,10.3,10.3,10.3,40000,10.3,5
7197,2015-04-14 02:57:00,10.3,10.3,10.26,10.26,310000,10.2837,9
7198,2015-04-14 02:58:00,10.26,10.28,10.26,10.26,114000,10.2614,12
7199,2015-04-14 02:59:00,10.26,10.28,10.26,10.28,174000,10.2722,8
7200,2015-04-14 03:00:00,10.26,10.3,10.26,10.28,206000,10.2808,11
7201,2015-04-14 03:01:00,10.26,10.26,10.26,10.26,218000,10.26,1
7202,2015-04-14 03:02:00,10.26,10.26,10.24,10.24,202000,10.2442,4
7203,2015-04-14 03:03:00,10.22,10.26,10.22,10.24,270000,10.244,12
7204,2015-04-14 03:04:00,10.26,10.28,10.26,10.28,126000,10.2622,4
7205,2015-04-14 03:05:00,10.26,10.26,10.26,10.26,186000,10.26,7
7206,2015-04-14 03:06:00,10.26,10.28,10.26,10.28,244000,10.2628,6
7207,2015-04-14 03:07:00,10.28,10.28,10.26,10.26,38000,10.2684,3
7208,2015-04-14 03:08:00,10.28,10.28,10.26,10.26,26000,10.2769,3
7209,2015-04-14 03:09:00,10.26,10.28,10.24,10.24,318000,10.2601,12
7210,2015-04-14 03:10:00,10.26,10.26,10.24,10.24,8000,10.255,2
7211,2015-04-14 03:11:00,10.24,10.26,10.24,10.26,6000,10.2533,2
7212,2015-04-14 03:12:00,10.24,10.26,10.24,10.26,34000,10.2588,3
7213,2015-04-14 03:13:00,10.24,10.26,10.24,10.24,76000,10.2453,10
7214,2015-04-14 03:14:00,10.24,10.26,10.22,10.22,408000,10.2329,10
7215,2015-04-14 03:15:00,10.22,10.22,10.2,10.22,226000,10.2188,14
7216,2015-04-14 03:16:00,10.24,10.24,10.2,10.2,108000,10.2156,13
7217,2015-04-14 03:17:00,10.2,10.22,10.18,10.22,82000,10.2083,9
7218,2015-04-14 03:18:00,10.22,10.24,10.2,10.2,368000,10.2152,16
7219,2015-04-14 03:19:00,10.22,10.22,10.22,10.22,4000,10.22,1
7220,2015-04-14 03:20:00,10.2,10.2,10.2,10.2,112000,10.2,3
7221,2015-04-14 03:21:00,10.2,10.2,10.2,10.2,0,10.2,0
7222,2015-04-14 03:22:00,10.2,10.22,10.2,10.22,398000,10.218,15
7223,2015-04-14 03:23:00,10.24,10.24,10.22,10.22,86000,10.233,10
7224,2015-04-14 03:24:00,10.24,10.24,10.22,10.22,20000,10.238,2
7225,2015-04-14 03:25:00,10.24,10.24,10.22,10.22,74000,10.2319,14
7226,2015-04-14 03:26:00,10.24,10.24,10.2,10.2,352000,10.2197,27
7227,2015-04-14 03:27:00,10.2,10.22,10.2,10.2,152000,10.2021,9
7228,2015-04-14 03:28:00,10.2,10.22,10.12,10.14,568000,10.1689,37
7229,2015-04-14 03:29:00,10.14,10.18,10.12,10.16,268000,10.1564,9
7230,2015-04-14 03:30:00,10.18,10.18,10.18,10.18,54000,10.18,6
7231,2015-04-14 03:31:00,10.2,10.22,10.18,10.22,312000,10.2037,10
7232,2015-04-14 03:32:00,10.24,10.24,10.22,10.22,328000,10.2256,9
7233,2015-04-14 03:33:00,10.2,10.22,10.2,10.22,22000,10.2127,2
7234,2015-04-14 03:34:00,10.22,10.22,10.2,10.22,56000,10.2186,6
7235,2015-04-14 03:35:00,10.22,10.22,10.2,10.22,72000,10.2194,5
7236,2015-04-14 03:36:00,10.22,10.24,10.2,10.24,154000,10.2218,9
7237,2015-04-14 03:37:00,10.24,10.24,10.24,10.24,92000,10.24,4
7238,2015-04-14 03:38:00,10.24,10.24,10.24,10.24,136000,10.24,10
7239,2015-04-14 03:39:00,10.24,10.24,10.22,10.24,92000,10.2387,9
7240,2015-04-14 03:40:00,10.24,10.26,10.22,10.26,222000,10.2395,21
7241,2015-04-14 03:41:00,10.26,10.26,10.24,10.24,146000,10.2499,12
7242,2015-04-14 03:42:00,10.26,10.26,10.24,10.24,88000,10.2514,12
7243,2015-04-14 03:43:00,10.24,10.26,10.24,10.24,492000,10.2433,17
7244,2015-04-14 03:44:00,10.24,10.26,10.2,10.2,472000,10.2342,21
7245,2015-04-14 03:45:00,10.2,10.22,10.2,10.2,118000,10.2003,13
7246,2015-04-14 03:46:00,10.2,10.22,10.2,10.22,104000,10.2058,12
7247,2015-04-14 03:47:00,10.2,10.24,10.2,10.22,1158000,10.21,21
7248,2015-04-14 03:48:00,10.24,10.26,10.24,10.26,406000,10.2462,10
7249,2015-04-14 03:49:00,10.24,10.28,10.24,10.26,406000,10.2581,17
7250,2015-04-14 03:50:00,10.28,10.28,10.26,10.28,676000,10.2628,15
7251,2015-04-14 03:51:00,10.26,10.26,10.22,10.24,464000,10.2298,17
7252,2015-04-14 03:52:00,10.22,10.24,10.22,10.22,968000,10.2208,23
7253,2015-04-14 03:53:00,10.22,10.22,10.2,10.22,340000,10.2092,13
7254,2015-04-14 03:54:00,10.2,10.22,10.2,10.2,456000,10.2038,25
7255,2015-04-14 03:55:00,10.2,10.22,10.18,10.2,530000,10.1997,26
7256,2015-04-14 03:56:00,10.18,10.2,10.12,10.12,2090000,10.1525,59
7257,2015-04-14 03:57:00,10.12,10.14,10.1,10.1,1096000,10.1088,32
7258,2015-04-14 03:58:00,10.12,10.14,10.06,10.08,1072000,10.0902,36
7259,2015-04-14 03:59:00,10.08,10.12,10.06,10.12,2840000,10.0868,129
7260,2015-04-14 21:30:00,10.22,10.28,10.0,10.1,898000,10.1691,65
7261,2015-04-14 21:31:00,10.06,10.1,10.06,10.1,50000,10.0936,6
7262,2015-04-14 21:32:00,10.1,10.1,10.0,10.06,308000,10.0339,13
7263,2015-04-14 21:33:00,10.02,10.02,9.99,9.99,72000,10.0067,9
7264,2015-04-14 21:34:00,9.99,9.99,9.93,9.93,172000,9.9752,18
7265,2015-04-14 21:35:00,9.92,9.95,9.9,9.95,256000,9.9241,17
7266,2015-04-14 21:36:00,9.95,10.04,9.95,10.04,394000,9.9876,14
7267,2015-04-14 21:37:00,10.04,10.06,10.02,10.02,124000,10.0387,11
7268,2015-04-14 21:38:00,10.04,10.04,10.02,10.02,76000,10.0253,6
7269,2015-04-14 21:39:00,10.02,10.02,10.0,10.0,12000,10.0033,2
7270,2015-04-14 21:40:00,10.02,10.02,10.02,10.02,14000,10.02,3
7271,2015-04-14 21:41:00,10.02,10.02,10.02,10.02,76000,10.02,5
7272,2015-04-14 21:42:00,10.04,10.08,10.04,10.08,168000,10.0529,6
7273,2015-04-14 21:43:00,10.06,10.06,10.02,10.04,208000,10.0404,12
7274,2015-04-14 21:44:00,10.04,10.06,10.04,10.06,12000,10.0467,3
7275,2015-04-14 21:45:00,10.04,10.04,10.0,10.0,128000,10.035,6
7276,2015-04-14 21:46:00,10.02,10.02,10.0,10.0,36000,10.0111,2
7277,2015-04-14 21:47:00,10.04,10.04,10.02,10.02,34000,10.0341,6
7278,2015-04-14 21:48:00,10.04,10.04,10.02,10.02,24000,10.03,4
7279,2015-04-14 21:49:00,10.02,10.02,9.98,9.98,182000,9.999,17
7280,2015-04-14 21:50:00,9.98,9.98,9.93,9.94,188000,9.9609,13
7281,2015-04-14 21:51:00,9.92,9.93,9.92,9.93,22000,9.9209,3
7282,2015-04-14 21:52:00,9.94,9.95,9.93,9.95,330000,9.9438,7
7283,2015-04-14 21:53:00,9.96,9.96,9.94,9.94,82000,9.949,7
7284,2015-04-14 21:54:00,9.95,9.95,9.94,9.94,36000,9.9428,2
7285,2015-04-14 21:55:00,9.93,9.93,9.92,9.92,24000,9.9292,3
7286,2015-04-14 21:56:00,9.94,9.94,9.94,9.94,104000,9.94,2
7287,2015-04-14 21:57:00,9.95,9.95,9.95,9.95,2000,9.95,1
7288,2015-04-14 21:58:00,9.95,9.95,9.95,9.95,14000,9.95,2
7289,2015-04-14 21:59:00,9.95,9.95,9.95,9.95,28000,9.95,3
7290,2015-04-14 22:00:00,9.95,9.97,9.95,9.95,332000,9.9577,20
7291,2015-04-14 22:01:00,9.94,9.94,9.94,9.94,24000,9.94,3
7292,2015-04-14 22:02:00,9.94,9.94,9.92,9.92,48000,9.9333,5
7293,2015-04-14 22:03:00,9.92,9.92,9.9,9.91,122000,9.9089,9
7294,2015-04-14 22:04:00,9.9,9.9,9.86,9.86,232000,9.8874,12
7295,2015-04-14 22:05:00,9.86,9.86,9.85,9.85,60000,9.857,6
7296,2015-04-14 22:06:00,9.86,9.86,9.86,9.86,10000,9.86,1
7297,2015-04-14 22:07:00,9.86,9.86,9.85,9.86,56000,9.8568,8
7298,2015-04-14 22:08:00,9.85,9.86,9.85,9.86,44000,9.8568,6
7299,2015-04-14 22:09:00,9.85,9.86,9.85,9.86,38000,9.8574,5
7300,2015-04-14 22:10:00,9.85,9.86,9.84,9.84,164000,9.8488,11
7301,2015-04-14 22:11:00,9.85,9.88,9.84,9.88,438000,9.8599,18
7302,2015-04-14 22:12:00,9.89,9.89,9.89,9.89,16000,9.89,4
7303,2015-04-14 22:13:00,9.89,9.89,9.87,9.87,76000,9.8826,9
7304,2015-04-14 22:14:00,9.89,9.89,9.89,9.89,16000,9.89,2
7305,2015-04-14 22:15:00,9.88,9.9,9.88,9.9,24000,9.8983,6
7306,2015-04-14 22:16:00,9.9,9.91,9.9,9.91,60000,9.9003,12
7307,2015-04-14 22:17:00,9.9,9.9,9.88,9.89,90000,9.8896,10
7308,2015-04-14 22:18:00,9.88,9.89,9.86,9.87,82000,9.8732,11
7309,2015-04-14 22:19:00,9.87,9.89,9.87,9.89,16000,9.8813,4
7310,2015-04-14 22:20:00,9.89,9.9,9.89,9.9,76000,9.8903,2
7311,2015-04-14 22:21:00,9.89,9.91,9.89,9.91,232000,9.9045,10
7312,2015-04-14 22:22:00,9.91,9.91,9.89,9.89,80000,9.9023,8
7313,2015-04-14 22:23:00,9.91,9.91,9.89,9.91,14000,9.9043,6
7314,2015-04-14 22:24:00,9.91,9.91,9.9,9.9,18000,9.9022,5
7315,2015-04-14 22:25:00,9.9,9.9,9.89,9.89,106000,9.8949,5
7316,2015-04-14 22:26:00,9.89,9.89,9.88,9.88,30000,9.886,5
7317,2015-04-14 22:27:00,9.88,9.89,9.87,9.87,256000,9.8805,14
7318,2015-04-14 22:28:00,9.89,9.9,9.89,9.9,24000,9.8908,2
7319,2015-04-14 22:29:00,9.9,9.9,9.89,9.89,14000,9.8929,4
7320,2015-04-14 22:30:00,9.89,9.89,9.89,9.89,104000,9.89,5
7321,2015-04-14 22:31:00,9.9,9.93,9.89,9.93,564000,9.9082,21
7322,2015-04-14 22:32:00,9.93,9.94,9.93,9.94,56000,9.9346,6
7323,2015-04-14 22:33:00,9.94,9.94,9.9,9.9,110000,9.9293,5
7324,2015-04-14 22:34:00,9.9,9.9,9.88,9.9,116000,9.8971,9
7325,2015-04-14 22:35:00,9.9,9.9,9.88,9.89,78000,9.8964,6
7326,2015-04-14 22:36:00,9.89,9.9,9.89,9.89,94000,9.8936,8
7327,2015-04-14 22:37:00,9.9,9.9,9.89,9.9,40000,9.898,8
7328,2015-04-14 22:38:00,9.9,9.91,9.88,9.88,138000,9.8971,11
7329,2015-04-14 22:39:00,9.88,9.89,9.88,9.89,42000,9.8895,3
7330,2015-04-14 22:40:00,9.9,9.9,9.89,9.9,140000,9.8994,5
7331,2015-04-14 22:41:00,9.91,9.91,9.9,9.91,130000,9.9094,6
7332,2015-04-14 22:42:00,9.9,9.92,9.9,9.9,64000,9.9084,4
7333,2015-04-14 22:43:00,9.9,9.9,9.88,9.88,316000,9.893,18
7334,2015-04-14 22:44:00,9.9,9.9,9.87,9.87,130000,9.8818,7
7335,2015-04-14 22:45:00,9.87,9.87,9.87,9.87,0,9.87,0
7336,2015-04-14 22:46:00,9.87,9.88,9.87,9.88,164000,9.8755,15
7337,2015-04-14 22:47:00,9.89,9.89,9.88,9.88,104000,9.8827,6
7338,2015-04-14 22:48:00,9.87,9.87,9.81,9.82,584000,9.8427,26
7339,2015-04-14 22:49:00,9.81,9.83,9.81,9.83,118000,9.8242,7
7340,2015-04-14 22:50:00,9.83,9.85,9.83,9.85,114000,9.8368,11
7341,2015-04-14 22:51:00,9.85,9.86,9.85,9.85,152000,9.8501,19
7342,2015-04-14 22:52:00,9.85,9.86,9.82,9.84,266000,9.8368,18
7343,2015-04-14 22:53:00,9.84,9.84,9.83,9.84,72000,9.8344,7
7344,2015-04-14 22:54:00,9.82,9.84,9.82,9.84,114000,9.8319,6
7345,2015-04-14 22:55:00,9.84,9.84,9.84,9.84,8000,9.84,2
7346,2015-04-14 22:56:00,9.84,9.84,9.84,9.84,2000,9.84,1
7347,2015-04-14 22:57:00,9.84,9.84,9.84,9.84,10000,9.84,2
7348,2015-04-14 22:58:00,9.83,9.84,9.83,9.84,100000,9.8362,8
7349,2015-04-14 22:59:00,9.84,9.84,9.84,9.84,4000,9.84,2
7350,2015-04-14 23:00:00,9.84,9.84,9.83,9.83,30000,9.8327,4
7351,2015-04-14 23:01:00,9.83,9.83,9.8,9.81,324000,9.8187,21
7352,2015-04-14 23:02:00,9.83,9.83,9.81,9.83,22000,9.8209,3
7353,2015-04-14 23:03:00,9.81,9.81,9.81,9.81,4000,9.81,1
7354,2015-04-14 23:04:00,9.82,9.82,9.81,9.82,110000,9.818,11
7355,2015-04-14 23:05:00,9.82,9.83,9.81,9.82,216000,9.8206,13
7356,2015-04-14 23:06:00,9.82,9.82,9.78,9.78,672000,9.7969,14
7357,2015-04-14 23:07:00,9.79,9.79,9.79,9.79,14000,9.79,5
7358,2015-04-14 23:08:00,9.78,9.78,9.78,9.78,74000,9.78,8
7359,2015-04-14 23:09:00,9.78,9.78,9.72,9.73,232000,9.7503,10
7360,2015-04-14 23:10:00,9.74,9.74,9.73,9.73,180000,9.7379,15
7361,2015-04-14 23:11:00,9.72,9.73,9.71,9.73,214000,9.721,13
7362,2015-04-14 23:12:00,9.73,9.74,9.72,9.73,356000,9.7285,11
7363,2015-04-14 23:13:00,9.74,9.74,9.71,9.72,82000,9.7237,8
7364,2015-04-14 23:14:00,9.71,9.72,9.71,9.71,182000,9.7122,18
7365,2015-04-14 23:15:00,9.71,9.72,9.7,9.72,328000,9.7051,12
7366,2015-04-14 23:16:00,9.72,9.72,9.72,9.72,4000,9.72,1
7367,2015-04-14 23:17:00,9.71,9.71,9.7,9.7,78000,9.7038,6
7368,2015-04-14 23:18:00,9.69,9.69,9.68,9.69,152000,9.6839,9
7369,2015-04-14 23:19:00,9.68,9.69,9.67,9.69,204000,9.6852,10
7370,2015-04-14 23:20:00,9.69,9.69,9.68,9.69,40000,9.686,8
7371,2015-04-14 23:21:00,9.69,9.7,9.69,9.7,60000,9.6903,5
7372,2015-04-14 23:22:00,9.7,9.71,9.7,9.71,196000,9.7001,6
7373,2015-04-14 23:23:00,9.71,9.73,9.71,9.73,210000,9.7126,14
7374,2015-04-14 23:24:00,9.73,9.73,9.71,9.71,166000,9.7188,4
7375,2015-04-14 23:25:00,9.71,9.71,9.71,9.71,12000,9.71,1
7376,2015-04-14 23:26:00,9.72,9.73,9.72,9.73,22000,9.7209,4
7377,2015-04-14 23:27:00,9.73,9.73,9.73,9.73,0,9.73,0
7378,2015-04-14 23:28:00,9.73,9.73,9.72,9.72,102000,9.7206,7
7379,2015-04-14 23:29:00,9.71,9.71,9.7,9.71,190000,9.7069,9
7380,2015-04-14 23:30:00,9.71,9.72,9.71,9.71,90000,9.7107,8
7381,2015-04-14 23:31:00,9.71,9.71,9.71,9.71,4000,9.71,2
7382,2015-04-14 23:32:00,9.71,9.71,9.71,9.71,50000,9.71,7
7383,2015-04-14 23:33:00,9.71,9.71,9.71,9.71,94000,9.71,5
7384,2015-04-14 23:34:00,9.71,9.73,9.71,9.73,78000,9.7203,6
7385,2015-04-14 23:35:00,9.73,9.74,9.73,9.73,218000,9.7332,13
7386,2015-04-14 23:36:00,9.74,9.74,9.74,9.74,2000,9.74,1
7387,2015-04-14 23:37:00,9.74,9.74,9.72,9.72,8000,9.735,4
7388,2015-04-14 23:38:00,9.74,9.74,9.72,9.73,94000,9.7236,8
7389,2015-04-14 23:39:00,9.71,9.71,9.71,9.71,6000,9.71,1
7390,2015-04-14 23:40:00,9.73,9.73,9.73,9.73,46000,9.73,5
7391,2015-04-14 23:41:00,9.73,9.73,9.73,9.73,0,9.73,0
7392,2015-04-14 23:42:00,9.72,9.74,9.72,9.74,24000,9.725,3
7393,2015-04-14 23:43:00,9.74,9.74,9.74,9.74,12000,9.74,5
7394,2015-04-14 23:44:00,9.74,9.74,9.74,9.74,2000,9.74,1
7395,2015-04-14 23:45:00,9.74,9.74,9.74,9.74,22000,9.74,6
7396,2015-04-14 23:46:00,9.74,9.74,9.74,9.74,22000,9.74,5
7397,2015-04-14 23:47:00,9.74,9.78,9.74,9.77,272000,9.7553,24
7398,2015-04-14 23:48:00,9.78,9.78,9.78,9.78,6000,9.78,2
7399,2015-04-14 23:49:00,9.78,9.78,9.75,9.78,176000,9.7715,10
7400,2015-04-14 23:50:00,9.75,9.75,9.75,9.75,12000,9.75,1
7401,2015-04-14 23:51:00,9.76,9.76,9.75,9.75,82000,9.7561,4
7402,2015-04-14 23:52:00,9.75,9.75,9.75,9.75,12000,9.75,2
7403,2015-04-14 23:53:00,9.75,9.75,9.74,9.75,66000,9.7467,5
7404,2015-04-14 23:54:00,9.76,9.76,9.76,9.76,22000,9.76,3
7405,2015-04-14 23:55:00,9.76,9.76,9.76,9.76,12000,9.76,4
7406,2015-04-14 23:56:00,9.76,9.77,9.76,9.77,14000,9.7629,4
7407,2015-04-14 23:57:00,9.77,9.77,9.76,9.77,50000,9.7684,10
7408,2015-04-14 23:58:00,9.77,9.77,9.75,9.76,82000,9.7666,11
7409,2015-04-14 23:59:00,9.77,9.77,9.76,9.76,14000,9.7643,7
7410,2015-04-15 01:00:00,9.77,9.78,9.71,9.71,230000,9.7478,20
7411,2015-04-15 01:01:00,9.71,9.72,9.71,9.71,34000,9.7124,6
7412,2015-04-15 01:02:00,9.71,9.71,9.71,9.71,0,9.71,0
7413,2015-04-15 01:03:00,9.72,9.72,9.72,9.72,16000,9.72,3
7414,2015-04-15 01:04:00,9.72,9.79,9.72,9.77,498000,9.7542,24
7415,2015-04-15 01:05:00,9.76,9.76,9.76,9.76,2000,9.76,1
7416,2015-04-15 01:06:00,9.77,9.78,9.77,9.78,6000,9.7767,2
7417,2015-04-15 01:07:00,9.77,9.78,9.77,9.78,4000,9.775,2
7418,2015-04-15 01:08:00,9.77,9.78,9.77,9.78,24000,9.7758,3
7419,2015-04-15 01:09:00,9.77,9.78,9.76,9.76,154000,9.767,13
7420,2015-04-15 01:10:00,9.75,9.75,9.74,9.74,70000,9.7437,5
7421,2015-04-15 01:11:00,9.75,9.75,9.74,9.74,6000,9.7467,3
7422,2015-04-15 01:12:00,9.74,9.74,9.73,9.73,18000,9.7344,2
7423,2015-04-15 01:13:00,9.72,9.73,9.72,9.72,32000,9.7206,6
7424,2015-04-15 01:14:00,9.73,9.73,9.72,9.72,120000,9.7292,13
7425,2015-04-15 01:15:00,9.73,9.74,9.73,9.74,58000,9.7303,3
7426,2015-04-15 01:16:00,9.73,9.73,9.73,9.73,4000,9.73,2
7427,2015-04-15 01:17:00,9.74,9.74,9.73,9.73,8000,9.735,4
7428,2015-04-15 01:18:00,9.73,9.76,9.73,9.76,186000,9.7432,7
7429,2015-04-15 01:19:00,9.76,9.79,9.76,9.79,260000,9.7752,8
7430,2015-04-15 01:20:00,9.79,9.79,9.79,9.79,76000,9.79,7
7431,2015-04-15 01:21:00,9.79,9.79,9.78,9.78,140000,9.7837,4
7432,2015-04-15 01:22:00,9.78,9.78,9.78,9.78,8000,9.78,1
7433,2015-04-15 01:23:00,9.78,9.78,9.78,9.78,12000,9.78,2
7434,2015-04-15 01:24:00,9.78,9.79,9.78,9.79,72000,9.7806,5
7435,2015-04-15 01:25:00,9.79,9.79,9.79,9.79,26000,9.79,2
7436,2015-04-15 01:26:00,9.79,9.8,9.78,9.8,56000,9.7896,6
7437,2015-04-15 01:27:00,9.8,9.8,9.8,9.8,14000,9.8,2
7438,2015-04-15 01:28:00,9.8,9.8,9.8,9.8,4000,9.8,2
7439,2015-04-15 01:29:00,9.8,9.8,9.8,9.8,34000,9.8,5
7440,2015-04-15 01:30:00,9.8,9.8,9.8,9.8,4000,9.8,2
7441,2015-04-15 01:31:00,9.8,9.8,9.79,9.8,50000,9.798,6
7442,2015-04-15 01:32:00,9.8,9.8,9.8,9.8,16000,9.8,3
7443,2015-04-15 01:33:00,9.8,9.8,9.8,9.8,10000,9.8,3
7444,2015-04-15 01:34:00,9.8,9.8,9.8,9.8,4000,9.8,2
7445,2015-04-15 01:35:00,9.79,9.79,9.78,9.78,140000,9.7887,9
7446,2015-04-15 01:36:00,9.79,9.79,9.79,9.79,18000,9.79,3
7447,2015-04-15 01:37:00,9.78,9.78,9.78,9.78,26000,9.78,3
7448,2015-04-15 01:38:00,9.78,9.78,9.76,9.77,110000,9.7736,11
7449,2015-04-15 01:39:00,9.77,9.77,9.77,9.77,2000,9.77,1
7450,2015-04-15 01:40:00,9.76,9.77,9.76,9.76,50000,9.7604,7
7451,2015-04-15 01:41:00,9.77,9.77,9.77,9.77,2000,9.77,1
7452,2015-04-15 01:42:00,9.77,9.78,9.76,9.77,272000,9.7697,11
7453,2015-04-15 01:43:00,9.76,9.78,9.76,9.78,58000,9.7793,4
7454,2015-04-15 01:44:00,9.79,9.79,9.79,9.79,8000,9.79,3
7455,2015-04-15 01:45:00,9.78,9.79,9.78,9.79,16000,9.7825,3
7456,2015-04-15 01:46:00,9.79,9.8,9.79,9.8,52000,9.7912,6
7457,2015-04-15 01:47:00,9.8,9.82,9.8,9.82,114000,9.804,11
7458,2015-04-15 01:48:00,9.82,9.82,9.82,9.82,28000,9.82,5
7459,2015-04-15 01:49:00,9.82,9.82,9.82,9.82,4000,9.82,2
7460,2015-04-15 01:50:00,9.82,9.82,9.82,9.82,18000,9.82,4
7461,2015-04-15 01:51:00,9.82,9.82,9.82,9.82,2000,9.82,1
7462,2015-04-15 01:52:00,9.82,9.82,9.82,9.82,6000,9.82,2
7463,2015-04-15 01:53:00,9.81,9.81,9.78,9.79,296000,9.7988,11
7464,2015-04-15 01:54:00,9.79,9.8,9.79,9.8,160000,9.7971,7
7465,2015-04-15 01:55:00,9.8,9.8,9.8,9.8,4000,9.8,2
7466,2015-04-15 01:56:00,9.81,9.83,9.81,9.83,160000,9.8134,6
7467,2015-04-15 01:57:00,9.83,9.83,9.81,9.81,120000,9.8252,11
7468,2015-04-15 01:58:00,9.81,9.81,9.8,9.8,18000,9.8089,3
7469,2015-04-15 01:59:00,9.82,9.82,9.81,9.81,24000,9.8183,2
7470,2015-04-15 02:00:00,9.82,9.82,9.81,9.82,30000,9.8167,6
7471,2015-04-15 02:01:00,9.81,9.81,9.81,9.81,74000,9.81,3
7472,2015-04-15 02:02:00,9.81,9.81,9.8,9.81,22000,9.8091,7
7473,2015-04-15 02:03:00,9.81,9.81,9.81,9.81,54000,9.81,3
7474,2015-04-15 02:04:00,9.8,9.8,9.78,9.78,272000,9.7949,5
7475,2015-04-15 02:05:00,9.78,9.78,9.78,9.78,82000,9.78,8
7476,2015-04-15 02:06:00,9.79,9.79,9.79,9.79,6000,9.79,2
7477,2015-04-15 02:07:00,9.79,9.79,9.78,9.78,4000,9.785,2
7478,2015-04-15 02:08:00,9.79,9.81,9.79,9.81,174000,9.7969,7
7479,2015-04-15 02:09:00,9.81,9.81,9.81,9.81,4000,9.81,1
7480,2015-04-15 02:10:00,9.81,9.82,9.81,9.82,158000,9.8158,7
7481,2015-04-15 02:11:00,9.82,9.82,9.82,9.82,2000,9.82,1
7482,2015-04-15 02:12:00,9.81,9.81,9.8,9.81,98000,9.8049,11
7483,2015-04-15 02:13:00,9.81,9.83,9.81,9.83,114000,9.8167,8
7484,2015-04-15 02:14:00,9.81,9.81,9.8,9.8,4000,9.805,2
7485,2015-04-15 02:15:00,9.82,9.82,9.81,9.81,26000,9.8123,4
7486,2015-04-15 02:16:00,9.81,9.81,9.81,9.81,0,9.81,0
7487,2015-04-15 02:17:00,9.81,9.81,9.81,9.81,48000,9.81,6
7488,2015-04-15 02:18:00,9.81,9.82,9.81,9.82,26000,9.8115,4
7489,2015-04-15 02:19:00,9.82,9.82,9.82,9.82,4000,9.82,2
7490,2015-04-15 02:20:00,9.81,9.81,9.81,9.81,72000,9.81,2
7491,2015-04-15 02:21:00,9.81,9.82,9.8,9.81,178000,9.81,11
7492,2015-04-15 02:22:00,9.82,9.84,9.82,9.84,194000,9.8253,10
7493,2015-04-15 02:23:00,9.84,9.84,9.84,9.84,14000,9.84,3
7494,2015-04-15 02:24:00,9.84,9.85,9.84,9.85,62000,9.8416,4
7495,2015-04-15 02:25:00,9.84,9.84,9.83,9.83,244000,9.8351,10
7496,2015-04-15 02:26:00,9.83,9.84,9.82,9.84,60000,9.826,5
7497,2015-04-15 02:27:00,9.83,9.84,9.83,9.84,52000,9.8304,4
7498,2015-04-15 02:28:00,9.84,9.85,9.84,9.85,90000,9.8411,7
7499,2015-04-15 02:29:00,9.85,9.85,9.84,9.84,58000,9.8407,3
7500,2015-04-15 02:30:00,9.84,9.84,9.84,9.84,12000,9.84,2
7501,2015-04-15 02:31:00,9.84,9.85,9.83,9.85,52000,9.8396,7
7502,2015-04-15 02:32:00,9.85,9.85,9.85,9.85,4000,9.85,1
7503,2015-04-15 02:33:00,9.83,9.85,9.83,9.85,12000,9.84,3
7504,2015-04-15 02:34:00,9.84,9.84,9.83,9.84,64000,9.8391,3
7505,2015-04-15 02:35:00,9.83,9.84,9.83,9.84,64000,9.8303,6
7506,2015-04-15 02:36:00,9.83,9.84,9.83,9.84,6000,9.8367,2
7507,2015-04-15 02:37:00,9.83,9.83,9.81,9.81,304000,9.8272,9
7508,2015-04-15 02:38:00,9.81,9.82,9.81,9.82,108000,9.8106,8
7509,2015-04-15 02:39:00,9.81,9.81,9.81,9.81,22000,9.81,5
7510,2015-04-15 02:40:00,9.8,9.8,9.8,9.8,98000,9.8,10
7511,2015-04-15 02:41:00,9.8,9.8,9.79,9.79,96000,9.7946,9
7512,2015-04-15 02:42:00,9.78,9.78,9.76,9.76,140000,9.7766,14
7513,2015-04-15 02:43:00,9.77,9.78,9.77,9.78,198000,9.7701,2
7514,2015-04-15 02:44:00,9.78,9.78,9.78,9.78,0,9.78,0
7515,2015-04-15 02:45:00,9.77,9.79,9.77,9.79,136000,9.7799,10
7516,2015-04-15 02:46:00,9.79,9.79,9.78,9.79,14000,9.7886,3
7517,2015-04-15 02:47:00,9.78,9.79,9.78,9.79,14000,9.7814,3
7518,2015-04-15 02:48:00,9.78,9.79,9.78,9.78,8000,9.785,3
7519,2015-04-15 02:49:00,9.78,9.78,9.76,9.76,182000,9.7752,9
7520,2015-04-15 02:50:00,9.76,9.77,9.76,9.77,8000,9.7625,4
7521,2015-04-15 02:51:00,9.76,9.77,9.74,9.74,484000,9.7536,18
7522,2015-04-15 02:52:00,9.74,9.75,9.74,9.75,76000,9.7489,6
7523,2015-04-15 02:53:00,9.75,9.76,9.75,9.76,108000,9.7509,14
7524,2015-04-15 02:54:00,9.76,9.76,9.76,9.76,50000,9.76,9
7525,2015-04-15 02:55:00,9.76,9.76,9.75,9.75,94000,9.7511,9
7526,2015-04-15 02:56:00,9.75,9.75,9.75,9.75,22000,9.75,5
7527,2015-04-15 02:57:00,9.75,9.75,9.75,9.75,46000,9.75,10
7528,2015-04-15 02:58:00,9.75,9.75,9.74,9.75,94000,9.7491,20
7529,2015-04-15 02:59:00,9.75,9.75,9.72,9.72,286000,9.7334,7
7530,2015-04-15 03:00:00,9.72,9.72,9.72,9.72,30000,9.72,4
7531,2015-04-15 03:01:00,9.72,9.72,9.71,9.71,188000,9.7111,12
7532,2015-04-15 03:02:00,9.71,9.71,9.71,9.71,38000,9.71,5
7533,2015-04-15 03:03:00,9.71,9.71,9.7,9.7,70000,9.7031,11
7534,2015-04-15 03:04:00,9.71,9.71,9.7,9.7,48000,9.7017,7
7535,2015-04-15 03:05:00,9.71,9.71,9.7,9.7,40000,9.7015,5
7536,2015-04-15 03:06:00,9.7,9.7,9.68,9.69,558000,9.6976,17
7537,2015-04-15 03:07:00,9.68,9.69,9.68,9.69,24000,9.6825,3
7538,2015-04-15 03:08:00,9.69,9.69,9.68,9.69,38000,9.6868,6
7539,2015-04-15 03:09:00,9.69,9.69,9.68,9.69,74000,9.6897,7
7540,2015-04-15 03:10:00,9.68,9.69,9.68,9.68,8000,9.6825,4
7541,2015-04-15 03:11:00,9.69,9.69,9.68,9.68,14000,9.6871,6
7542,2015-04-15 03:12:00,9.69,9.69,9.68,9.69,68000,9.6897,9
7543,2015-04-15 03:13:00,9.69,9.69,9.68,9.69,130000,9.6897,16
7544,2015-04-15 03:14:00,9.69,9.69,9.69,9.69,126000,9.69,11
7545,2015-04-15 03:15:00,9.69,9.7,9.69,9.7,88000,9.6973,8
7546,2015-04-15 03:16:00,9.7,9.71,9.7,9.71,92000,9.7098,2
7547,2015-04-15 03:17:00,9.71,9.72,9.71,9.72,46000,9.7139,5
7548,2015-04-15 03:18:00,9.72,9.72,9.71,9.71,152000,9.7101,6
7549,2015-04-15 03:19:00,9.71,9.71,9.71,9.71,30000,9.71,4
7550,2015-04-15 03:20:00,9.72,9.72,9.7,9.7,116000,9.71,11
7551,2015-04-15 03:21:00,9.71,9.72,9.71,9.72,64000,9.7103,3
7552,2015-04-15 03:22:00,9.72,9.72,9.72,9.72,72000,9.72,3
7553,2015-04-15 03:23:00,9.72,9.73,9.71,9.73,122000,9.7284,6
7554,2015-04-15 03:24:00,9.73,9.74,9.73,9.73,30000,9.738,3
7555,2015-04-15 03:25:00,9.74,9.75,9.73,9.75,154000,9.741,11
7556,2015-04-15 03:26:00,9.75,9.76,9.75,9.75,28000,9.7571,4
7557,2015-04-15 03:27:00,9.76,9.77,9.76,9.77,50000,9.7632,7
7558,2015-04-15 03:28:00,9.77,9.78,9.77,9.78,58000,9.7748,5
7559,2015-04-15 03:29:00,9.78,9.78,9.77,9.77,26000,9.7792,4
7560,2015-04-15 03:30:00,9.78,9.78,9.77,9.78,22000,9.7791,4
7561,2015-04-15 03:31:00,9.77,9.78,9.73,9.73,330000,9.7631,18
7562,2015-04-15 03:32:00,9.74,9.75,9.74,9.75,168000,9.746,4
7563,2015-04-15 03:33:00,9.76,9.76,9.75,9.76,32000,9.7594,4
7564,2015-04-15 03:34:00,9.76,9.76,9.75,9.75,12000,9.7567,4
7565,2015-04-15 03:35:00,9.76,9.76,9.71,9.71,512000,9.7452,13
7566,2015-04-15 03:36:00,9.71,9.71,9.71,9.71,14000,9.71,4
7567,2015-04-15 03:37:00,9.71,9.72,9.71,9.71,52000,9.7104,7
7568,2015-04-15 03:38:00,9.72,9.72,9.71,9.71,76000,9.7103,11
7569,2015-04-15 03:39:00,9.71,9.71,9.7,9.7,154000,9.7087,7
7570,2015-04-15 03:40:00,9.71,9.73,9.71,9.73,224000,9.7241,5
7571,2015-04-15 03:41:00,9.74,9.74,9.73,9.73,4000,9.735,2
7572,2015-04-15 03:42:00,9.74,9.74,9.73,9.74,12000,9.735,5
7573,2015-04-15 03:43:00,9.73,9.74,9.73,9.73,14000,9.7314,6
7574,2015-04-15 03:44:00,9.74,9.74,9.73,9.74,58000,9.739,7
7575,2015-04-15 03:45:00,9.73,9.74,9.73,9.74,32000,9.7369,11
7576,2015-04-15 03:46:00,9.74,9.74,9.73,9.74,90000,9.7364,11
7577,2015-04-15 03:47:00,9.73,9.74,9.73,9.74,338000,9.7385,21
7578,2015-04-15 03:48:00,9.74,9.74,9.74,9.74,98000,9.74,8
7579,2015-04-15 03:49:00,9.74,9.74,9.73,9.74,32000,9.7388,10
7580,2015-04-15 03:50:00,9.74,9.74,9.73,9.73,74000,9.7368,13
7581,2015-04-15 03:51:00,9.74,9.74,9.72,9.72,324000,9.7302,20
7582,2015-04-15 03:52:00,9.73,9.73,9.72,9.72,370000,9.7231,20
7583,2015-04-15 03:53:00,9.71,9.72,9.71,9.71,60000,9.7113,4
7584,2015-04-15 03:54:00,9.72,9.72,9.71,9.71,84000,9.714,19
7585,2015-04-15 03:55:00,9.71,9.72,9.71,9.71,476000,9.7156,37
7586,2015-04-15 03:56:00,9.71,9.72,9.7,9.71,338000,9.7111,37
7587,2015-04-15 03:57:00,9.71,9.72,9.71,9.71,278000,9.7124,44
7588,2015-04-15 03:58:00,9.71,9.72,9.7,9.71,372000,9.7097,55
7589,2015-04-15 03:59:00,9.72,9.74,9.69,9.74,988000,9.7049,97
7590,2015-04-15 21:30:00,9.79,9.83,9.77,9.83,210000,9.796,24
7591,2015-04-15 21:31:00,9.82,9.83,9.77,9.77,220000,9.8015,22
7592,2015-04-15 21:32:00,9.78,9.8,9.74,9.77,440000,9.7606,32
7593,2015-04-15 21:33:00,9.77,9.77,9.75,9.75,48000,9.7654,4
7594,2015-04-15 21:34:00,9.75,9.75,9.75,9.75,46000,9.75,7
7595,2015-04-15 21:35:00,9.75,9.77,9.75,9.76,54000,9.7615,5
7596,2015-04-15 21:36:00,9.75,9.75,9.75,9.75,18000,9.75,1
7597,2015-04-15 21:37:00,9.75,9.75,9.75,9.75,0,9.75,0
7598,2015-04-15 21:38:00,9.76,9.76,9.76,9.76,34000,9.76,8
7599,2015-04-15 21:39:00,9.76,9.76,9.76,9.76,20000,9.76,4
7600,2015-04-15 21:40:00,9.76,9.77,9.75,9.77,30000,9.754,3
7601,2015-04-15 21:41:00,9.76,9.77,9.76,9.77,24000,9.7667,5
7602,2015-04-15 21:42:00,9.77,9.77,9.77,9.77,82000,9.77,6
7603,2015-04-15 21:43:00,9.77,9.78,9.74,9.78,404000,9.7623,20
7604,2015-04-15 21:44:00,9.78,9.78,9.78,9.78,0,9.78,0
7605,2015-04-15 21:45:00,9.79,9.85,9.79,9.85,272000,9.816,19
7606,2015-04-15 21:46:00,9.85,9.85,9.85,9.85,0,9.85,0
7607,2015-04-15 21:47:00,9.83,9.83,9.8,9.81,170000,9.8184,12
7608,2015-04-15 21:48:00,9.81,9.82,9.81,9.82,50000,9.818,4
7609,2015-04-15 21:49:00,9.82,9.86,9.82,9.85,190000,9.8434,19
7610,2015-04-15 21:50:00,9.85,9.86,9.85,9.85,50000,9.852,10
7611,2015-04-15 21:51:00,9.86,9.86,9.84,9.84,336000,9.85,20
7612,2015-04-15 21:52:00,9.84,9.84,9.84,9.84,92000,9.84,4
7613,2015-04-15 21:53:00,9.84,9.84,9.82,9.82,226000,9.837,6
7614,2015-04-15 21:54:00,9.82,9.83,9.82,9.83,44000,9.8223,7
7615,2015-04-15 21:55:00,9.81,9.81,9.78,9.78,176000,9.7973,14
7616,2015-04-15 21:56:00,9.78,9.78,9.77,9.77,56000,9.7714,5
7617,2015-04-15 21:57:00,9.76,9.85,9.76,9.85,300000,9.7967,20
7618,2015-04-15 21:58:00,9.86,9.86,9.86,9.86,2000,9.86,1
7619,2015-04-15 21:59:00,9.84,9.84,9.77,9.77,390000,9.8308,18
7620,2015-04-15 22:00:00,9.79,9.81,9.78,9.81,156000,9.7847,10
7621,2015-04-15 22:01:00,9.81,9.81,9.81,9.81,4000,9.81,1
7622,2015-04-15 22:02:00,9.81,9.84,9.81,9.84,188000,9.8152,8
7623,2015-04-15 22:03:00,9.85,9.87,9.85,9.85,84000,9.856,11
7624,2015-04-15 22:04:00,9.87,9.87,9.83,9.83,194000,9.8482,8
7625,2015-04-15 22:05:00,9.82,9.84,9.81,9.84,116000,9.8209,7
7626,2015-04-15 22:06:00,9.84,9.84,9.83,9.83,80000,9.839,5
7627,2015-04-15 22:07:00,9.83,9.86,9.83,9.86,80000,9.8448,7
7628,2015-04-15 22:08:00,9.86,9.87,9.86,9.87,64000,9.8609,3
7629,2015-04-15 22:09:00,9.87,9.88,9.87,9.88,140000,9.875,7
7630,2015-04-15 22:10:00,9.88,9.9,9.88,9.9,92000,9.8896,7
7631,2015-04-15 22:11:00,9.9,9.9,9.84,9.85,176000,9.87,13
7632,2015-04-15 22:12:00,9.82,9.86,9.82,9.86,70000,9.8409,9
7633,2015-04-15 22:13:00,9.86,9.86,9.86,9.86,24000,9.86,2
7634,2015-04-15 22:14:00,9.85,9.86,9.83,9.83,60000,9.8413,8
7635,2015-04-15 22:15:00,9.84,9.87,9.84,9.87,204000,9.8528,11
7636,2015-04-15 22:16:00,9.86,9.86,9.84,9.86,50000,9.8544,5
7637,2015-04-15 22:17:00,9.84,9.84,9.84,9.84,26000,9.84,1
7638,2015-04-15 22:18:00,9.84,9.84,9.84,9.84,152000,9.84,5
7639,2015-04-15 22:19:00,9.84,9.84,9.84,9.84,8000,9.84,3
7640,2015-04-15 22:20:00,9.84,9.85,9.84,9.85,114000,9.8416,7
7641,2015-04-15 22:21:00,9.86,9.86,9.85,9.86,20000,9.859,4
7642,2015-04-15 22:22:00,9.86,9.88,9.86,9.88,56000,9.8625,5
7643,2015-04-15 22:23:00,9.87,9.88,9.86,9.88,64000,9.865,8
7644,2015-04-15 22:24:00,9.85,9.87,9.85,9.86,24000,9.8558,4
7645,2015-04-15 22:25:00,9.86,9.86,9.86,9.86,6000,9.86,2
7646,2015-04-15 22:26:00,9.86,9.86,9.86,9.86,0,9.86,0
7647,2015-04-15 22:27:00,9.86,9.86,9.8,9.82,296000,9.8221,17
7648,2015-04-15 22:28:00,9.8,9.86,9.8,9.86,162000,9.8288,11
7649,2015-04-15 22:29:00,9.86,9.86,9.86,9.86,0,9.86,0
7650,2015-04-15 22:30:00,9.81,9.83,9.81,9.83,8000,9.82,3
7651,2015-04-15 22:31:00,9.82,9.82,9.8,9.8,98000,9.8143,6
7652,2015-04-15 22:32:00,9.8,9.83,9.8,9.83,66000,9.8112,7
7653,2015-04-15 22:33:00,9.83,9.83,9.83,9.83,6000,9.83,1
7654,2015-04-15 22:34:00,9.83,9.83,9.82,9.82,114000,9.8286,7
7655,2015-04-15 22:35:00,9.82,9.82,9.81,9.81,66000,9.8194,7
7656,2015-04-15 22:36:00,9.81,9.81,9.81,9.81,18000,9.81,2
7657,2015-04-15 22:37:00,9.81,9.82,9.8,9.81,52000,9.8123,5
7658,2015-04-15 22:38:00,9.83,9.83,9.82,9.82,14000,9.8271,5
7659,2015-04-15 22:39:00,9.83,9.84,9.83,9.84,86000,9.8312,12
7660,2015-04-15 22:40:00,9.84,9.84,9.82,9.83,78000,9.8292,9
7661,2015-04-15 22:41:00,9.83,9.83,9.83,9.83,2000,9.83,1
7662,2015-04-15 22:42:00,9.83,9.83,9.83,9.83,2000,9.83,1
7663,2015-04-15 22:43:00,9.83,9.83,9.8,9.8,26000,9.82,4
7664,2015-04-15 22:44:00,9.8,9.81,9.8,9.8,10000,9.806,3
7665,2015-04-15 22:45:00,9.81,9.81,9.8,9.81,28000,9.8086,5
7666,2015-04-15 22:46:00,9.81,9.81,9.81,9.81,0,9.81,0
7667,2015-04-15 22:47:00,9.81,9.81,9.81,9.81,44000,9.81,8
7668,2015-04-15 22:48:00,9.81,9.82,9.81,9.81,120000,9.815,13
7669,2015-04-15 22:49:00,9.82,9.82,9.82,9.82,62000,9.82,3
7670,2015-04-15 22:50:00,9.83,9.86,9.82,9.85,118000,9.8381,18
7671,2015-04-15 22:51:00,9.84,9.84,9.83,9.83,42000,9.8376,4
7672,2015-04-15 22:52:00,9.82,9.82,9.82,9.82,24000,9.82,4
7673,2015-04-15 22:53:00,9.82,9.85,9.81,9.83,74000,9.8243,11
7674,2015-04-15 22:54:00,9.84,9.84,9.84,9.84,40000,9.84,7
7675,2015-04-15 22:55:00,9.83,9.85,9.83,9.84,58000,9.8476,7
7676,2015-04-15 22:56:00,9.86,9.86,9.85,9.85,6000,9.8533,3
7677,2015-04-15 22:57:00,9.85,9.85,9.84,9.84,36000,9.8417,4
7678,2015-04-15 22:58:00,9.85,9.87,9.84,9.85,104000,9.8521,12
7679,2015-04-15 22:59:00,9.88,9.88,9.88,9.88,12000,9.88,3
7680,2015-04-15 23:00:00,9.86,9.86,9.86,9.86,2000,9.86,1
7681,2015-04-15 23:01:00,9.86,9.86,9.86,9.86,28000,9.86,4
7682,2015-04-15 23:02:00,9.85,9.86,9.84,9.85,110000,9.8493,13
7683,2015-04-15 23:03:00,9.85,9.85,9.82,9.82,118000,9.8378,7
7684,2015-04-15 23:04:00,9.84,9.84,9.81,9.82,52000,9.825,11
7685,2015-04-15 23:05:00,9.82,9.82,9.82,9.82,22000,9.82,4
7686,2015-04-15 23:06:00,9.82,9.82,9.81,9.81,46000,9.8174,5
7687,2015-04-15 23:07:00,9.82,9.82,9.82,9.82,10000,9.82,1
7688,2015-04-15 23:08:00,9.81,9.81,9.8,9.8,38000,9.8079,4
7689,2015-04-15 23:09:00,9.81,9.81,9.81,9.81,2000,9.81,1
7690,2015-04-15 23:10:00,9.8,9.8,9.8,9.8,24000,9.8,3
7691,2015-04-15 23:11:00,9.8,9.82,9.8,9.81,136000,9.8084,9
7692,2015-04-15 23:12:00,9.82,9.82,9.8,9.8,14000,9.8171,3
7693,2015-04-15 23:13:00,9.81,9.81,9.81,9.81,8000,9.81,2
7694,2015-04-15 23:14:00,9.82,9.83,9.82,9.83,90000,9.8218,7
7695,2015-04-15 23:15:00,9.83,9.83,9.82,9.82,24000,9.8267,4
7696,2015-04-15 23:16:00,9.82,9.82,9.8,9.8,58000,9.8138,4
7697,2015-04-15 23:17:00,9.81,9.82,9.81,9.82,18000,9.8111,6
7698,2015-04-15 23:18:00,9.82,9.82,9.82,9.82,20000,9.82,1
7699,2015-04-15 23:19:00,9.81,9.82,9.81,9.82,10000,9.814,3
7700,2015-04-15 23:20:00,9.82,9.82,9.82,9.82,62000,9.82,7
7701,2015-04-15 23:21:00,9.81,9.82,9.81,9.82,10000,9.812,3
7702,2015-04-15 23:22:00,9.81,9.81,9.81,9.81,4000,9.81,2
7703,2015-04-15 23:23:00,9.81,9.81,9.81,9.81,8000,9.81,2
7704,2015-04-15 23:24:00,9.82,9.82,9.81,9.82,320000,9.8198,14
7705,2015-04-15 23:25:00,9.83,9.83,9.82,9.82,44000,9.8214,3
7706,2015-04-15 23:26:00,9.81,9.82,9.81,9.82,126000,9.8184,7
7707,2015-04-15 23:27:00,9.82,9.82,9.82,9.82,0,9.82,0
7708,2015-04-15 23:28:00,9.83,9.83,9.82,9.82,20000,9.825,5
7709,2015-04-15 23:29:00,9.82,9.82,9.81,9.82,14000,9.8157,5
7710,2015-04-15 23:30:00,9.82,9.82,9.82,9.82,12000,9.82,2
7711,2015-04-15 23:31:00,9.83,9.83,9.81,9.81,88000,9.8189,3
7712,2015-04-15 23:32:00,9.81,9.81,9.8,9.8,140000,9.8043,5
7713,2015-04-15 23:33:00,9.8,9.81,9.8,9.81,4000,9.805,2
7714,2015-04-15 23:34:00,9.8,9.82,9.8,9.82,82000,9.8085,6
7715,2015-04-15 23:35:00,9.81,9.82,9.81,9.82,22000,9.8155,5
7716,2015-04-15 23:36:00,9.82,9.83,9.81,9.81,84000,9.8131,5
7717,2015-04-15 23:37:00,9.8,9.8,9.8,9.8,10000,9.8,1
7718,2015-04-15 23:38:00,9.81,9.81,9.81,9.81,2000,9.81,1
7719,2015-04-15 23:39:00,9.81,9.81,9.81,9.81,18000,9.81,3
7720,2015-04-15 23:40:00,9.8,9.81,9.8,9.81,6000,9.8033,2
7721,2015-04-15 23:41:00,9.81,9.81,9.81,9.81,2000,9.81,1
7722,2015-04-15 23:42:00,9.81,9.82,9.8,9.81,38000,9.8116,6
7723,2015-04-15 23:43:00,9.81,9.81,9.81,9.81,0,9.81,0
7724,2015-04-15 23:44:00,9.83,9.83,9.82,9.83,30000,9.824,7
7725,2015-04-15 23:45:00,9.82,9.82,9.8,9.8,72000,9.8089,4
7726,2015-04-15 23:46:00,9.8,9.8,9.78,9.79,72000,9.7969,7
7727,2015-04-15 23:47:00,9.8,9.8,9.79,9.79,6000,9.7967,2
7728,2015-04-15 23:48:00,9.79,9.79,9.79,9.79,2000,9.79,1
7729,2015-04-15 23:49:00,9.8,9.81,9.79,9.81,100000,9.801,9
7730,2015-04-15 23:50:00,9.8,9.81,9.8,9.81,6000,9.8033,2
7731,2015-04-15 23:51:00,9.82,9.82,9.81,9.81,4000,9.815,2
7732,2015-04-15 23:52:00,9.82,9.82,9.82,9.82,14000,9.82,4
7733,2015-04-15 23:53:00,9.82,9.82,9.82,9.82,10000,9.82,1
7734,2015-04-15 23:54:00,9.81,9.82,9.81,9.82,4000,9.815,2
7735,2015-04-15 23:55:00,9.81,9.81,9.8,9.8,100000,9.8078,9
7736,2015-04-15 23:56:00,9.8,9.8,9.78,9.78,104000,9.7956,10
7737,2015-04-15 23:57:00,9.78,9.78,9.78,9.78,0,9.78,0
7738,2015-04-15 23:58:00,9.78,9.79,9.78,9.78,30000,9.7887,5
7739,2015-04-15 23:59:00,9.78,9.79,9.78,9.79,16000,9.7813,5
7740,2015-04-16 01:00:00,9.79,9.82,9.79,9.82,156000,9.7969,14
7741,2015-04-16 01:01:00,9.82,9.83,9.81,9.83,42000,9.8229,6
7742,2015-04-16 01:02:00,9.84,9.84,9.82,9.83,32000,9.8281,7
7743,2015-04-16 01:03:00,9.83,9.84,9.83,9.84,26000,9.8315,4
7744,2015-04-16 01:04:00,9.84,9.84,9.84,9.84,10000,9.84,1
7745,2015-04-16 01:05:00,9.84,9.84,9.83,9.84,104000,9.8392,11
7746,2015-04-16 01:06:00,9.84,9.84,9.84,9.84,0,9.84,0
7747,2015-04-16 01:07:00,9.84,9.84,9.84,9.84,0,9.84,0
7748,2015-04-16 01:08:00,9.85,9.85,9.85,9.85,72000,9.85,5
7749,2015-04-16 01:09:00,9.84,9.84,9.83,9.83,168000,9.8376,14
7750,2015-04-16 01:10:00,9.82,9.82,9.82,9.82,6000,9.82,3
7751,2015-04-16 01:11:00,9.83,9.85,9.83,9.85,140000,9.8306,5
7752,2015-04-16 01:12:00,9.85,9.85,9.85,9.85,8000,9.85,1
7753,2015-04-16 01:13:00,9.83,9.84,9.83,9.84,54000,9.8367,5
7754,2015-04-16 01:14:00,9.84,9.84,9.83,9.84,48000,9.8379,7
7755,2015-04-16 01:15:00,9.84,9.84,9.84,9.84,10000,9.84,3
7756,2015-04-16 01:16:00,9.83,9.84,9.83,9.84,102000,9.8331,5
7757,2015-04-16 01:17:00,9.84,9.84,9.84,9.84,6000,9.84,1
7758,2015-04-16 01:18:00,9.84,9.84,9.83,9.83,18000,9.8322,2
7759,2015-04-16 01:19:00,9.84,9.85,9.84,9.85,66000,9.8415,2
7760,2015-04-16 01:20:00,9.84,9.84,9.84,9.84,48000,9.84,4
7761,2015-04-16 01:21:00,9.85,9.85,9.84,9.84,10000,9.842,3
7762,2015-04-16 01:22:00,9.85,9.85,9.85,9.85,2000,9.85,1
7763,2015-04-16 01:23:00,9.84,9.84,9.82,9.82,98000,9.8371,4
7764,2015-04-16 01:24:00,9.83,9.83,9.82,9.82,24000,9.8217,5
7765,2015-04-16 01:25:00,9.82,9.82,9.82,9.82,0,9.82,0
7766,2015-04-16 01:26:00,9.82,9.82,9.8,9.8,228000,9.8162,11
7767,2015-04-16 01:27:00,9.81,9.82,9.81,9.81,134000,9.8119,3
7768,2015-04-16 01:28:00,9.82,9.82,9.81,9.81,48000,9.8138,5
7769,2015-04-16 01:29:00,9.82,9.82,9.82,9.82,72000,9.82,12
7770,2015-04-16 01:30:00,9.83,9.83,9.83,9.83,2000,9.83,1
7771,2015-04-16 01:31:00,9.82,9.82,9.81,9.81,144000,9.8156,7
7772,2015-04-16 01:32:00,9.81,9.81,9.81,9.81,60000,9.81,2
7773,2015-04-16 01:33:00,9.81,9.82,9.81,9.82,42000,9.8186,4
7774,2015-04-16 01:34:00,9.83,9.83,9.83,9.83,4000,9.83,1
7775,2015-04-16 01:35:00,9.82,9.82,9.81,9.81,8000,9.8125,3
7776,2015-04-16 01:36:00,9.82,9.82,9.79,9.79,110000,9.806,6
7777,2015-04-16 01:37:00,9.79,9.8,9.79,9.8,62000,9.7903,4
7778,2015-04-16 01:38:00,9.8,9.8,9.8,9.8,30000,9.8,3
7779,2015-04-16 01:39:00,9.8,9.8,9.8,9.8,66000,9.8,5
7780,2015-04-16 01:40:00,9.8,9.8,9.79,9.79,20000,9.791,2
7781,2015-04-16 01:41:00,9.79,9.8,9.78,9.79,278000,9.7924,13
7782,2015-04-16 01:42:00,9.8,9.8,9.8,9.8,4000,9.8,1
7783,2015-04-16 01:43:00,9.81,9.81,9.8,9.8,32000,9.8088,6
7784,2015-04-16 01:44:00,9.8,9.8,9.8,9.8,18000,9.8,5
7785,2015-04-16 01:45:00,9.8,9.8,9.8,9.8,4000,9.8,1
7786,2015-04-16 01:46:00,9.8,9.8,9.8,9.8,0,9.8,0
7787,2015-04-16 01:47:00,9.8,9.8,9.8,9.8,0,9.8,0
7788,2015-04-16 01:48:00,9.8,9.8,9.8,9.8,0,9.8,0
7789,2015-04-16 01:49:00,9.79,9.8,9.79,9.79,126000,9.7921,8
7790,2015-04-16 01:50:00,9.79,9.8,9.79,9.8,80000,9.7913,11
7791,2015-04-16 01:51:00,9.8,9.81,9.79,9.8,148000,9.8061,8
7792,2015-04-16 01:52:00,9.82,9.82,9.82,9.82,14000,9.82,3
7793,2015-04-16 01:53:00,9.81,9.81,9.8,9.8,112000,9.807,4
7794,2015-04-16 01:54:00,9.79,9.79,9.79,9.79,46000,9.79,4
7795,2015-04-16 01:55:00,9.78,9.78,9.78,9.78,2000,9.78,1
7796,2015-04-16 01:56:00,9.79,9.81,9.79,9.81,112000,9.7957,4
7797,2015-04-16 01:57:00,9.81,9.82,9.8,9.81,36000,9.8094,7
7798,2015-04-16 01:58:00,9.82,9.82,9.82,9.82,4000,9.82,1
7799,2015-04-16 01:59:00,9.82,9.82,9.82,9.82,32000,9.82,7
7800,2015-04-16 02:00:00,9.82,9.82,9.82,9.82,42000,9.82,5
7801,2015-04-16 02:01:00,9.82,9.82,9.82,9.82,10000,9.82,1
7802,2015-04-16 02:02:00,9.82,9.82,9.79,9.79,290000,9.8064,8
7803,2015-04-16 02:03:00,9.8,9.8,9.79,9.79,312000,9.7937,12
7804,2015-04-16 02:04:00,9.81,9.81,9.81,9.81,6000,9.81,2
7805,2015-04-16 02:05:00,9.81,9.81,9.8,9.8,6000,9.8067,2
7806,2015-04-16 02:06:00,9.81,9.81,9.81,9.81,4000,9.81,1
7807,2015-04-16 02:07:00,9.81,9.81,9.81,9.81,0,9.81,0
7808,2015-04-16 02:08:00,9.8,9.81,9.8,9.81,8000,9.8075,4
7809,2015-04-16 02:09:00,9.8,9.81,9.8,9.81,28000,9.8093,3
7810,2015-04-16 02:10:00,9.8,9.8,9.79,9.8,148000,9.7977,4
7811,2015-04-16 02:11:00,9.8,9.8,9.8,9.8,2000,9.8,1
7812,2015-04-16 02:12:00,9.79,9.79,9.79,9.79,56000,9.79,3
7813,2015-04-16 02:13:00,9.79,9.8,9.79,9.8,16000,9.7913,4
7814,2015-04-16 02:14:00,9.79,9.79,9.79,9.79,32000,9.79,1
7815,2015-04-16 02:15:00,9.78,9.78,9.78,9.78,36000,9.78,2
7816,2015-04-16 02:16:00,9.79,9.81,9.79,9.81,142000,9.7935,8
7817,2015-04-16 02:17:00,9.8,9.8,9.8,9.8,2000,9.8,1
7818,2015-04-16 02:18:00,9.81,9.81,9.8,9.8,6000,9.8033,3
7819,2015-04-16 02:19:00,9.8,9.81,9.8,9.81,64000,9.8081,8
7820,2015-04-16 02:20:00,9.81,9.81,9.81,9.81,2000,9.81,1
7821,2015-04-16 02:21:00,9.81,9.81,9.81,9.81,0,9.81,0
7822,2015-04-16 02:22:00,9.81,9.81,9.81,9.81,0,9.81,0
7823,2015-04-16 02:23:00,9.82,9.82,9.81,9.81,38000,9.8111,4
7824,2015-04-16 02:24:00,9.82,9.82,9.81,9.81,20000,9.815,2
7825,2015-04-16 02:25:00,9.82,9.82,9.81,9.81,8000,9.8175,3
7826,2015-04-16 02:26:00,9.81,9.82,9.81,9.81,24000,9.8125,5
7827,2015-04-16 02:27:00,9.81,9.82,9.81,9.82,10000,9.812,3
7828,2015-04-16 02:28:00,9.81,9.81,9.81,9.81,24000,9.81,6
7829,2015-04-16 02:29:00,9.82,9.82,9.78,9.78,252000,9.8021,18
7830,2015-04-16 02:30:00,9.78,9.78,9.78,9.78,0,9.78,0
7831,2015-04-16 02:31:00,9.79,9.8,9.77,9.8,178000,9.7922,13
7832,2015-04-16 02:32:00,9.81,9.81,9.81,9.81,2000,9.81,1
7833,2015-04-16 02:33:00,9.8,9.8,9.8,9.8,52000,9.8,6
7834,2015-04-16 02:34:00,9.8,9.8,9.8,9.8,94000,9.8,5
7835,2015-04-16 02:35:00,9.8,9.8,9.8,9.8,0,9.8,0
7836,2015-04-16 02:36:00,9.8,9.8,9.8,9.8,4000,9.8,2
7837,2015-04-16 02:37:00,9.8,9.81,9.8,9.8,16000,9.8025,5
7838,2015-04-16 02:38:00,9.8,9.8,9.79,9.79,68000,9.7976,4
7839,2015-04-16 02:39:00,9.8,9.8,9.79,9.79,6000,9.7933,3
7840,2015-04-16 02:40:00,9.8,9.8,9.79,9.8,114000,9.7998,6
7841,2015-04-16 02:41:00,9.8,9.8,9.8,9.8,0,9.8,0
7842,2015-04-16 02:42:00,9.81,9.81,9.81,9.81,2000,9.81,1
7843,2015-04-16 02:43:00,9.81,9.81,9.81,9.81,0,9.81,0
7844,2015-04-16 02:44:00,9.81,9.82,9.81,9.82,136000,9.8125,6
7845,2015-04-16 02:45:00,9.83,9.83,9.83,9.83,60000,9.83,10
7846,2015-04-16 02:46:00,9.84,9.85,9.83,9.84,276000,9.84,18
7847,2015-04-16 02:47:00,9.84,9.89,9.84,9.89,234000,9.8577,13
7848,2015-04-16 02:48:00,9.9,9.9,9.88,9.89,110000,9.8816,7
7849,2015-04-16 02:49:00,9.88,9.9,9.88,9.9,94000,9.8915,11
7850,2015-04-16 02:50:00,9.88,9.9,9.88,9.89,20000,9.892,8
7851,2015-04-16 02:51:00,9.9,9.9,9.89,9.89,16000,9.8975,4
7852,2015-04-16 02:52:00,9.89,9.9,9.89,9.89,80000,9.8915,11
7853,2015-04-16 02:53:00,9.9,9.9,9.9,9.9,18000,9.9,3
7854,2015-04-16 02:54:00,9.9,9.9,9.89,9.89,30000,9.8993,4
7855,2015-04-16 02:55:00,9.9,9.9,9.89,9.9,30000,9.8927,5
7856,2015-04-16 02:56:00,9.89,9.9,9.89,9.9,20000,9.893,5
7857,2015-04-16 02:57:00,9.9,9.93,9.9,9.92,408000,9.9116,19
7858,2015-04-16 02:58:00,9.93,9.94,9.93,9.94,118000,9.9363,12
7859,2015-04-16 02:59:00,9.94,9.94,9.94,9.94,78000,9.94,14
7860,2015-04-16 03:00:00,9.94,9.94,9.93,9.93,152000,9.9387,17
7861,2015-04-16 03:01:00,9.94,9.94,9.93,9.93,80000,9.9338,11
7862,2015-04-16 03:02:00,9.92,9.92,9.91,9.92,90000,9.9171,8
7863,2015-04-16 03:03:00,9.92,9.92,9.92,9.92,18000,9.92,6
7864,2015-04-16 03:04:00,9.92,9.92,9.92,9.92,24000,9.92,5
7865,2015-04-16 03:05:00,9.92,9.92,9.91,9.91,36000,9.9189,5
7866,2015-04-16 03:06:00,9.91,9.91,9.91,9.91,4000,9.91,2
7867,2015-04-16 03:07:00,9.92,9.92,9.9,9.9,26000,9.9046,7
7868,2015-04-16 03:08:00,9.9,9.91,9.9,9.9,40000,9.9005,5
7869,2015-04-16 03:09:00,9.9,9.9,9.9,9.9,12000,9.9,3
7870,2015-04-16 03:10:00,9.9,9.9,9.9,9.9,30000,9.9,5
7871,2015-04-16 03:11:00,9.9,9.9,9.9,9.9,4000,9.9,2
7872,2015-04-16 03:12:00,9.91,9.93,9.9,9.93,204000,9.9143,12
7873,2015-04-16 03:13:00,9.93,9.94,9.93,9.93,42000,9.9305,12
7874,2015-04-16 03:14:00,9.94,9.94,9.94,9.94,14000,9.94,3
7875,2015-04-16 03:15:00,9.93,9.94,9.93,9.94,6000,9.9367,2
7876,2015-04-16 03:16:00,9.94,9.94,9.93,9.93,4000,9.935,2
7877,2015-04-16 03:17:00,9.94,9.94,9.93,9.94,14000,9.9386,3
7878,2015-04-16 03:18:00,9.93,9.94,9.93,9.93,54000,9.9319,6
7879,2015-04-16 03:19:00,9.94,9.94,9.92,9.92,156000,9.9299,5
7880,2015-04-16 03:20:00,9.92,9.92,9.92,9.92,28000,9.92,4
7881,2015-04-16 03:21:00,9.93,9.93,9.91,9.92,28000,9.9157,5
7882,2015-04-16 03:22:00,9.92,9.92,9.92,9.92,94000,9.92,4
7883,2015-04-16 03:23:00,9.93,9.93,9.93,9.93,76000,9.93,6
7884,2015-04-16 03:24:00,9.93,9.93,9.93,9.93,170000,9.93,7
7885,2015-04-16 03:25:00,9.94,9.94,9.93,9.94,138000,9.9397,5
7886,2015-04-16 03:26:00,9.94,9.97,9.94,9.96,312000,9.9578,11
7887,2015-04-16 03:27:00,9.96,9.96,9.96,9.96,18000,9.96,3
7888,2015-04-16 03:28:00,9.96,9.96,9.95,9.95,62000,9.9532,6
7889,2015-04-16 03:29:00,9.95,9.96,9.95,9.95,20000,9.955,3
7890,2015-04-16 03:30:00,9.96,9.98,9.96,9.98,106000,9.9642,5
7891,2015-04-16 03:31:00,9.97,9.97,9.97,9.97,26000,9.97,4
7892,2015-04-16 03:32:00,9.97,9.98,9.97,9.97,110000,9.9702,10
7893,2015-04-16 03:33:00,9.96,9.96,9.96,9.96,10000,9.96,4
7894,2015-04-16 03:34:00,9.96,9.96,9.96,9.96,26000,9.96,4
7895,2015-04-16 03:35:00,9.97,9.97,9.92,9.92,56000,9.9554,7
7896,2015-04-16 03:36:00,9.92,9.93,9.92,9.92,30000,9.9227,7
7897,2015-04-16 03:37:00,9.92,9.92,9.91,9.91,50000,9.9112,6
7898,2015-04-16 03:38:00,9.91,9.91,9.91,9.91,8000,9.91,2
7899,2015-04-16 03:39:00,9.91,9.91,9.91,9.91,2000,9.91,1
7900,2015-04-16 03:40:00,9.91,9.92,9.91,9.92,6000,9.9133,2
7901,2015-04-16 03:41:00,9.91,9.92,9.91,9.92,44000,9.9145,6
7902,2015-04-16 03:42:00,9.92,9.92,9.91,9.92,8000,9.9175,3
7903,2015-04-16 03:43:00,9.91,9.94,9.91,9.92,142000,9.9207,10
7904,2015-04-16 03:44:00,9.94,9.96,9.94,9.95,66000,9.9497,10
7905,2015-04-16 03:45:00,9.95,9.96,9.95,9.96,66000,9.9576,9
7906,2015-04-16 03:46:00,9.96,9.96,9.96,9.96,76000,9.96,8
7907,2015-04-16 03:47:00,9.97,9.97,9.96,9.96,34000,9.9682,7
7908,2015-04-16 03:48:00,9.96,9.97,9.96,9.96,58000,9.9659,6
7909,2015-04-16 03:49:00,9.96,9.97,9.96,9.97,84000,9.9674,11
7910,2015-04-16 03:50:00,9.97,9.98,9.97,9.98,688000,9.9742,15
7911,2015-04-16 03:51:00,9.96,9.96,9.95,9.95,106000,9.9543,11
7912,2015-04-16 03:52:00,9.95,9.96,9.95,9.96,92000,9.953,13
7913,2015-04-16 03:53:00,9.95,9.98,9.95,9.98,176000,9.9655,15
7914,2015-04-16 03:54:00,9.98,9.99,9.97,9.98,228000,9.98,12
7915,2015-04-16 03:55:00,9.98,9.98,9.97,9.98,130000,9.9769,18
7916,2015-04-16 03:56:00,9.98,9.98,9.97,9.97,92000,9.9791,17
7917,2015-04-16 03:57:00,9.97,9.98,9.97,9.97,370000,9.9728,22
7918,2015-04-16 03:58:00,9.98,9.98,9.97,9.97,164000,9.9728,27
7919,2015-04-16 03:59:00,9.98,10.0,9.98,10.0,1010000,9.9894,111
7920,2015-04-16 21:30:00,10.1,10.28,10.06,10.22,1014000,10.1758,83
7921,2015-04-16 21:31:00,10.24,10.28,10.12,10.16,454000,10.2023,40
7922,2015-04-16 21:32:00,10.14,10.18,10.04,10.04,136000,10.1024,19
7923,2015-04-16 21:33:00,10.08,10.1,10.04,10.06,88000,10.0686,9
7924,2015-04-16 21:34:00,10.08,10.08,10.08,10.08,18000,10.08,3
7925,2015-04-16 21:35:00,10.06,10.08,10.04,10.04,152000,10.0679,11
7926,2015-04-16 21:36:00,10.04,10.06,10.04,10.06,92000,10.0517,6
7927,2015-04-16 21:37:00,10.08,10.14,10.08,10.14,280000,10.0961,17
7928,2015-04-16 21:38:00,10.12,10.14,10.08,10.12,242000,10.1064,12
7929,2015-04-16 21:39:00,10.1,10.12,10.1,10.1,150000,10.1096,5
7930,2015-04-16 21:40:00,10.1,10.1,10.08,10.08,130000,10.0822,5
7931,2015-04-16 21:41:00,10.06,10.06,10.06,10.06,6000,10.06,1
7932,2015-04-16 21:42:00,10.06,10.1,9.95,10.06,404000,10.0099,19
7933,2015-04-16 21:43:00,9.99,10.02,9.98,9.99,214000,9.9838,13
7934,2015-04-16 21:44:00,9.97,9.97,9.95,9.95,22000,9.9645,3
7935,2015-04-16 21:45:00,9.95,9.98,9.95,9.98,22000,9.9664,6
7936,2015-04-16 21:46:00,9.95,9.96,9.92,9.94,454000,9.9379,18
7937,2015-04-16 21:47:00,9.94,9.95,9.93,9.95,34000,9.9406,8
7938,2015-04-16 21:48:00,9.95,9.95,9.92,9.92,46000,9.9409,4
7939,2015-04-16 21:49:00,9.93,9.93,9.88,9.91,194000,9.9082,12
7940,2015-04-16 21:50:00,9.92,9.92,9.88,9.9,158000,9.8933,13
7941,2015-04-16 21:51:00,9.9,9.93,9.9,9.92,246000,9.912,11
7942,2015-04-16 21:52:00,9.92,9.94,9.92,9.93,132000,9.9308,7
7943,2015-04-16 21:53:00,9.93,9.94,9.93,9.94,260000,9.9356,10
7944,2015-04-16 21:54:00,9.93,9.93,9.92,9.92,74000,9.9249,6
7945,2015-04-16 21:55:00,9.91,9.92,9.91,9.91,96000,9.9169,7
7946,2015-04-16 21:56:00,9.91,9.91,9.87,9.88,210000,9.8945,13
7947,2015-04-16 21:57:00,9.88,9.9,9.87,9.9,266000,9.8799,9
7948,2015-04-16 21:58:00,9.9,9.91,9.9,9.91,210000,9.9015,4
7949,2015-04-16 21:59:00,9.9,9.9,9.88,9.88,84000,9.8971,2
7950,2015-04-16 22:00:00,9.88,9.91,9.88,9.89,38000,9.8905,4
7951,2015-04-16 22:01:00,9.91,9.91,9.88,9.88,40000,9.8935,4
7952,2015-04-16 22:02:00,9.88,9.88,9.87,9.87,32000,9.8713,5
7953,2015-04-16 22:03:00,9.86,9.91,9.85,9.9,324000,9.8752,15
7954,2015-04-16 22:04:00,9.9,9.9,9.88,9.88,40000,9.8985,4
7955,2015-04-16 22:05:00,9.87,9.88,9.86,9.87,116000,9.8702,12
7956,2015-04-16 22:06:00,9.87,9.87,9.87,9.87,0,9.87,0
7957,2015-04-16 22:07:00,9.89,9.89,9.86,9.89,182000,9.8781,13
7958,2015-04-16 22:08:00,9.9,9.91,9.88,9.91,128000,9.9036,8
7959,2015-04-16 22:09:00,9.91,9.92,9.9,9.9,24000,9.9175,3
7960,2015-04-16 22:10:00,9.92,9.92,9.9,9.9,42000,9.9029,6
7961,2015-04-16 22:11:00,9.9,9.93,9.88,9.93,438000,9.9115,17
7962,2015-04-16 22:12:00,9.94,9.98,9.92,9.98,160000,9.9529,14
7963,2015-04-16 22:13:00,9.93,9.94,9.93,9.93,60000,9.9327,6
7964,2015-04-16 22:14:00,9.95,9.95,9.95,9.95,46000,9.95,5
7965,2015-04-16 22:15:00,9.95,9.95,9.95,9.95,0,9.95,0
7966,2015-04-16 22:16:00,9.94,9.94,9.94,9.94,26000,9.94,2
7967,2015-04-16 22:17:00,9.94,9.94,9.94,9.94,10000,9.94,1
7968,2015-04-16 22:18:00,9.93,9.94,9.93,9.94,162000,9.9331,7
7969,2015-04-16 22:19:00,9.94,9.94,9.93,9.94,88000,9.9389,9
7970,2015-04-16 22:20:00,9.94,9.94,9.93,9.93,18000,9.9378,4
7971,2015-04-16 22:21:00,9.92,9.94,9.92,9.94,76000,9.935,5
7972,2015-04-16 22:22:00,9.92,9.92,9.92,9.92,20000,9.92,1
7973,2015-04-16 22:23:00,9.93,9.93,9.93,9.93,8000,9.93,1
7974,2015-04-16 22:24:00,9.93,9.93,9.93,9.93,76000,9.93,12
7975,2015-04-16 22:25:00,9.94,9.94,9.93,9.93,36000,9.9328,5
7976,2015-04-16 22:26:00,9.93,9.93,9.93,9.93,2000,9.93,1
7977,2015-04-16 22:27:00,9.93,9.93,9.93,9.93,0,9.93,0
7978,2015-04-16 22:28:00,9.93,9.93,9.93,9.93,0,9.93,0
7979,2015-04-16 22:29:00,9.94,9.94,9.94,9.94,2000,9.94,1
7980,2015-04-16 22:30:00,9.94,9.94,9.94,9.94,0,9.94,0
7981,2015-04-16 22:31:00,9.94,9.94,9.94,9.94,4000,9.94,1
7982,2015-04-16 22:32:00,9.94,9.95,9.94,9.95,194000,9.9416,6
7983,2015-04-16 22:33:00,9.94,9.95,9.94,9.95,30000,9.9467,3
7984,2015-04-16 22:34:00,9.94,9.94,9.94,9.94,56000,9.94,3
7985,2015-04-16 22:35:00,9.94,9.94,9.94,9.94,0,9.94,0
7986,2015-04-16 22:36:00,9.93,9.93,9.93,9.93,22000,9.93,1
7987,2015-04-16 22:37:00,9.93,9.94,9.93,9.93,214000,9.9312,8
7988,2015-04-16 22:38:00,9.95,9.96,9.94,9.94,50000,9.9488,8
7989,2015-04-16 22:39:00,9.95,9.95,9.94,9.94,18000,9.9467,4
7990,2015-04-16 22:40:00,9.94,9.94,9.92,9.93,148000,9.9312,6
7991,2015-04-16 22:41:00,9.93,9.93,9.93,9.93,0,9.93,0
7992,2015-04-16 22:42:00,9.92,9.92,9.87,9.89,922000,9.9044,21
7993,2015-04-16 22:43:00,9.88,9.88,9.88,9.88,18000,9.88,1
7994,2015-04-16 22:44:00,9.9,9.9,9.9,9.9,6000,9.9,1
7995,2015-04-16 22:45:00,9.88,9.88,9.85,9.85,214000,9.8679,5
7996,2015-04-16 22:46:00,9.86,9.86,9.83,9.83,270000,9.8523,7
7997,2015-04-16 22:47:00,9.83,9.83,9.83,9.83,0,9.83,0
7998,2015-04-16 22:48:00,9.83,9.83,9.83,9.83,96000,9.83,11
7999,2015-04-16 22:49:00,9.83,9.86,9.83,9.86,90000,9.844,7
8000,2015-04-16 22:50:00,9.85,9.85,9.84,9.84,44000,9.8491,2
8001,2015-04-16 22:51:00,9.84,9.84,9.82,9.83,60000,9.8283,9
8002,2015-04-16 22:52:00,9.83,9.84,9.83,9.84,10000,9.832,5
8003,2015-04-16 22:53:00,9.83,9.84,9.83,9.84,66000,9.8397,9
8004,2015-04-16 22:54:00,9.85,9.85,9.85,9.85,6000,9.85,3
8005,2015-04-16 22:55:00,9.85,9.85,9.84,9.85,82000,9.8498,9
8006,2015-04-16 22:56:00,9.85,9.85,9.85,9.85,6000,9.85,1
8007,2015-04-16 22:57:00,9.85,9.85,9.85,9.85,2000,9.85,1
8008,2015-04-16 22:58:00,9.86,9.86,9.85,9.85,14000,9.8543,4
8009,2015-04-16 22:59:00,9.85,9.86,9.85,9.86,24000,9.8567,4
8010,2015-04-16 23:00:00,9.86,9.86,9.86,9.86,12000,9.86,2
8011,2015-04-16 23:01:00,9.86,9.86,9.84,9.84,98000,9.8504,7
8012,2015-04-16 23:02:00,9.84,9.84,9.83,9.83,46000,9.8387,5
8013,2015-04-16 23:03:00,9.83,9.83,9.82,9.82,64000,9.8263,6
8014,2015-04-16 23:04:00,9.83,9.84,9.82,9.84,114000,9.8304,12
8015,2015-04-16 23:05:00,9.83,9.83,9.83,9.83,16000,9.83,4
8016,2015-04-16 23:06:00,9.84,9.84,9.82,9.83,24000,9.8308,4
8017,2015-04-16 23:07:00,9.83,9.83,9.83,9.83,8000,9.83,2
8018,2015-04-16 23:08:00,9.83,9.83,9.82,9.83,78000,9.8238,7
8019,2015-04-16 23:09:00,9.82,9.82,9.8,9.82,334000,9.8136,23
8020,2015-04-16 23:10:00,9.82,9.82,9.82,9.82,26000,9.82,2
8021,2015-04-16 23:11:00,9.82,9.83,9.8,9.83,138000,9.8165,18
8022,2015-04-16 23:12:00,9.82,9.85,9.82,9.85,92000,9.8287,11
8023,2015-04-16 23:13:00,9.84,9.85,9.84,9.85,20000,9.848,5
8024,2015-04-16 23:14:00,9.85,9.85,9.84,9.85,34000,9.8441,7
8025,2015-04-16 23:15:00,9.84,9.85,9.84,9.84,48000,9.845,8
8026,2015-04-16 23:16:00,9.84,9.84,9.84,9.84,10000,9.84,1
8027,2015-04-16 23:17:00,9.84,9.89,9.84,9.89,284000,9.8544,29
8028,2015-04-16 23:18:00,9.89,9.89,9.88,9.89,58000,9.8855,8
8029,2015-04-16 23:19:00,9.87,9.87,9.85,9.86,34000,9.8665,4
8030,2015-04-16 23:20:00,9.87,9.89,9.87,9.89,92000,9.875,12
8031,2015-04-16 23:21:00,9.89,9.89,9.88,9.88,6000,9.8833,3
8032,2015-04-16 23:22:00,9.87,9.88,9.85,9.85,78000,9.8641,5
8033,2015-04-16 23:23:00,9.85,9.85,9.85,9.85,0,9.85,0
8034,2015-04-16 23:24:00,9.87,9.87,9.87,9.87,2000,9.87,1
8035,2015-04-16 23:25:00,9.86,9.86,9.86,9.86,6000,9.86,1
8036,2015-04-16 23:26:00,9.86,9.89,9.85,9.88,352000,9.8697,43
8037,2015-04-16 23:27:00,9.88,9.88,9.88,9.88,0,9.88,0
8038,2015-04-16 23:28:00,9.87,9.88,9.87,9.87,78000,9.8731,5
8039,2015-04-16 23:29:00,9.86,9.86,9.86,9.86,6000,9.86,2
8040,2015-04-16 23:30:00,9.87,9.87,9.85,9.85,12000,9.86,3
8041,2015-04-16 23:31:00,9.86,9.87,9.86,9.87,104000,9.8627,7
8042,2015-04-16 23:32:00,9.85,9.86,9.85,9.86,22000,9.8582,6
8043,2015-04-16 23:33:00,9.85,9.86,9.85,9.86,20000,9.858,3
8044,2015-04-16 23:34:00,9.86,9.86,9.86,9.86,4000,9.86,2
8045,2015-04-16 23:35:00,9.85,9.87,9.85,9.86,72000,9.8631,8
8046,2015-04-16 23:36:00,9.87,9.87,9.86,9.86,18000,9.8611,3
8047,2015-04-16 23:37:00,9.86,9.86,9.86,9.86,26000,9.86,3
8048,2015-04-16 23:38:00,9.86,9.86,9.86,9.86,0,9.86,0
8049,2015-04-16 23:39:00,9.87,9.88,9.86,9.88,124000,9.8753,13
8050,2015-04-16 23:40:00,9.88,9.88,9.88,9.88,0,9.88,0
8051,2015-04-16 23:41:00,9.89,9.93,9.89,9.92,170000,9.9064,12
8052,2015-04-16 23:42:00,9.93,9.94,9.93,9.94,60000,9.9307,6
8053,2015-04-16 23:43:00,9.93,9.94,9.93,9.93,64000,9.9331,3
8054,2015-04-16 23:44:00,9.92,9.92,9.9,9.91,30000,9.91,4
8055,2015-04-16 23:45:00,9.9,9.9,9.9,9.9,20000,9.9,6
8056,2015-04-16 23:46:00,9.91,9.91,9.9,9.9,6000,9.9033,2
8057,2015-04-16 23:47:00,9.91,9.92,9.9,9.9,134000,9.9093,10
8058,2015-04-16 23:48:00,9.9,9.9,9.9,9.9,26000,9.9,5
8059,2015-04-16 23:49:00,9.9,9.9,9.9,9.9,0,9.9,0
8060,2015-04-16 23:50:00,9.88,9.88,9.88,9.88,4000,9.88,1
8061,2015-04-16 23:51:00,9.89,9.89,9.88,9.88,6000,9.8833,2
8062,2015-04-16 23:52:00,9.88,9.88,9.87,9.88,172000,9.8793,7
8063,2015-04-16 23:53:00,9.87,9.87,9.87,9.87,12000,9.87,1
8064,2015-04-16 23:54:00,9.88,9.88,9.88,9.88,2000,9.88,1
8065,2015-04-16 23:55:00,9.88,9.89,9.88,9.88,10000,9.882,3
8066,2015-04-16 23:56:00,9.89,9.91,9.89,9.9,150000,9.9011,12
8067,2015-04-16 23:57:00,9.9,9.9,9.89,9.89,30000,9.8913,2
8068,2015-04-16 23:58:00,9.89,9.89,9.88,9.88,42000,9.8843,9
8069,2015-04-16 23:59:00,9.88,9.88,9.88,9.88,20000,9.88,9
8070,2015-04-17 01:00:00,9.88,9.89,9.87,9.88,56000,9.8746,13
8071,2015-04-17 01:01:00,9.87,9.87,9.86,9.86,26000,9.8685,6
8072,2015-04-17 01:02:00,9.86,9.87,9.86,9.86,46000,9.8657,9
8073,2015-04-17 01:03:00,9.86,9.87,9.86,9.87,138000,9.8655,8
8074,2015-04-17 01:04:00,9.87,9.87,9.87,9.87,0,9.87,0
8075,2015-04-17 01:05:00,9.87,9.87,9.86,9.86,78000,9.8664,5
8076,2015-04-17 01:06:00,9.85,9.85,9.85,9.85,4000,9.85,1
8077,2015-04-17 01:07:00,9.85,9.85,9.81,9.83,416000,9.8366,15
8078,2015-04-17 01:08:00,9.83,9.83,9.83,9.83,104000,9.83,8
8079,2015-04-17 01:09:00,9.83,9.83,9.82,9.82,64000,9.8297,4
8080,2015-04-17 01:10:00,9.82,9.82,9.82,9.82,44000,9.82,10
8081,2015-04-17 01:11:00,9.82,9.83,9.82,9.83,70000,9.8297,8
8082,2015-04-17 01:12:00,9.83,9.83,9.83,9.83,22000,9.83,3
8083,2015-04-17 01:13:00,9.83,9.84,9.83,9.84,38000,9.8311,4
8084,2015-04-17 01:14:00,9.83,9.84,9.83,9.84,40000,9.8395,4
8085,2015-04-17 01:15:00,9.83,9.83,9.83,9.83,6000,9.83,2
8086,2015-04-17 01:16:00,9.83,9.84,9.83,9.84,22000,9.8382,2
8087,2015-04-17 01:17:00,9.84,9.84,9.84,9.84,8000,9.84,1
8088,2015-04-17 01:18:00,9.83,9.84,9.83,9.84,42000,9.8367,8
8089,2015-04-17 01:19:00,9.84,9.85,9.84,9.85,132000,9.8426,8
8090,2015-04-17 01:20:00,9.85,9.86,9.85,9.86,70000,9.8566,5
8091,2015-04-17 01:21:00,9.87,9.87,9.87,9.87,20000,9.87,1
8092,2015-04-17 01:22:00,9.86,9.86,9.86,9.86,58000,9.86,4
8093,2015-04-17 01:23:00,9.85,9.86,9.85,9.85,34000,9.8506,7
8094,2015-04-17 01:24:00,9.85,9.85,9.84,9.84,14000,9.8486,2
8095,2015-04-17 01:25:00,9.84,9.84,9.84,9.84,40000,9.84,4
8096,2015-04-17 01:26:00,9.85,9.85,9.84,9.85,14000,9.8486,3
8097,2015-04-17 01:27:00,9.85,9.85,9.84,9.84,6000,9.8433,3
8098,2015-04-17 01:28:00,9.84,9.84,9.84,9.84,10000,9.84,4
8099,2015-04-17 01:29:00,9.84,9.84,9.82,9.83,256000,9.8318,15
8100,2015-04-17 01:30:00,9.83,9.83,9.83,9.83,2000,9.83,1
8101,2015-04-17 01:31:00,9.83,9.83,9.83,9.83,50000,9.83,6
8102,2015-04-17 01:32:00,9.84,9.85,9.84,9.85,86000,9.8426,4
8103,2015-04-17 01:33:00,9.85,9.85,9.85,9.85,0,9.85,0
8104,2015-04-17 01:34:00,9.85,9.85,9.84,9.84,8000,9.8425,2
8105,2015-04-17 01:35:00,9.84,9.84,9.84,9.84,28000,9.84,2
8106,2015-04-17 01:36:00,9.83,9.84,9.83,9.83,6000,9.8333,3
8107,2015-04-17 01:37:00,9.83,9.83,9.83,9.83,2000,9.83,1
8108,2015-04-17 01:38:00,9.83,9.84,9.83,9.83,12000,9.8333,5
8109,2015-04-17 01:39:00,9.83,9.84,9.83,9.83,14000,9.8343,5
8110,2015-04-17 01:40:00,9.83,9.83,9.81,9.82,338000,9.8256,14
8111,2015-04-17 01:41:00,9.82,9.82,9.82,9.82,70000,9.82,8
8112,2015-04-17 01:42:00,9.82,9.82,9.82,9.82,16000,9.82,4
8113,2015-04-17 01:43:00,9.82,9.82,9.82,9.82,32000,9.82,6
8114,2015-04-17 01:44:00,9.82,9.82,9.82,9.82,4000,9.82,1
8115,2015-04-17 01:45:00,9.82,9.82,9.82,9.82,32000,9.82,3
8116,2015-04-17 01:46:00,9.82,9.82,9.82,9.82,0,9.82,0
8117,2015-04-17 01:47:00,9.81,9.81,9.81,9.81,4000,9.81,2
8118,2015-04-17 01:48:00,9.82,9.82,9.81,9.81,24000,9.8108,8
8119,2015-04-17 01:49:00,9.81,9.81,9.8,9.8,238000,9.8095,25
8120,2015-04-17 01:50:00,9.81,9.81,9.8,9.8,50000,9.8084,5
8121,2015-04-17 01:51:00,9.81,9.81,9.81,9.81,2000,9.81,1
8122,2015-04-17 01:52:00,9.81,9.81,9.81,9.81,28000,9.81,6
8123,2015-04-17 01:53:00,9.81,9.81,9.8,9.8,8000,9.8025,3
8124,2015-04-17 01:54:00,9.8,9.8,9.8,9.8,6000,9.8,3
8125,2015-04-17 01:55:00,9.8,9.8,9.8,9.8,72000,9.8,10
8126,2015-04-17 01:56:00,9.8,9.8,9.8,9.8,22000,9.8,6
8127,2015-04-17 01:57:00,9.8,9.8,9.8,9.8,8000,9.8,4
8128,2015-04-17 01:58:00,9.8,9.8,9.8,9.8,14000,9.8,5
8129,2015-04-17 01:59:00,9.8,9.81,9.8,9.81,28000,9.8086,4
8130,2015-04-17 02:00:00,9.81,9.81,9.8,9.8,34000,9.8006,5
8131,2015-04-17 02:01:00,9.8,9.81,9.8,9.81,18000,9.8078,4
8132,2015-04-17 02:02:00,9.81,9.81,9.81,9.81,130000,9.81,10
8133,2015-04-17 02:03:00,9.82,9.83,9.82,9.83,72000,9.8217,5
8134,2015-04-17 02:04:00,9.83,9.83,9.83,9.83,14000,9.83,2
8135,2015-04-17 02:05:00,9.83,9.83,9.83,9.83,18000,9.83,3
8136,2015-04-17 02:06:00,9.83,9.83,9.83,9.83,2000,9.83,1
8137,2015-04-17 02:07:00,9.82,9.82,9.81,9.82,242000,9.8192,16
8138,2015-04-17 02:08:00,9.82,9.82,9.81,9.81,88000,9.8175,6
8139,2015-04-17 02:09:00,9.81,9.81,9.81,9.81,8000,9.81,4
8140,2015-04-17 02:10:00,9.81,9.81,9.81,9.81,70000,9.81,7
8141,2015-04-17 02:11:00,9.82,9.85,9.82,9.85,168000,9.8276,8
8142,2015-04-17 02:12:00,9.85,9.85,9.85,9.85,0,9.85,0
8143,2015-04-17 02:13:00,9.84,9.84,9.83,9.83,76000,9.8368,6
8144,2015-04-17 02:14:00,9.83,9.85,9.83,9.83,52000,9.8392,5
8145,2015-04-17 02:15:00,9.83,9.83,9.83,9.83,0,9.83,0
8146,2015-04-17 02:16:00,9.84,9.84,9.84,9.84,30000,9.84,4
8147,2015-04-17 02:17:00,9.84,9.84,9.84,9.84,0,9.84,0
8148,2015-04-17 02:18:00,9.84,9.84,9.82,9.82,244000,9.8339,7
8149,2015-04-17 02:19:00,9.83,9.83,9.83,9.83,112000,9.83,8
8150,2015-04-17 02:20:00,9.83,9.83,9.83,9.83,10000,9.83,3
8151,2015-04-17 02:21:00,9.84,9.84,9.84,9.84,40000,9.84,5
8152,2015-04-17 02:22:00,9.84,9.84,9.84,9.84,0,9.84,0
8153,2015-04-17 02:23:00,9.84,9.84,9.84,9.84,38000,9.84,2
8154,2015-04-17 02:24:00,9.84,9.85,9.84,9.85,74000,9.8416,7
8155,2015-04-17 02:25:00,9.85,9.85,9.85,9.85,0,9.85,0
8156,2015-04-17 02:26:00,9.84,9.84,9.84,9.84,44000,9.84,5
8157,2015-04-17 02:27:00,9.84,9.84,9.84,9.84,60000,9.84,4
8158,2015-04-17 02:28:00,9.84,9.84,9.84,9.84,38000,9.84,5
8159,2015-04-17 02:29:00,9.85,9.85,9.84,9.85,30000,9.8493,3
8160,2015-04-17 02:30:00,9.85,9.85,9.84,9.85,58000,9.8452,10
8161,2015-04-17 02:31:00,9.84,9.85,9.84,9.85,24000,9.8492,3
8162,2015-04-17 02:32:00,9.84,9.85,9.84,9.85,42000,9.8495,4
8163,2015-04-17 02:33:00,9.85,9.85,9.85,9.85,84000,9.85,8
8164,2015-04-17 02:34:00,9.85,9.86,9.85,9.86,42000,9.8543,4
8165,2015-04-17 02:35:00,9.86,9.86,9.86,9.86,30000,9.86,3
8166,2015-04-17 02:36:00,9.86,9.86,9.86,9.86,4000,9.86,2
8167,2015-04-17 02:37:00,9.87,9.88,9.87,9.87,64000,9.8747,7
8168,2015-04-17 02:38:00,9.88,9.89,9.88,9.88,62000,9.8858,4
8169,2015-04-17 02:39:00,9.89,9.89,9.88,9.88,24000,9.8875,2
8170,2015-04-17 02:40:00,9.88,9.89,9.88,9.89,24000,9.885,4
8171,2015-04-17 02:41:00,9.89,9.89,9.88,9.88,46000,9.8874,4
8172,2015-04-17 02:42:00,9.89,9.9,9.89,9.9,122000,9.8911,11
8173,2015-04-17 02:43:00,9.89,9.9,9.89,9.9,24000,9.8967,4
8174,2015-04-17 02:44:00,9.9,9.9,9.9,9.9,20000,9.9,2
8175,2015-04-17 02:45:00,9.9,9.9,9.9,9.9,98000,9.9,4
8176,2015-04-17 02:46:00,9.9,9.91,9.9,9.91,76000,9.9026,5
8177,2015-04-17 02:47:00,9.91,9.91,9.9,9.91,174000,9.9083,9
8178,2015-04-17 02:48:00,9.91,9.91,9.88,9.88,80000,9.8908,7
8179,2015-04-17 02:49:00,9.88,9.88,9.88,9.88,10000,9.88,1
8180,2015-04-17 02:50:00,9.87,9.88,9.85,9.85,20000,9.867,6
8181,2015-04-17 02:51:00,9.85,9.85,9.84,9.84,38000,9.8468,5
8182,2015-04-17 02:52:00,9.83,9.84,9.83,9.84,104000,9.8388,11
8183,2015-04-17 02:53:00,9.84,9.86,9.84,9.85,84000,9.8517,4
8184,2015-04-17 02:54:00,9.85,9.85,9.85,9.85,2000,9.85,1
8185,2015-04-17 02:55:00,9.86,9.86,9.85,9.85,44000,9.8505,5
8186,2015-04-17 02:56:00,9.84,9.85,9.84,9.85,44000,9.8486,6
8187,2015-04-17 02:57:00,9.86,9.86,9.86,9.86,26000,9.86,3
8188,2015-04-17 02:58:00,9.85,9.85,9.85,9.85,6000,9.85,3
8189,2015-04-17 02:59:00,9.85,9.87,9.85,9.87,58000,9.8583,11
8190,2015-04-17 03:00:00,9.87,9.87,9.87,9.87,0,9.87,0
8191,2015-04-17 03:01:00,9.87,9.87,9.87,9.87,0,9.87,0
8192,2015-04-17 03:02:00,9.87,9.87,9.87,9.87,0,9.87,0
8193,2015-04-17 03:03:00,9.86,9.86,9.86,9.86,64000,9.86,4
8194,2015-04-17 03:04:00,9.85,9.85,9.85,9.85,4000,9.85,1
8195,2015-04-17 03:05:00,9.85,9.86,9.85,9.85,80000,9.8518,5
8196,2015-04-17 03:06:00,9.85,9.85,9.82,9.83,164000,9.8402,8
8197,2015-04-17 03:07:00,9.83,9.83,9.83,9.83,48000,9.83,5
8198,2015-04-17 03:08:00,9.83,9.83,9.83,9.83,54000,9.83,7
8199,2015-04-17 03:09:00,9.83,9.83,9.82,9.82,102000,9.8241,10
8200,2015-04-17 03:10:00,9.82,9.82,9.82,9.82,2000,9.82,1
8201,2015-04-17 03:11:00,9.83,9.84,9.83,9.83,68000,9.8326,5
8202,2015-04-17 03:12:00,9.83,9.83,9.83,9.83,0,9.83,0
8203,2015-04-17 03:13:00,9.84,9.84,9.84,9.84,26000,9.84,4
8204,2015-04-17 03:14:00,9.83,9.84,9.83,9.84,18000,9.8344,3
8205,2015-04-17 03:15:00,9.83,9.84,9.83,9.84,102000,9.8351,6
8206,2015-04-17 03:16:00,9.84,9.84,9.84,9.84,4000,9.84,1
8207,2015-04-17 03:17:00,9.84,9.84,9.83,9.83,24000,9.835,4
8208,2015-04-17 03:18:00,9.83,9.83,9.83,9.83,46000,9.83,4
8209,2015-04-17 03:19:00,9.83,9.84,9.83,9.84,72000,9.8394,3
8210,2015-04-17 03:20:00,9.83,9.83,9.83,9.83,10000,9.83,4
8211,2015-04-17 03:21:00,9.83,9.84,9.83,9.84,4000,9.835,2
8212,2015-04-17 03:22:00,9.84,9.84,9.84,9.84,0,9.84,0
8213,2015-04-17 03:23:00,9.84,9.84,9.84,9.84,12000,9.84,2
8214,2015-04-17 03:24:00,9.84,9.84,9.83,9.83,6000,9.8333,2
8215,2015-04-17 03:25:00,9.83,9.85,9.83,9.85,96000,9.8412,8
8216,2015-04-17 03:26:00,9.85,9.85,9.85,9.85,0,9.85,0
8217,2015-04-17 03:27:00,9.85,9.86,9.85,9.86,84000,9.8579,5
8218,2015-04-17 03:28:00,9.86,9.86,9.86,9.86,0,9.86,0
8219,2015-04-17 03:29:00,9.86,9.86,9.86,9.86,0,9.86,0
8220,2015-04-17 03:30:00,9.86,9.87,9.86,9.86,56000,9.8614,6
8221,2015-04-17 03:31:00,9.87,9.87,9.86,9.86,40000,9.8695,2
8222,2015-04-17 03:32:00,9.86,9.86,9.86,9.86,18000,9.86,3
8223,2015-04-17 03:33:00,9.86,9.86,9.86,9.86,4000,9.86,1
8224,2015-04-17 03:34:00,9.86,9.86,9.85,9.85,12000,9.8517,2
8225,2015-04-17 03:35:00,9.85,9.85,9.83,9.85,64000,9.845,8
8226,2015-04-17 03:36:00,9.83,9.83,9.82,9.82,94000,9.827,6
8227,2015-04-17 03:37:00,9.83,9.83,9.83,9.83,48000,9.83,4
8228,2015-04-17 03:38:00,9.84,9.84,9.84,9.84,2000,9.84,1
8229,2015-04-17 03:39:00,9.83,9.83,9.83,9.83,8000,9.83,3
8230,2015-04-17 03:40:00,9.82,9.82,9.82,9.82,12000,9.82,1
8231,2015-04-17 03:41:00,9.83,9.83,9.82,9.82,80000,9.8295,3
8232,2015-04-17 03:42:00,9.83,9.83,9.82,9.83,26000,9.8269,4
8233,2015-04-17 03:43:00,9.83,9.83,9.82,9.82,32000,9.8213,3
8234,2015-04-17 03:44:00,9.83,9.83,9.83,9.83,4000,9.83,1
8235,2015-04-17 03:45:00,9.82,9.83,9.82,9.83,96000,9.8277,6
8236,2015-04-17 03:46:00,9.82,9.82,9.82,9.82,2000,9.82,1
8237,2015-04-17 03:47:00,9.82,9.83,9.82,9.83,18000,9.8233,3
8238,2015-04-17 03:48:00,9.83,9.86,9.82,9.85,170000,9.8321,27
8239,2015-04-17 03:49:00,9.86,9.86,9.85,9.85,188000,9.8574,8
8240,2015-04-17 03:50:00,9.85,9.85,9.84,9.85,88000,9.8489,9
8241,2015-04-17 03:51:00,9.85,9.85,9.85,9.85,144000,9.85,3
8242,2015-04-17 03:52:00,9.85,9.85,9.85,9.85,18000,9.85,4
8243,2015-04-17 03:53:00,9.85,9.85,9.84,9.85,66000,9.8415,8
8244,2015-04-17 03:54:00,9.84,9.85,9.84,9.85,8000,9.8475,3
8245,2015-04-17 03:55:00,9.84,9.85,9.83,9.83,272000,9.8406,21
8246,2015-04-17 03:56:00,9.83,9.84,9.83,9.84,54000,9.8333,9
8247,2015-04-17 03:57:00,9.84,9.84,9.83,9.84,368000,9.8364,19
8248,2015-04-17 03:58:00,9.84,9.85,9.83,9.84,362000,9.8397,27
8249,2015-04-17 03:59:00,9.83,9.87,9.81,9.85,780000,9.8298,62
8250,2015-04-19 21:30:00,9.72,9.89,9.6,9.72,420000,9.6928,55
8251,2015-04-19 21:31:00,9.72,9.72,9.64,9.66,138000,9.6748,20
8252,2015-04-19 21:32:00,9.65,9.65,9.62,9.63,132000,9.628,12
8253,2015-04-19 21:33:00,9.63,9.67,9.62,9.64,232000,9.639,17
8254,2015-04-19 21:34:00,9.61,9.61,9.51,9.56,600000,9.5755,31
8255,2015-04-19 21:35:00,9.57,9.57,9.56,9.56,34000,9.5641,5
8256,2015-04-19 21:36:00,9.56,9.62,9.56,9.62,170000,9.6008,10
8257,2015-04-19 21:37:00,9.64,9.71,9.64,9.71,58000,9.6728,8
8258,2015-04-19 21:38:00,9.72,9.83,9.72,9.77,614000,9.7884,29
8259,2015-04-19 21:39:00,9.79,9.79,9.77,9.79,18000,9.7833,3
8260,2015-04-19 21:40:00,9.78,9.78,9.73,9.75,194000,9.763,12
8261,2015-04-19 21:41:00,9.77,9.79,9.77,9.79,12000,9.78,3
8262,2015-04-19 21:42:00,9.78,9.82,9.78,9.81,114000,9.7911,7
8263,2015-04-19 21:43:00,9.82,9.82,9.73,9.73,198000,9.7743,16
8264,2015-04-19 21:44:00,9.78,9.79,9.78,9.79,4000,9.785,2
8265,2015-04-19 21:45:00,9.81,9.85,9.8,9.85,158000,9.819,16
8266,2015-04-19 21:46:00,9.85,9.87,9.85,9.85,150000,9.8567,14
8267,2015-04-19 21:47:00,9.84,9.84,9.83,9.83,28000,9.8357,3
8268,2015-04-19 21:48:00,9.83,9.83,9.8,9.8,118000,9.8098,11
8269,2015-04-19 21:49:00,9.81,9.81,9.81,9.81,4000,9.81,1
8270,2015-04-19 21:50:00,9.81,9.81,9.8,9.81,72000,9.8094,5
8271,2015-04-19 21:51:00,9.81,9.81,9.81,9.81,2000,9.81,1
8272,2015-04-19 21:52:00,9.81,9.81,9.76,9.76,138000,9.7845,7
8273,2015-04-19 21:53:00,9.75,9.75,9.75,9.75,10000,9.75,1
8274,2015-04-19 21:54:00,9.75,9.75,9.75,9.75,22000,9.75,3
8275,2015-04-19 21:55:00,9.74,9.79,9.74,9.79,268000,9.7675,11
8276,2015-04-19 21:56:00,9.79,9.81,9.79,9.81,58000,9.8,8
8277,2015-04-19 21:57:00,9.82,9.87,9.82,9.86,162000,9.8402,15
8278,2015-04-19 21:58:00,9.87,9.87,9.83,9.83,206000,9.8578,9
8279,2015-04-19 21:59:00,9.83,9.83,9.83,9.83,4000,9.83,1
8280,2015-04-19 22:00:00,9.87,9.87,9.85,9.85,6000,9.8633,2
8281,2015-04-19 22:01:00,9.86,9.87,9.86,9.87,52000,9.8604,6
8282,2015-04-19 22:02:00,9.85,9.85,9.84,9.84,86000,9.8495,2
8283,2015-04-19 22:03:00,9.83,9.83,9.81,9.81,32000,9.8275,2
8284,2015-04-19 22:04:00,9.81,9.81,9.81,9.81,0,9.81,0
8285,2015-04-19 22:05:00,9.81,9.81,9.81,9.81,0,9.81,0
8286,2015-04-19 22:06:00,9.8,9.8,9.79,9.79,110000,9.7982,3
8287,2015-04-19 22:07:00,9.79,9.79,9.79,9.79,0,9.79,0
8288,2015-04-19 22:08:00,9.79,9.88,9.79,9.88,428000,9.8223,25
8289,2015-04-19 22:09:00,9.87,9.87,9.84,9.84,62000,9.8484,9
8290,2015-04-19 22:10:00,9.84,9.87,9.83,9.86,64000,9.84,9
8291,2015-04-19 22:11:00,9.85,9.86,9.85,9.85,20000,9.851,4
8292,2015-04-19 22:12:00,9.86,9.86,9.81,9.85,290000,9.829,18
8293,2015-04-19 22:13:00,9.85,9.85,9.85,9.85,10000,9.85,3
8294,2015-04-19 22:14:00,9.84,9.85,9.84,9.84,18000,9.8411,5
8295,2015-04-19 22:15:00,9.84,9.84,9.81,9.81,194000,9.8274,17
8296,2015-04-19 22:16:00,9.81,9.82,9.8,9.82,188000,9.8095,19
8297,2015-04-19 22:17:00,9.82,9.82,9.81,9.82,22000,9.8145,4
8298,2015-04-19 22:18:00,9.82,9.84,9.81,9.84,226000,9.8214,12
8299,2015-04-19 22:19:00,9.85,9.88,9.84,9.88,132000,9.8565,19
8300,2015-04-19 22:20:00,9.86,9.88,9.86,9.88,100000,9.874,15
8301,2015-04-19 22:21:00,9.88,9.88,9.84,9.86,160000,9.8584,8
8302,2015-04-19 22:22:00,9.86,9.86,9.84,9.86,6000,9.8533,3
8303,2015-04-19 22:23:00,9.86,9.86,9.85,9.85,26000,9.8515,7
8304,2015-04-19 22:24:00,9.85,9.89,9.84,9.89,324000,9.8591,18
8305,2015-04-19 22:25:00,9.9,9.9,9.9,9.9,6000,9.9,1
8306,2015-04-19 22:26:00,9.89,9.9,9.87,9.89,30000,9.8893,7
8307,2015-04-19 22:27:00,9.9,9.9,9.88,9.9,38000,9.8926,10
8308,2015-04-19 22:28:00,9.88,9.9,9.88,9.9,76000,9.8879,12
8309,2015-04-19 22:29:00,9.9,9.95,9.9,9.95,498000,9.91,24
8310,2015-04-19 22:30:00,9.93,9.95,9.93,9.95,22000,9.9445,5
8311,2015-04-19 22:31:00,9.95,9.95,9.9,9.9,90000,9.9313,15
8312,2015-04-19 22:32:00,9.9,9.9,9.88,9.9,32000,9.895,6
8313,2015-04-19 22:33:00,9.9,9.9,9.9,9.9,2000,9.9,1
8314,2015-04-19 22:34:00,9.88,9.88,9.87,9.87,152000,9.8788,5
8315,2015-04-19 22:35:00,9.88,9.93,9.86,9.86,766000,9.9127,35
8316,2015-04-19 22:36:00,9.87,9.87,9.87,9.87,2000,9.87,1
8317,2015-04-19 22:37:00,9.87,9.89,9.86,9.88,154000,9.8722,10
8318,2015-04-19 22:38:00,9.9,9.9,9.9,9.9,2000,9.9,1
8319,2015-04-19 22:39:00,9.89,9.89,9.88,9.89,66000,9.8897,4
8320,2015-04-19 22:40:00,9.88,9.88,9.88,9.88,10000,9.88,1
8321,2015-04-19 22:41:00,9.88,9.88,9.88,9.88,0,9.88,0
8322,2015-04-19 22:42:00,9.88,9.89,9.84,9.85,138000,9.862,14
8323,2015-04-19 22:43:00,9.85,9.85,9.85,9.85,44000,9.85,4
8324,2015-04-19 22:44:00,9.86,9.87,9.85,9.85,124000,9.8602,4
8325,2015-04-19 22:45:00,9.85,9.85,9.85,9.85,0,9.85,0
8326,2015-04-19 22:46:00,9.86,9.86,9.86,9.86,2000,9.86,1
8327,2015-04-19 22:47:00,9.86,9.93,9.86,9.93,236000,9.8794,12
8328,2015-04-19 22:48:00,9.93,9.94,9.93,9.94,84000,9.9302,6
8329,2015-04-19 22:49:00,9.93,9.93,9.93,9.93,2000,9.93,1
8330,2015-04-19 22:50:00,9.93,9.94,9.93,9.94,6000,9.9333,2
8331,2015-04-19 22:51:00,9.93,9.93,9.93,9.93,6000,9.93,1
8332,2015-04-19 22:52:00,9.94,9.94,9.93,9.94,108000,9.9398,6
8333,2015-04-19 22:53:00,9.95,9.95,9.95,9.95,134000,9.95,7
8334,2015-04-19 22:54:00,9.95,9.95,9.94,9.94,110000,9.9496,4
8335,2015-04-19 22:55:00,9.94,9.94,9.94,9.94,4000,9.94,1
8336,2015-04-19 22:56:00,9.94,9.94,9.93,9.93,42000,9.9357,5
8337,2015-04-19 22:57:00,9.92,9.92,9.9,9.9,46000,9.9117,4
8338,2015-04-19 22:58:00,9.91,9.92,9.91,9.92,80000,9.9163,4
8339,2015-04-19 22:59:00,9.92,9.93,9.92,9.93,74000,9.9254,5
8340,2015-04-19 23:00:00,9.93,9.93,9.93,9.93,54000,9.93,3
8341,2015-04-19 23:01:00,9.94,9.96,9.94,9.96,76000,9.9447,6
8342,2015-04-19 23:02:00,9.97,9.97,9.97,9.97,38000,9.97,5
8343,2015-04-19 23:03:00,9.97,9.97,9.95,9.95,82000,9.961,7
8344,2015-04-19 23:04:00,9.95,9.95,9.95,9.95,2000,9.95,1
8345,2015-04-19 23:05:00,9.95,9.96,9.95,9.96,54000,9.9515,4
8346,2015-04-19 23:06:00,9.96,9.96,9.95,9.95,12000,9.9583,4
8347,2015-04-19 23:07:00,9.96,9.97,9.95,9.95,10000,9.96,3
8348,2015-04-19 23:08:00,9.96,9.96,9.96,9.96,4000,9.96,2
8349,2015-04-19 23:09:00,9.96,9.96,9.96,9.96,36000,9.96,5
8350,2015-04-19 23:10:00,9.97,9.98,9.97,9.98,38000,9.9726,7
8351,2015-04-19 23:11:00,9.97,9.97,9.97,9.97,26000,9.97,2
8352,2015-04-19 23:12:00,9.97,9.97,9.95,9.96,156000,9.9632,6
8353,2015-04-19 23:13:00,9.96,9.96,9.94,9.95,50000,9.9492,5
8354,2015-04-19 23:14:00,9.96,9.96,9.96,9.96,2000,9.96,1
8355,2015-04-19 23:15:00,9.96,9.96,9.96,9.96,0,9.96,0
8356,2015-04-19 23:16:00,9.96,9.96,9.95,9.96,66000,9.9542,6
8357,2015-04-19 23:17:00,9.96,9.96,9.96,9.96,4000,9.96,2
8358,2015-04-19 23:18:00,9.96,9.96,9.96,9.96,10000,9.96,2
8359,2015-04-19 23:19:00,9.95,9.95,9.95,9.95,14000,9.95,2
8360,2015-04-19 23:20:00,9.95,9.96,9.95,9.96,12000,9.9567,5
8361,2015-04-19 23:21:00,9.96,9.96,9.96,9.96,52000,9.96,6
8362,2015-04-19 23:22:00,9.96,9.96,9.96,9.96,6000,9.96,1
8363,2015-04-19 23:23:00,9.96,9.96,9.96,9.96,0,9.96,0
8364,2015-04-19 23:24:00,9.97,9.97,9.97,9.97,12000,9.97,6
8365,2015-04-19 23:25:00,9.96,9.97,9.96,9.97,26000,9.9623,4
8366,2015-04-19 23:26:00,9.97,9.97,9.97,9.97,6000,9.97,3
8367,2015-04-19 23:27:00,9.97,9.99,9.97,9.98,204000,9.974,15
8368,2015-04-19 23:28:00,9.97,9.98,9.96,9.98,94000,9.9715,8
8369,2015-04-19 23:29:00,9.99,9.99,9.97,9.98,12000,9.985,3
8370,2015-04-19 23:30:00,9.97,9.98,9.95,9.97,136000,9.9687,11
8371,2015-04-19 23:31:00,9.97,9.97,9.97,9.97,0,9.97,0
8372,2015-04-19 23:32:00,9.95,9.96,9.95,9.96,32000,9.9519,4
8373,2015-04-19 23:33:00,9.97,9.97,9.96,9.97,128000,9.9611,6
8374,2015-04-19 23:34:00,9.95,9.96,9.95,9.96,6000,9.9533,2
8375,2015-04-19 23:35:00,9.96,9.96,9.96,9.96,24000,9.96,3
8376,2015-04-19 23:36:00,9.97,9.97,9.96,9.96,22000,9.9682,2
8377,2015-04-19 23:37:00,9.97,9.97,9.97,9.97,2000,9.97,1
8378,2015-04-19 23:38:00,9.97,9.97,9.96,9.96,12000,9.9617,2
8379,2015-04-19 23:39:00,9.97,9.99,9.97,9.97,272000,9.9785,6
8380,2015-04-19 23:40:00,9.98,9.98,9.98,9.98,58000,9.98,2
8381,2015-04-19 23:41:00,9.98,9.98,9.98,9.98,2000,9.98,1
8382,2015-04-19 23:42:00,9.99,9.99,9.98,9.98,4000,9.985,2
8383,2015-04-19 23:43:00,9.98,9.98,9.98,9.98,0,9.98,0
8384,2015-04-19 23:44:00,9.99,9.99,9.99,9.99,4000,9.99,2
8385,2015-04-19 23:45:00,9.99,9.99,9.99,9.99,36000,9.99,3
8386,2015-04-19 23:46:00,9.99,9.99,9.99,9.99,8000,9.99,4
8387,2015-04-19 23:47:00,9.99,9.99,9.98,9.98,16000,9.9825,4
8388,2015-04-19 23:48:00,9.98,9.99,9.98,9.99,14000,9.9829,2
8389,2015-04-19 23:49:00,9.98,9.98,9.97,9.97,82000,9.9771,9
8390,2015-04-19 23:50:00,9.97,9.98,9.97,9.97,94000,9.9721,3
8391,2015-04-19 23:51:00,9.97,9.97,9.97,9.97,4000,9.97,1
8392,2015-04-19 23:52:00,9.97,9.97,9.97,9.97,0,9.97,0
8393,2015-04-19 23:53:00,9.98,9.98,9.98,9.98,2000,9.98,1
8394,2015-04-19 23:54:00,9.98,9.98,9.97,9.98,6000,9.9767,3
8395,2015-04-19 23:55:00,9.98,9.98,9.97,9.98,14000,9.9729,3
8396,2015-04-19 23:56:00,9.98,9.98,9.96,9.97,74000,9.9686,12
8397,2015-04-19 23:57:00,9.97,9.97,9.97,9.97,0,9.97,0
8398,2015-04-19 23:58:00,9.96,9.96,9.96,9.96,30000,9.96,2
8399,2015-04-19 23:59:00,9.96,9.97,9.96,9.97,34000,9.9694,3
8400,2015-04-20 01:00:00,9.96,9.97,9.96,9.96,62000,9.9658,13
8401,2015-04-20 01:01:00,9.97,9.98,9.97,9.97,64000,9.9741,7
8402,2015-04-20 01:02:00,9.98,9.99,9.98,9.99,40000,9.988,6
8403,2015-04-20 01:03:00,9.99,9.99,9.94,9.94,146000,9.9777,10
8404,2015-04-20 01:04:00,9.95,9.97,9.93,9.97,154000,9.9319,6
8405,2015-04-20 01:05:00,9.97,9.97,9.94,9.94,88000,9.9686,3
8406,2015-04-20 01:06:00,9.96,9.99,9.96,9.99,126000,9.9729,7
8407,2015-04-20 01:07:00,9.99,10.0,9.99,10.0,34000,9.9906,2
8408,2015-04-20 01:08:00,9.97,9.97,9.96,9.96,90000,9.9647,6
8409,2015-04-20 01:09:00,9.95,9.98,9.95,9.98,36000,9.9633,6
8410,2015-04-20 01:10:00,9.98,9.98,9.98,9.98,0,9.98,0
8411,2015-04-20 01:11:00,9.97,9.97,9.95,9.95,78000,9.9674,6
8412,2015-04-20 01:12:00,9.95,9.95,9.95,9.95,0,9.95,0
8413,2015-04-20 01:13:00,9.94,9.98,9.94,9.97,238000,9.9671,11
8414,2015-04-20 01:14:00,9.97,9.98,9.97,9.98,20000,9.978,2
8415,2015-04-20 01:15:00,9.96,9.98,9.96,9.97,28000,9.9757,5
8416,2015-04-20 01:16:00,9.97,9.98,9.97,9.98,10000,9.972,2
8417,2015-04-20 01:17:00,9.98,10.04,9.98,10.04,444000,10.0002,18
8418,2015-04-20 01:18:00,10.02,10.04,10.02,10.04,56000,10.0207,4
8419,2015-04-20 01:19:00,10.04,10.04,10.04,10.04,24000,10.04,3
8420,2015-04-20 01:20:00,10.02,10.04,10.02,10.04,36000,10.0367,2
8421,2015-04-20 01:21:00,10.04,10.06,10.04,10.06,12000,10.0567,3
8422,2015-04-20 01:22:00,10.04,10.08,10.04,10.08,148000,10.0592,9
8423,2015-04-20 01:23:00,10.06,10.08,10.04,10.06,176000,10.058,8
8424,2015-04-20 01:24:00,10.08,10.08,10.04,10.04,108000,10.0474,5
8425,2015-04-20 01:25:00,10.02,10.02,10.0,10.0,170000,10.008,6
8426,2015-04-20 01:26:00,10.02,10.02,9.99,10.0,18000,10.0,4
8427,2015-04-20 01:27:00,9.98,9.98,9.98,9.98,100000,9.98,1
8428,2015-04-20 01:28:00,9.97,9.97,9.96,9.96,12000,9.9683,2
8429,2015-04-20 01:29:00,9.97,9.99,9.96,9.99,16000,9.9713,4
8430,2015-04-20 01:30:00,9.96,9.96,9.92,9.92,36000,9.9439,8
8431,2015-04-20 01:31:00,9.92,9.92,9.9,9.9,80000,9.9095,5
8432,2015-04-20 01:32:00,9.89,9.98,9.88,9.95,324000,9.9143,14
8433,2015-04-20 01:33:00,9.98,9.98,9.94,9.94,128000,9.9497,5
8434,2015-04-20 01:34:00,9.94,9.96,9.92,9.96,102000,9.9539,8
8435,2015-04-20 01:35:00,9.97,9.97,9.96,9.96,28000,9.9607,4
8436,2015-04-20 01:36:00,9.94,9.96,9.94,9.94,56000,9.9407,6
8437,2015-04-20 01:37:00,9.94,9.94,9.94,9.94,0,9.94,0
8438,2015-04-20 01:38:00,9.95,9.95,9.92,9.92,46000,9.9396,7
8439,2015-04-20 01:39:00,9.91,9.92,9.88,9.88,24000,9.9092,5
8440,2015-04-20 01:40:00,9.88,9.88,9.88,9.88,2000,9.88,1
8441,2015-04-20 01:41:00,9.88,9.9,9.87,9.88,160000,9.8796,11
8442,2015-04-20 01:42:00,9.89,9.9,9.89,9.89,164000,9.8901,7
8443,2015-04-20 01:43:00,9.9,9.9,9.87,9.87,86000,9.8858,12
8444,2015-04-20 01:44:00,9.87,9.87,9.84,9.84,72000,9.8558,7
8445,2015-04-20 01:45:00,9.85,9.86,9.82,9.86,202000,9.8288,12
8446,2015-04-20 01:46:00,9.82,9.82,9.82,9.82,6000,9.82,1
8447,2015-04-20 01:47:00,9.86,9.86,9.84,9.86,6000,9.8533,3
8448,2015-04-20 01:48:00,9.85,9.85,9.84,9.84,14000,9.8414,3
8449,2015-04-20 01:49:00,9.82,9.83,9.82,9.82,78000,9.8208,6
8450,2015-04-20 01:50:00,9.83,9.85,9.81,9.85,174000,9.8316,7
8451,2015-04-20 01:51:00,9.84,9.84,9.83,9.84,38000,9.8326,5
8452,2015-04-20 01:52:00,9.83,9.86,9.83,9.85,98000,9.8406,6
8453,2015-04-20 01:53:00,9.85,9.88,9.85,9.88,62000,9.8716,3
8454,2015-04-20 01:54:00,9.88,9.89,9.88,9.89,12000,9.8883,4
8455,2015-04-20 01:55:00,9.89,9.89,9.89,9.89,2000,9.89,1
8456,2015-04-20 01:56:00,9.89,9.89,9.86,9.86,30000,9.8713,6
8457,2015-04-20 01:57:00,9.86,9.86,9.86,9.86,16000,9.86,2
8458,2015-04-20 01:58:00,9.86,9.86,9.84,9.85,36000,9.8472,7
8459,2015-04-20 01:59:00,9.85,9.86,9.85,9.86,68000,9.8503,5
8460,2015-04-20 02:00:00,9.84,9.86,9.83,9.86,44000,9.8391,4
8461,2015-04-20 02:01:00,9.83,9.85,9.83,9.83,80000,9.8305,5
8462,2015-04-20 02:02:00,9.82,9.84,9.8,9.82,348000,9.8104,21
8463,2015-04-20 02:03:00,9.82,9.82,9.78,9.78,64000,9.8,3
8464,2015-04-20 02:04:00,9.78,9.82,9.78,9.82,128000,9.7886,6
8465,2015-04-20 02:05:00,9.82,9.83,9.8,9.83,202000,9.8243,8
8466,2015-04-20 02:06:00,9.83,9.83,9.81,9.82,50000,9.8232,5
8467,2015-04-20 02:07:00,9.82,9.88,9.82,9.87,452000,9.8427,18
8468,2015-04-20 02:08:00,9.87,9.87,9.87,9.87,8000,9.87,2
8469,2015-04-20 02:09:00,9.87,9.88,9.86,9.88,206000,9.8698,6
8470,2015-04-20 02:10:00,9.88,9.88,9.88,9.88,0,9.88,0
8471,2015-04-20 02:11:00,9.85,9.85,9.83,9.83,46000,9.8452,3
8472,2015-04-20 02:12:00,9.81,9.81,9.81,9.81,20000,9.81,1
8473,2015-04-20 02:13:00,9.81,9.81,9.81,9.81,6000,9.81,1
8474,2015-04-20 02:14:00,9.82,9.87,9.82,9.87,140000,9.8299,7
8475,2015-04-20 02:15:00,9.86,9.86,9.85,9.86,44000,9.8527,4
8476,2015-04-20 02:16:00,9.86,9.86,9.86,9.86,0,9.86,0
8477,2015-04-20 02:17:00,9.85,9.87,9.83,9.87,208000,9.8388,7
8478,2015-04-20 02:18:00,9.87,9.87,9.85,9.85,26000,9.8654,3
8479,2015-04-20 02:19:00,9.83,9.83,9.83,9.83,8000,9.83,2
8480,2015-04-20 02:20:00,9.83,9.84,9.83,9.83,12000,9.8333,4
8481,2015-04-20 02:21:00,9.84,9.88,9.84,9.88,96000,9.85,9
8482,2015-04-20 02:22:00,9.86,9.86,9.86,9.86,28000,9.86,2
8483,2015-04-20 02:23:00,9.86,9.86,9.86,9.86,14000,9.86,2
8484,2015-04-20 02:24:00,9.86,9.86,9.86,9.86,0,9.86,0
8485,2015-04-20 02:25:00,9.86,9.86,9.8,9.8,182000,9.8422,16
8486,2015-04-20 02:26:00,9.8,9.8,9.8,9.8,0,9.8,0
8487,2015-04-20 02:27:00,9.78,9.78,9.76,9.76,20000,9.776,4
8488,2015-04-20 02:28:00,9.76,9.76,9.76,9.76,4000,9.76,1
8489,2015-04-20 02:29:00,9.77,9.77,9.77,9.77,24000,9.77,2
8490,2015-04-20 02:30:00,9.78,9.82,9.78,9.82,270000,9.792,14
8491,2015-04-20 02:31:00,9.83,9.86,9.83,9.86,54000,9.8433,9
8492,2015-04-20 02:32:00,9.86,9.87,9.86,9.86,90000,9.8609,5
8493,2015-04-20 02:33:00,9.85,9.85,9.85,9.85,72000,9.85,2
8494,2015-04-20 02:34:00,9.85,9.85,9.85,9.85,0,9.85,0
8495,2015-04-20 02:35:00,9.85,9.85,9.85,9.85,4000,9.85,1
8496,2015-04-20 02:36:00,9.86,9.88,9.86,9.88,198000,9.8728,9
8497,2015-04-20 02:37:00,9.88,9.88,9.88,9.88,0,9.88,0
8498,2015-04-20 02:38:00,9.87,9.88,9.84,9.85,84000,9.8669,10
8499,2015-04-20 02:39:00,9.85,9.85,9.82,9.82,22000,9.8327,7
8500,2015-04-20 02:40:00,9.8,9.82,9.8,9.81,28000,9.8157,3
8501,2015-04-20 02:41:00,9.82,9.82,9.81,9.81,8000,9.8125,2
8502,2015-04-20 02:42:00,9.81,9.82,9.81,9.81,36000,9.8111,4
8503,2015-04-20 02:43:00,9.81,9.82,9.81,9.82,36000,9.8106,3
8504,2015-04-20 02:44:00,9.81,9.85,9.81,9.85,104000,9.8258,11
8505,2015-04-20 02:45:00,9.86,9.86,9.84,9.84,72000,9.8536,7
8506,2015-04-20 02:46:00,9.84,9.84,9.84,9.84,0,9.84,0
8507,2015-04-20 02:47:00,9.83,9.83,9.83,9.83,48000,9.83,1
8508,2015-04-20 02:48:00,9.82,9.82,9.82,9.82,8000,9.82,1
8509,2015-04-20 02:49:00,9.83,9.83,9.81,9.82,106000,9.8215,7
8510,2015-04-20 02:50:00,9.81,9.83,9.8,9.83,132000,9.8071,5
8511,2015-04-20 02:51:00,9.81,9.82,9.81,9.82,38000,9.8132,4
8512,2015-04-20 02:52:00,9.82,9.82,9.82,9.82,0,9.82,0
8513,2015-04-20 02:53:00,9.81,9.81,9.8,9.81,42000,9.8081,5
8514,2015-04-20 02:54:00,9.81,9.81,9.79,9.79,154000,9.8,11
8515,2015-04-20 02:55:00,9.8,9.8,9.78,9.8,10000,9.788,3
8516,2015-04-20 02:56:00,9.78,9.78,9.77,9.78,184000,9.772,9
8517,2015-04-20 02:57:00,9.8,9.8,9.78,9.78,14000,9.7829,2
8518,2015-04-20 02:58:00,9.78,9.78,9.78,9.78,52000,9.78,6
8519,2015-04-20 02:59:00,9.79,9.84,9.79,9.84,106000,9.7987,9
8520,2015-04-20 03:00:00,9.84,9.84,9.8,9.8,76000,9.8189,6
8521,2015-04-20 03:01:00,9.82,9.85,9.82,9.85,76000,9.8371,12
8522,2015-04-20 03:02:00,9.85,9.85,9.84,9.84,14000,9.8429,2
8523,2015-04-20 03:03:00,9.84,9.84,9.83,9.83,112000,9.8359,6
8524,2015-04-20 03:04:00,9.84,9.84,9.84,9.84,26000,9.84,1
8525,2015-04-20 03:05:00,9.84,9.84,9.84,9.84,0,9.84,0
8526,2015-04-20 03:06:00,9.85,9.85,9.85,9.85,4000,9.85,2
8527,2015-04-20 03:07:00,9.85,9.85,9.85,9.85,0,9.85,0
8528,2015-04-20 03:08:00,9.85,9.88,9.85,9.86,204000,9.86,11
8529,2015-04-20 03:09:00,9.85,9.85,9.85,9.85,18000,9.85,5
8530,2015-04-20 03:10:00,9.86,9.86,9.85,9.85,60000,9.8503,3
8531,2015-04-20 03:11:00,9.84,9.84,9.84,9.84,4000,9.84,2
8532,2015-04-20 03:12:00,9.85,9.85,9.85,9.85,2000,9.85,1
8533,2015-04-20 03:13:00,9.85,9.85,9.85,9.85,0,9.85,0
8534,2015-04-20 03:14:00,9.85,9.85,9.83,9.83,46000,9.8435,9
8535,2015-04-20 03:15:00,9.84,9.84,9.84,9.84,16000,9.84,4
8536,2015-04-20 03:16:00,9.84,9.85,9.84,9.85,162000,9.8459,3
8537,2015-04-20 03:17:00,9.85,9.85,9.85,9.85,6000,9.85,2
8538,2015-04-20 03:18:00,9.84,9.85,9.84,9.85,6000,9.8433,2
8539,2015-04-20 03:19:00,9.84,9.84,9.84,9.84,116000,9.84,2
8540,2015-04-20 03:20:00,9.84,9.84,9.84,9.84,2000,9.84,1
8541,2015-04-20 03:21:00,9.84,9.84,9.84,9.84,0,9.84,0
8542,2015-04-20 03:22:00,9.84,9.84,9.83,9.84,12000,9.835,4
8543,2015-04-20 03:23:00,9.83,9.84,9.83,9.84,12000,9.8317,2
8544,2015-04-20 03:24:00,9.84,9.84,9.84,9.84,0,9.84,0
8545,2015-04-20 03:25:00,9.83,9.84,9.83,9.84,8000,9.8325,3
8546,2015-04-20 03:26:00,9.84,9.84,9.83,9.83,14000,9.8314,3
8547,2015-04-20 03:27:00,9.83,9.83,9.83,9.83,110000,9.83,9
8548,2015-04-20 03:28:00,9.82,9.83,9.82,9.83,34000,9.8229,2
8549,2015-04-20 03:29:00,9.83,9.83,9.82,9.82,46000,9.8204,3
8550,2015-04-20 03:30:00,9.82,9.82,9.82,9.82,16000,9.82,5
8551,2015-04-20 03:31:00,9.81,9.82,9.81,9.82,18000,9.8189,3
8552,2015-04-20 03:32:00,9.83,9.84,9.83,9.83,134000,9.8304,5
8553,2015-04-20 03:33:00,9.84,9.84,9.84,9.84,2000,9.84,1
8554,2015-04-20 03:34:00,9.83,9.83,9.83,9.83,78000,9.83,9
8555,2015-04-20 03:35:00,9.83,9.83,9.83,9.83,0,9.83,0
8556,2015-04-20 03:36:00,9.82,9.82,9.82,9.82,28000,9.82,4
8557,2015-04-20 03:37:00,9.83,9.86,9.83,9.85,178000,9.8344,6
8558,2015-04-20 03:38:00,9.84,9.84,9.83,9.83,44000,9.8373,5
8559,2015-04-20 03:39:00,9.83,9.84,9.83,9.83,28000,9.8307,4
8560,2015-04-20 03:40:00,9.82,9.83,9.82,9.83,6000,9.8267,3
8561,2015-04-20 03:41:00,9.82,9.82,9.82,9.82,60000,9.82,4
8562,2015-04-20 03:42:00,9.82,9.82,9.81,9.82,62000,9.819,5
8563,2015-04-20 03:43:00,9.82,9.82,9.82,9.82,0,9.82,0
8564,2015-04-20 03:44:00,9.81,9.82,9.8,9.8,134000,9.8054,9
8565,2015-04-20 03:45:00,9.8,9.8,9.79,9.79,30000,9.7913,5
8566,2015-04-20 03:46:00,9.79,9.8,9.79,9.8,6000,9.7933,2
8567,2015-04-20 03:47:00,9.79,9.8,9.78,9.79,76000,9.7868,10
8568,2015-04-20 03:48:00,9.78,9.78,9.78,9.78,20000,9.78,4
8569,2015-04-20 03:49:00,9.78,9.79,9.76,9.77,176000,9.7734,15
8570,2015-04-20 03:50:00,9.77,9.78,9.77,9.78,278000,9.7789,13
8571,2015-04-20 03:51:00,9.78,9.78,9.77,9.77,218000,9.7717,14
8572,2015-04-20 03:52:00,9.78,9.79,9.78,9.79,24000,9.7833,4
8573,2015-04-20 03:53:00,9.78,9.79,9.78,9.79,70000,9.7866,9
8574,2015-04-20 03:54:00,9.79,9.84,9.79,9.82,172000,9.814,17
8575,2015-04-20 03:55:00,9.84,9.84,9.79,9.79,68000,9.8235,13
8576,2015-04-20 03:56:00,9.79,9.8,9.77,9.78,74000,9.7873,20
8577,2015-04-20 03:57:00,9.78,9.78,9.77,9.78,196000,9.7794,24
8578,2015-04-20 03:58:00,9.78,9.83,9.77,9.83,226000,9.8041,45
8579,2015-04-20 03:59:00,9.84,9.94,9.82,9.94,2054000,9.8804,118
8580,2015-04-20 21:30:00,9.95,9.95,9.91,9.92,108000,9.925,28
8581,2015-04-20 21:31:00,9.91,9.98,9.78,9.98,308000,9.8814,41
8582,2015-04-20 21:32:00,9.9,9.92,9.88,9.88,68000,9.9044,15
8583,2015-04-20 21:33:00,9.88,9.91,9.86,9.86,18000,9.8767,5
8584,2015-04-20 21:34:00,9.86,9.87,9.82,9.87,50000,9.8568,9
8585,2015-04-20 21:35:00,9.83,10.0,9.83,10.0,320000,9.9214,30
8586,2015-04-20 21:36:00,9.9,9.9,9.87,9.87,12000,9.8817,3
8587,2015-04-20 21:37:00,9.9,9.93,9.88,9.89,58000,9.8945,6
8588,2015-04-20 21:38:00,9.9,9.92,9.9,9.92,24000,9.9108,8
8589,2015-04-20 21:39:00,9.91,9.98,9.91,9.98,262000,9.9189,22
8590,2015-04-20 21:40:00,9.93,9.93,9.93,9.93,4000,9.93,1
8591,2015-04-20 21:41:00,9.93,9.93,9.93,9.93,12000,9.93,3
8592,2015-04-20 21:42:00,9.93,9.95,9.93,9.95,46000,9.9309,5
8593,2015-04-20 21:43:00,9.92,9.92,9.91,9.91,46000,9.9183,4
8594,2015-04-20 21:44:00,9.9,9.92,9.9,9.91,50000,9.9096,7
8595,2015-04-20 21:45:00,9.9,9.9,9.9,9.9,72000,9.9,8
8596,2015-04-20 21:46:00,9.9,9.94,9.9,9.94,228000,9.9132,17
8597,2015-04-20 21:47:00,9.91,9.93,9.91,9.92,14000,9.9186,4
8598,2015-04-20 21:48:00,9.92,9.93,9.91,9.93,106000,9.9209,10
8599,2015-04-20 21:49:00,9.93,9.99,9.93,9.99,202000,9.9574,30
8600,2015-04-20 21:50:00,10.0,10.0,9.94,9.95,292000,9.9695,34
8601,2015-04-20 21:51:00,9.94,9.94,9.94,9.94,10000,9.94,3
8602,2015-04-20 21:52:00,9.94,9.94,9.94,9.94,20000,9.94,5
8603,2015-04-20 21:53:00,9.95,9.95,9.94,9.94,22000,9.9436,7
8604,2015-04-20 21:54:00,9.95,9.95,9.94,9.94,14000,9.9429,5
8605,2015-04-20 21:55:00,9.95,10.06,9.94,10.02,536000,9.9815,41
8606,2015-04-20 21:56:00,10.04,10.08,10.04,10.06,136000,10.0582,31
8607,2015-04-20 21:57:00,10.08,10.08,10.08,10.08,6000,10.08,2
8608,2015-04-20 21:58:00,10.04,10.06,10.02,10.02,220000,10.0351,10
8609,2015-04-20 21:59:00,10.0,10.0,9.99,9.99,56000,9.9996,7
8610,2015-04-20 22:00:00,10.0,10.0,10.0,10.0,12000,10.0,3
8611,2015-04-20 22:01:00,10.0,10.02,9.99,9.99,58000,9.9969,5
8612,2015-04-20 22:02:00,9.98,9.98,9.96,9.97,86000,9.9658,15
8613,2015-04-20 22:03:00,9.97,9.97,9.97,9.97,0,9.97,0
8614,2015-04-20 22:04:00,9.95,10.02,9.95,10.0,274000,9.9669,20
8615,2015-04-20 22:05:00,10.02,10.02,9.98,9.99,102000,9.9869,9
8616,2015-04-20 22:06:00,9.99,9.99,9.99,9.99,0,9.99,0
8617,2015-04-20 22:07:00,9.97,9.98,9.97,9.98,12000,9.975,4
8618,2015-04-20 22:08:00,9.97,9.97,9.96,9.96,54000,9.9685,12
8619,2015-04-20 22:09:00,9.97,10.02,9.97,9.99,340000,9.9807,16
8620,2015-04-20 22:10:00,9.99,10.0,9.99,10.0,18000,9.9989,5
8621,2015-04-20 22:11:00,9.99,10.0,9.98,9.98,176000,9.9863,9
8622,2015-04-20 22:12:00,9.97,9.98,9.97,9.97,18000,9.9733,4
8623,2015-04-20 22:13:00,9.97,9.98,9.95,9.97,246000,9.9633,20
8624,2015-04-20 22:14:00,9.97,9.98,9.97,9.98,26000,9.9723,2
8625,2015-04-20 22:15:00,9.97,9.97,9.95,9.95,136000,9.9666,7
8626,2015-04-20 22:16:00,9.94,9.94,9.94,9.94,4000,9.94,2
8627,2015-04-20 22:17:00,9.94,9.95,9.94,9.94,10000,9.942,4
8628,2015-04-20 22:18:00,9.94,9.94,9.94,9.94,20000,9.94,7
8629,2015-04-20 22:19:00,9.94,10.0,9.94,9.98,240000,9.9562,23
8630,2015-04-20 22:20:00,9.98,9.99,9.94,9.94,124000,9.9694,8
8631,2015-04-20 22:21:00,9.94,9.99,9.94,9.97,90000,9.9531,12
8632,2015-04-20 22:22:00,9.96,9.97,9.96,9.96,42000,9.9605,5
8633,2015-04-20 22:23:00,9.97,9.99,9.97,9.99,56000,9.9729,8
8634,2015-04-20 22:24:00,9.99,9.99,9.99,9.99,4000,9.99,1
8635,2015-04-20 22:25:00,9.98,9.98,9.95,9.98,162000,9.9699,12
8636,2015-04-20 22:26:00,9.98,9.98,9.98,9.98,2000,9.98,1
8637,2015-04-20 22:27:00,9.96,9.96,9.95,9.95,80000,9.9528,8
8638,2015-04-20 22:28:00,9.95,9.95,9.95,9.95,12000,9.95,4
8639,2015-04-20 22:29:00,9.95,9.95,9.92,9.94,104000,9.9408,10
8640,2015-04-20 22:30:00,9.94,9.94,9.93,9.93,32000,9.9388,4
8641,2015-04-20 22:31:00,9.93,9.93,9.92,9.92,20000,9.928,2
8642,2015-04-20 22:32:00,9.92,9.93,9.91,9.92,64000,9.9197,8
8643,2015-04-20 22:33:00,9.92,9.94,9.92,9.94,130000,9.924,5
8644,2015-04-20 22:34:00,9.93,9.94,9.93,9.94,24000,9.9308,3
8645,2015-04-20 22:35:00,9.92,9.92,9.92,9.92,14000,9.92,4
8646,2015-04-20 22:36:00,9.92,9.92,9.92,9.92,4000,9.92,1
8647,2015-04-20 22:37:00,9.92,9.93,9.92,9.93,12000,9.9217,4
8648,2015-04-20 22:38:00,9.92,9.92,9.92,9.92,12000,9.92,3
8649,2015-04-20 22:39:00,9.92,9.92,9.91,9.91,58000,9.9193,4
8650,2015-04-20 22:40:00,9.92,9.92,9.91,9.91,14000,9.9143,4
8651,2015-04-20 22:41:00,9.92,9.97,9.92,9.97,180000,9.9306,11
8652,2015-04-20 22:42:00,9.95,9.97,9.92,9.92,118000,9.9432,5
8653,2015-04-20 22:43:00,9.92,9.94,9.91,9.93,32000,9.9256,6
8654,2015-04-20 22:44:00,9.92,9.93,9.92,9.92,6000,9.9233,3
8655,2015-04-20 22:45:00,9.92,9.93,9.91,9.93,40000,9.9195,5
8656,2015-04-20 22:46:00,9.92,9.93,9.91,9.91,14000,9.92,4
8657,2015-04-20 22:47:00,9.92,9.93,9.91,9.93,60000,9.92,8
8658,2015-04-20 22:48:00,9.93,9.93,9.93,9.93,0,9.93,0
8659,2015-04-20 22:49:00,9.91,9.93,9.91,9.91,12000,9.9133,3
8660,2015-04-20 22:50:00,9.91,9.93,9.91,9.92,34000,9.9118,5
8661,2015-04-20 22:51:00,9.91,9.92,9.91,9.91,26000,9.9146,6
8662,2015-04-20 22:52:00,9.91,9.92,9.91,9.92,14000,9.9129,5
8663,2015-04-20 22:53:00,9.91,9.92,9.91,9.92,8000,9.915,2
8664,2015-04-20 22:54:00,9.92,9.94,9.92,9.94,168000,9.9224,10
8665,2015-04-20 22:55:00,9.95,9.95,9.95,9.95,4000,9.95,1
8666,2015-04-20 22:56:00,9.95,9.95,9.95,9.95,4000,9.95,1
8667,2015-04-20 22:57:00,9.93,9.95,9.93,9.95,24000,9.9467,7
8668,2015-04-20 22:58:00,9.94,9.95,9.94,9.95,28000,9.9471,8
8669,2015-04-20 22:59:00,9.94,9.95,9.94,9.95,10000,9.946,4
8670,2015-04-20 23:00:00,9.94,9.95,9.94,9.95,10000,9.942,3
8671,2015-04-20 23:01:00,9.94,9.94,9.94,9.94,14000,9.94,4
8672,2015-04-20 23:02:00,9.94,9.95,9.94,9.95,12000,9.9467,3
8673,2015-04-20 23:03:00,9.94,9.94,9.92,9.92,202000,9.9373,15
8674,2015-04-20 23:04:00,9.92,9.93,9.91,9.91,30000,9.9193,5
8675,2015-04-20 23:05:00,9.91,9.92,9.91,9.92,6000,9.9133,2
8676,2015-04-20 23:06:00,9.91,9.92,9.91,9.92,32000,9.9188,5
8677,2015-04-20 23:07:00,9.92,9.92,9.92,9.92,4000,9.92,1
8678,2015-04-20 23:08:00,9.92,9.92,9.92,9.92,4000,9.92,1
8679,2015-04-20 23:09:00,9.92,9.93,9.92,9.92,16000,9.9225,5
8680,2015-04-20 23:10:00,9.92,9.96,9.92,9.94,208000,9.9367,10
8681,2015-04-20 23:11:00,9.95,9.95,9.94,9.94,148000,9.9469,11
8682,2015-04-20 23:12:00,9.94,9.98,9.94,9.96,216000,9.9552,17
8683,2015-04-20 23:13:00,9.95,9.96,9.95,9.95,26000,9.9508,5
8684,2015-04-20 23:14:00,9.95,9.95,9.94,9.94,12000,9.9467,3
8685,2015-04-20 23:15:00,9.94,9.95,9.94,9.95,10000,9.942,3
8686,2015-04-20 23:16:00,9.94,9.95,9.93,9.94,98000,9.94,6
8687,2015-04-20 23:17:00,9.95,9.95,9.95,9.95,8000,9.95,2
8688,2015-04-20 23:18:00,9.94,9.94,9.94,9.94,32000,9.94,2
8689,2015-04-20 23:19:00,9.94,9.94,9.94,9.94,14000,9.94,2
8690,2015-04-20 23:20:00,9.93,9.94,9.93,9.93,16000,9.9325,5
8691,2015-04-20 23:21:00,9.94,9.97,9.94,9.97,294000,9.9519,15
8692,2015-04-20 23:22:00,9.96,9.96,9.95,9.95,112000,9.9561,9
8693,2015-04-20 23:23:00,9.94,9.94,9.94,9.94,46000,9.94,6
8694,2015-04-20 23:24:00,9.95,9.95,9.95,9.95,2000,9.95,1
8695,2015-04-20 23:25:00,9.95,9.95,9.94,9.94,66000,9.9409,5
8696,2015-04-20 23:26:00,9.94,9.94,9.94,9.94,10000,9.94,1
8697,2015-04-20 23:27:00,9.93,9.93,9.93,9.93,34000,9.93,4
8698,2015-04-20 23:28:00,9.93,9.93,9.93,9.93,12000,9.93,3
8699,2015-04-20 23:29:00,9.92,9.92,9.92,9.92,48000,9.92,6
8700,2015-04-20 23:30:00,9.92,9.92,9.92,9.92,4000,9.92,2
8701,2015-04-20 23:31:00,9.92,9.92,9.91,9.91,26000,9.9115,5
8702,2015-04-20 23:32:00,9.91,9.91,9.91,9.91,6000,9.91,2
8703,2015-04-20 23:33:00,9.91,9.91,9.91,9.91,88000,9.91,13
8704,2015-04-20 23:34:00,9.91,9.91,9.91,9.91,0,9.91,0
8705,2015-04-20 23:35:00,9.91,9.91,9.91,9.91,0,9.91,0
8706,2015-04-20 23:36:00,9.9,9.91,9.9,9.91,14000,9.9071,2
8707,2015-04-20 23:37:00,9.9,9.91,9.9,9.91,18000,9.9056,5
8708,2015-04-20 23:38:00,9.9,9.94,9.9,9.94,212000,9.9126,6
8709,2015-04-20 23:39:00,9.94,9.94,9.94,9.94,0,9.94,0
8710,2015-04-20 23:40:00,9.93,9.93,9.93,9.93,6000,9.93,2
8711,2015-04-20 23:41:00,9.92,9.93,9.92,9.93,22000,9.9282,2
8712,2015-04-20 23:42:00,9.92,9.92,9.92,9.92,64000,9.92,3
8713,2015-04-20 23:43:00,9.93,9.93,9.92,9.92,8000,9.925,2
8714,2015-04-20 23:44:00,9.93,9.93,9.92,9.92,12000,9.9233,3
8715,2015-04-20 23:45:00,9.93,9.93,9.92,9.92,12000,9.9267,3
8716,2015-04-20 23:46:00,9.92,9.92,9.92,9.92,14000,9.92,5
8717,2015-04-20 23:47:00,9.92,9.92,9.92,9.92,4000,9.92,1
8718,2015-04-20 23:48:00,9.92,9.92,9.92,9.92,4000,9.92,1
8719,2015-04-20 23:49:00,9.92,9.92,9.92,9.92,34000,9.92,7
8720,2015-04-20 23:50:00,9.92,9.92,9.91,9.91,120000,9.9103,5
8721,2015-04-20 23:51:00,9.91,9.91,9.91,9.91,94000,9.91,2
8722,2015-04-20 23:52:00,9.91,9.91,9.91,9.91,0,9.91,0
8723,2015-04-20 23:53:00,9.91,9.92,9.91,9.92,12000,9.9117,3
8724,2015-04-20 23:54:00,9.9,9.9,9.9,9.9,4000,9.9,1
8725,2015-04-20 23:55:00,9.9,9.9,9.9,9.9,4000,9.9,1
8726,2015-04-20 23:56:00,9.91,9.91,9.9,9.9,6000,9.9033,2
8727,2015-04-20 23:57:00,9.9,9.91,9.89,9.89,108000,9.8998,6
8728,2015-04-20 23:58:00,9.89,9.9,9.89,9.9,6000,9.8933,2
8729,2015-04-20 23:59:00,9.91,9.91,9.9,9.9,28000,9.9029,3
8730,2015-04-21 01:00:00,9.9,9.9,9.89,9.89,118000,9.8995,19
8731,2015-04-21 01:01:00,9.89,9.89,9.86,9.86,542000,9.8857,13
8732,2015-04-21 01:02:00,9.86,9.89,9.86,9.89,158000,9.87,11
8733,2015-04-21 01:03:00,9.89,9.9,9.89,9.9,32000,9.895,2
8734,2015-04-21 01:04:00,9.88,9.92,9.88,9.92,8000,9.9,3
8735,2015-04-21 01:05:00,9.9,9.9,9.88,9.88,24000,9.8817,4
8736,2015-04-21 01:06:00,9.87,9.87,9.87,9.87,4000,9.87,1
8737,2015-04-21 01:07:00,9.88,9.89,9.87,9.89,28000,9.8836,7
8738,2015-04-21 01:08:00,9.88,9.88,9.88,9.88,18000,9.88,3
8739,2015-04-21 01:09:00,9.87,9.88,9.87,9.88,20000,9.878,4
8740,2015-04-21 01:10:00,9.88,9.88,9.87,9.88,26000,9.8785,3
8741,2015-04-21 01:11:00,9.88,9.88,9.87,9.88,100000,9.8784,6
8742,2015-04-21 01:12:00,9.88,9.88,9.88,9.88,0,9.88,0
8743,2015-04-21 01:13:00,9.88,9.88,9.87,9.87,24000,9.8783,2
8744,2015-04-21 01:14:00,9.87,9.87,9.87,9.87,4000,9.87,1
8745,2015-04-21 01:15:00,9.88,9.88,9.87,9.88,12000,9.8767,3
8746,2015-04-21 01:16:00,9.87,9.87,9.87,9.87,18000,9.87,3
8747,2015-04-21 01:17:00,9.87,9.87,9.87,9.87,160000,9.87,7
8748,2015-04-21 01:18:00,9.86,9.86,9.85,9.86,70000,9.8571,6
8749,2015-04-21 01:19:00,9.85,9.85,9.82,9.83,226000,9.8456,13
8750,2015-04-21 01:20:00,9.82,9.83,9.8,9.8,94000,9.8119,7
8751,2015-04-21 01:21:00,9.81,9.83,9.81,9.83,154000,9.8143,6
8752,2015-04-21 01:22:00,9.84,9.84,9.84,9.84,30000,9.84,2
8753,2015-04-21 01:23:00,9.83,9.87,9.83,9.87,114000,9.8449,6
8754,2015-04-21 01:24:00,9.87,9.89,9.87,9.89,48000,9.8746,3
8755,2015-04-21 01:25:00,9.89,9.89,9.87,9.88,18000,9.8767,4
8756,2015-04-21 01:26:00,9.88,9.88,9.88,9.88,0,9.88,0
8757,2015-04-21 01:27:00,9.88,9.88,9.88,9.88,0,9.88,0
8758,2015-04-21 01:28:00,9.87,9.88,9.87,9.88,28000,9.8771,6
8759,2015-04-21 01:29:00,9.87,9.87,9.85,9.85,58000,9.8652,4
8760,2015-04-21 01:30:00,9.85,9.85,9.84,9.85,50000,9.8472,8
8761,2015-04-21 01:31:00,9.84,9.88,9.84,9.88,156000,9.8508,7
8762,2015-04-21 01:32:00,9.89,9.92,9.89,9.92,28000,9.9029,4
8763,2015-04-21 01:33:00,9.9,9.92,9.9,9.92,22000,9.9036,2
8764,2015-04-21 01:34:00,9.9,9.92,9.9,9.91,42000,9.9129,6
8765,2015-04-21 01:35:00,9.91,9.92,9.91,9.92,128000,9.9161,9
8766,2015-04-21 01:36:00,9.93,9.95,9.93,9.95,70000,9.9403,11
8767,2015-04-21 01:37:00,9.95,9.95,9.92,9.92,162000,9.9279,9
8768,2015-04-21 01:38:00,9.91,9.91,9.89,9.89,44000,9.9064,3
8769,2015-04-21 01:39:00,9.91,9.91,9.91,9.91,18000,9.91,1
8770,2015-04-21 01:40:00,9.91,9.91,9.91,9.91,2000,9.91,1
8771,2015-04-21 01:41:00,9.88,9.88,9.88,9.88,4000,9.88,1
8772,2015-04-21 01:42:00,9.88,9.89,9.88,9.88,16000,9.8825,5
8773,2015-04-21 01:43:00,9.88,9.89,9.88,9.88,8000,9.8825,3
8774,2015-04-21 01:44:00,9.89,9.89,9.88,9.88,8000,9.885,2
8775,2015-04-21 01:45:00,9.89,9.89,9.88,9.89,30000,9.8887,5
8776,2015-04-21 01:46:00,9.88,9.89,9.88,9.88,18000,9.8811,4
8777,2015-04-21 01:47:00,9.88,9.88,9.87,9.88,54000,9.8793,5
8778,2015-04-21 01:48:00,9.87,9.88,9.86,9.86,92000,9.8667,10
8779,2015-04-21 01:49:00,9.86,9.87,9.85,9.87,158000,9.8652,8
8780,2015-04-21 01:50:00,9.88,9.88,9.86,9.86,52000,9.8715,6
8781,2015-04-21 01:51:00,9.87,9.88,9.87,9.88,28000,9.8721,4
8782,2015-04-21 01:52:00,9.88,9.88,9.88,9.88,2000,9.88,1
8783,2015-04-21 01:53:00,9.87,9.88,9.86,9.88,54000,9.8711,5
8784,2015-04-21 01:54:00,9.85,9.88,9.85,9.88,72000,9.8692,8
8785,2015-04-21 01:55:00,9.88,9.91,9.88,9.89,208000,9.892,12
8786,2015-04-21 01:56:00,9.9,9.9,9.88,9.88,24000,9.8817,2
8787,2015-04-21 01:57:00,9.88,9.89,9.88,9.89,24000,9.8817,5
8788,2015-04-21 01:58:00,9.89,9.89,9.89,9.89,0,9.89,0
8789,2015-04-21 01:59:00,9.89,9.89,9.87,9.87,16000,9.88,5
8790,2015-04-21 02:00:00,9.89,9.96,9.89,9.95,238000,9.9239,24
8791,2015-04-21 02:01:00,9.92,9.92,9.91,9.91,16000,9.9125,3
8792,2015-04-21 02:02:00,9.92,9.94,9.92,9.94,22000,9.9364,2
8793,2015-04-21 02:03:00,9.92,9.92,9.9,9.9,32000,9.9131,6
8794,2015-04-21 02:04:00,9.9,9.91,9.9,9.91,8000,9.905,2
8795,2015-04-21 02:05:00,9.9,9.9,9.9,9.9,14000,9.9,3
8796,2015-04-21 02:06:00,9.9,9.91,9.9,9.9,66000,9.9006,5
8797,2015-04-21 02:07:00,9.89,9.91,9.89,9.9,32000,9.9044,3
8798,2015-04-21 02:08:00,9.9,9.9,9.89,9.9,112000,9.8998,12
8799,2015-04-21 02:09:00,9.91,9.97,9.9,9.96,144000,9.9376,23
8800,2015-04-21 02:10:00,9.98,9.98,9.96,9.96,38000,9.9695,3
8801,2015-04-21 02:11:00,9.98,9.98,9.95,9.97,70000,9.9651,10
8802,2015-04-21 02:12:00,9.95,9.95,9.94,9.94,62000,9.949,2
8803,2015-04-21 02:13:00,9.92,9.94,9.92,9.94,22000,9.93,4
8804,2015-04-21 02:14:00,9.94,9.94,9.93,9.93,10000,9.938,3
8805,2015-04-21 02:15:00,9.93,9.94,9.93,9.93,16000,9.9313,4
8806,2015-04-21 02:16:00,9.93,9.94,9.93,9.94,36000,9.9378,4
8807,2015-04-21 02:17:00,9.93,9.93,9.93,9.93,30000,9.93,2
8808,2015-04-21 02:18:00,9.93,9.93,9.93,9.93,38000,9.93,5
8809,2015-04-21 02:19:00,9.93,9.94,9.93,9.94,24000,9.9375,5
8810,2015-04-21 02:20:00,9.93,9.93,9.93,9.93,12000,9.93,4
8811,2015-04-21 02:21:00,9.93,9.94,9.93,9.94,42000,9.9386,4
8812,2015-04-21 02:22:00,9.93,9.94,9.93,9.93,106000,9.9304,4
8813,2015-04-21 02:23:00,9.93,9.93,9.92,9.93,102000,9.9296,6
8814,2015-04-21 02:24:00,9.92,9.92,9.92,9.92,4000,9.92,1
8815,2015-04-21 02:25:00,9.93,9.94,9.93,9.94,134000,9.9313,5
8816,2015-04-21 02:26:00,9.93,9.93,9.93,9.93,50000,9.93,5
8817,2015-04-21 02:27:00,9.93,9.94,9.92,9.93,136000,9.9288,22
8818,2015-04-21 02:28:00,9.93,9.93,9.93,9.93,0,9.93,0
8819,2015-04-21 02:29:00,9.93,9.94,9.93,9.93,90000,9.9304,3
8820,2015-04-21 02:30:00,9.94,9.94,9.93,9.93,40000,9.939,4
8821,2015-04-21 02:31:00,9.93,9.94,9.93,9.94,10000,9.932,3
8822,2015-04-21 02:32:00,9.93,9.94,9.93,9.93,12000,9.9333,4
8823,2015-04-21 02:33:00,9.94,9.94,9.93,9.93,10000,9.932,3
8824,2015-04-21 02:34:00,9.94,9.95,9.94,9.95,158000,9.9414,10
8825,2015-04-21 02:35:00,9.95,9.95,9.95,9.95,40000,9.95,4
8826,2015-04-21 02:36:00,9.95,9.97,9.95,9.97,102000,9.9569,11
8827,2015-04-21 02:37:00,9.97,9.97,9.96,9.97,18000,9.9667,4
8828,2015-04-21 02:38:00,9.97,9.97,9.96,9.96,28000,9.965,6
8829,2015-04-21 02:39:00,9.97,9.99,9.97,9.99,206000,9.9783,14
8830,2015-04-21 02:40:00,10.0,10.0,10.0,10.0,6000,10.0,1
8831,2015-04-21 02:41:00,9.99,10.0,9.99,9.99,20000,9.992,5
8832,2015-04-21 02:42:00,9.99,10.02,9.99,10.02,666000,10.0048,17
8833,2015-04-21 02:43:00,10.04,10.04,10.02,10.02,18000,10.0289,4
8834,2015-04-21 02:44:00,10.04,10.06,10.04,10.06,180000,10.0436,14
8835,2015-04-21 02:45:00,10.06,10.08,10.04,10.06,344000,10.0601,13
8836,2015-04-21 02:46:00,10.08,10.08,10.04,10.06,268000,10.0522,8
8837,2015-04-21 02:47:00,10.04,10.04,10.04,10.04,14000,10.04,2
8838,2015-04-21 02:48:00,10.04,10.08,10.04,10.06,108000,10.0622,11
8839,2015-04-21 02:49:00,10.06,10.08,10.06,10.06,68000,10.0612,8
8840,2015-04-21 02:50:00,10.06,10.06,10.06,10.06,0,10.06,0
8841,2015-04-21 02:51:00,10.06,10.08,10.06,10.08,28000,10.0629,4
8842,2015-04-21 02:52:00,10.06,10.06,10.04,10.04,258000,10.0577,8
8843,2015-04-21 02:53:00,10.04,10.04,10.02,10.02,42000,10.0381,4
8844,2015-04-21 02:54:00,10.02,10.02,10.02,10.02,14000,10.02,2
8845,2015-04-21 02:55:00,10.04,10.04,10.02,10.04,72000,10.0267,8
8846,2015-04-21 02:56:00,10.04,10.04,10.02,10.04,12000,10.03,4
8847,2015-04-21 02:57:00,10.02,10.02,10.02,10.02,14000,10.02,4
8848,2015-04-21 02:58:00,10.02,10.04,10.02,10.04,28000,10.0214,5
8849,2015-04-21 02:59:00,10.04,10.04,10.02,10.02,196000,10.038,5
8850,2015-04-21 03:00:00,10.02,10.04,10.02,10.02,214000,10.0207,5
8851,2015-04-21 03:01:00,10.02,10.02,10.02,10.02,38000,10.02,6
8852,2015-04-21 03:02:00,10.02,10.02,10.02,10.02,10000,10.02,3
8853,2015-04-21 03:03:00,10.02,10.02,10.02,10.02,6000,10.02,2
8854,2015-04-21 03:04:00,10.04,10.04,10.02,10.02,14000,10.0286,4
8855,2015-04-21 03:05:00,10.02,10.04,10.02,10.04,42000,10.0219,6
8856,2015-04-21 03:06:00,10.02,10.02,10.02,10.02,258000,10.02,6
8857,2015-04-21 03:07:00,10.02,10.04,10.02,10.04,82000,10.0317,8
8858,2015-04-21 03:08:00,10.04,10.08,10.02,10.08,392000,10.0423,13
8859,2015-04-21 03:09:00,10.08,10.08,10.06,10.06,54000,10.0674,3
8860,2015-04-21 03:10:00,10.08,10.08,10.06,10.06,22000,10.0727,4
8861,2015-04-21 03:11:00,10.08,10.1,10.06,10.08,340000,10.0792,9
8862,2015-04-21 03:12:00,10.08,10.1,10.08,10.1,206000,10.0967,12
8863,2015-04-21 03:13:00,10.08,10.14,10.08,10.14,318000,10.1086,19
8864,2015-04-21 03:14:00,10.14,10.18,10.14,10.16,360000,10.152,23
8865,2015-04-21 03:15:00,10.16,10.18,10.14,10.14,102000,10.1561,19
8866,2015-04-21 03:16:00,10.14,10.16,10.14,10.16,80000,10.147,16
8867,2015-04-21 03:17:00,10.14,10.16,10.14,10.14,34000,10.1424,7
8868,2015-04-21 03:18:00,10.14,10.14,10.14,10.14,8000,10.14,2
8869,2015-04-21 03:19:00,10.14,10.16,10.12,10.12,252000,10.1405,10
8870,2015-04-21 03:20:00,10.12,10.12,10.08,10.1,182000,10.1044,10
8871,2015-04-21 03:21:00,10.1,10.1,10.1,10.1,80000,10.1,8
8872,2015-04-21 03:22:00,10.12,10.12,10.12,10.12,22000,10.12,1
8873,2015-04-21 03:23:00,10.1,10.12,10.1,10.1,60000,10.1067,6
8874,2015-04-21 03:24:00,10.1,10.1,10.1,10.1,22000,10.1,5
8875,2015-04-21 03:25:00,10.12,10.14,10.1,10.14,168000,10.1174,10
8876,2015-04-21 03:26:00,10.14,10.14,10.12,10.14,48000,10.1333,7
8877,2015-04-21 03:27:00,10.12,10.14,10.12,10.14,12000,10.1233,3
8878,2015-04-21 03:28:00,10.12,10.14,10.12,10.12,14000,10.1229,4
8879,2015-04-21 03:29:00,10.12,10.14,10.12,10.14,156000,10.139,12
8880,2015-04-21 03:30:00,10.12,10.16,10.12,10.16,98000,10.1404,18
8881,2015-04-21 03:31:00,10.16,10.16,10.14,10.16,24000,10.155,10
8882,2015-04-21 03:32:00,10.16,10.16,10.14,10.14,36000,10.1467,11
8883,2015-04-21 03:33:00,10.16,10.16,10.14,10.16,26000,10.1446,7
8884,2015-04-21 03:34:00,10.16,10.18,10.16,10.18,172000,10.1635,7
8885,2015-04-21 03:35:00,10.18,10.18,10.14,10.14,380000,10.162,15
8886,2015-04-21 03:36:00,10.14,10.16,10.14,10.14,26000,10.1415,6
8887,2015-04-21 03:37:00,10.14,10.14,10.14,10.14,22000,10.14,5
8888,2015-04-21 03:38:00,10.14,10.16,10.14,10.14,36000,10.1411,7
8889,2015-04-21 03:39:00,10.16,10.16,10.14,10.14,10000,10.144,3
8890,2015-04-21 03:40:00,10.14,10.16,10.14,10.14,42000,10.141,6
8891,2015-04-21 03:41:00,10.14,10.16,10.14,10.16,60000,10.1587,23
8892,2015-04-21 03:42:00,10.16,10.16,10.14,10.16,174000,10.1591,13
8893,2015-04-21 03:43:00,10.14,10.16,10.14,10.16,90000,10.1476,15
8894,2015-04-21 03:44:00,10.16,10.18,10.14,10.16,364000,10.1601,19
8895,2015-04-21 03:45:00,10.18,10.2,10.16,10.18,880000,10.1741,18
8896,2015-04-21 03:46:00,10.18,10.2,10.16,10.18,194000,10.1812,31
8897,2015-04-21 03:47:00,10.2,10.2,10.18,10.2,18000,10.1956,5
8898,2015-04-21 03:48:00,10.18,10.2,10.18,10.2,120000,10.187,23
8899,2015-04-21 03:49:00,10.2,10.2,10.18,10.2,262000,10.1875,32
8900,2015-04-21 03:50:00,10.2,10.2,10.18,10.2,136000,10.1871,32
8901,2015-04-21 03:51:00,10.2,10.2,10.16,10.18,282000,10.1787,39
8902,2015-04-21 03:52:00,10.18,10.18,10.16,10.18,126000,10.1708,39
8903,2015-04-21 03:53:00,10.18,10.18,10.16,10.18,146000,10.1679,31
8904,2015-04-21 03:54:00,10.18,10.18,10.16,10.18,152000,10.1742,35
8905,2015-04-21 03:55:00,10.18,10.18,10.16,10.16,334000,10.165,50
8906,2015-04-21 03:56:00,10.18,10.18,10.16,10.16,446000,10.1655,66
8907,2015-04-21 03:57:00,10.16,10.18,10.12,10.12,296000,10.1391,49
8908,2015-04-21 03:58:00,10.12,10.14,10.12,10.14,404000,10.1276,65
8909,2015-04-21 03:59:00,10.14,10.22,10.12,10.14,1620000,10.1707,114
8910,2015-04-21 21:30:00,10.88,10.88,10.64,10.74,840000,10.764,79
8911,2015-04-21 21:31:00,10.66,10.74,10.62,10.72,186000,10.7022,20
8912,2015-04-21 21:32:00,10.74,10.8,10.72,10.76,252000,10.7481,21
8913,2015-04-21 21:33:00,10.78,10.84,10.74,10.84,358000,10.7953,31
8914,2015-04-21 21:34:00,10.82,10.82,10.8,10.8,272000,10.8019,13
8915,2015-04-21 21:35:00,10.76,10.8,10.76,10.8,140000,10.7854,15
8916,2015-04-21 21:36:00,10.8,10.8,10.74,10.74,300000,10.7644,22
8917,2015-04-21 21:37:00,10.74,10.76,10.7,10.72,238000,10.7316,14
8918,2015-04-21 21:38:00,10.7,10.72,10.66,10.68,1176000,10.6879,47
8919,2015-04-21 21:39:00,10.68,10.7,10.66,10.7,784000,10.6868,44
8920,2015-04-21 21:40:00,10.7,10.72,10.68,10.72,504000,10.6971,24
8921,2015-04-21 21:41:00,10.72,10.76,10.7,10.76,896000,10.7296,37
8922,2015-04-21 21:42:00,10.76,10.78,10.72,10.74,434000,10.7477,23
8923,2015-04-21 21:43:00,10.76,10.82,10.76,10.78,490000,10.7816,18
8924,2015-04-21 21:44:00,10.78,10.84,10.76,10.78,892000,10.7994,35
8925,2015-04-21 21:45:00,10.78,10.82,10.78,10.8,136000,10.7879,7
8926,2015-04-21 21:46:00,10.8,10.88,10.8,10.88,820000,10.8422,28
8927,2015-04-21 21:47:00,10.86,10.98,10.86,10.98,926000,10.8905,37
8928,2015-04-21 21:48:00,10.98,11.08,10.96,11.0,2978000,11.0047,90
8929,2015-04-21 21:49:00,11.0,11.06,10.96,10.98,910000,11.0116,37
8930,2015-04-21 21:50:00,10.96,10.98,10.96,10.98,26000,10.9662,5
8931,2015-04-21 21:51:00,10.96,11.02,10.96,11.02,326000,10.9955,9
8932,2015-04-21 21:52:00,11.02,11.04,10.98,11.0,786000,11.0065,26
8933,2015-04-21 21:53:00,11.0,11.04,11.0,11.0,594000,11.0057,15
8934,2015-04-21 21:54:00,11.0,11.02,11.0,11.0,220000,11.0009,11
8935,2015-04-21 21:55:00,11.0,11.0,11.0,11.0,172000,11.0,7
8936,2015-04-21 21:56:00,11.0,11.0,11.0,11.0,148000,11.0,11
8937,2015-04-21 21:57:00,11.0,11.02,11.0,11.0,84000,11.0005,7
8938,2015-04-21 21:58:00,11.0,11.02,11.0,11.0,52000,11.0031,7
8939,2015-04-21 21:59:00,11.0,11.0,11.0,11.0,42000,11.0,5
8940,2015-04-21 22:00:00,11.02,11.02,11.0,11.0,86000,11.0014,11
8941,2015-04-21 22:01:00,11.0,11.1,11.0,11.08,1186000,11.0589,38
8942,2015-04-21 22:02:00,11.1,11.14,11.1,11.12,1322000,11.1203,38
8943,2015-04-21 22:03:00,11.16,11.2,11.12,11.14,906000,11.1538,45
8944,2015-04-21 22:04:00,11.14,11.16,11.1,11.1,648000,11.1295,22
8945,2015-04-21 22:05:00,11.08,11.16,11.08,11.14,462000,11.1138,16
8946,2015-04-21 22:06:00,11.14,11.2,11.14,11.2,214000,11.1707,18
8947,2015-04-21 22:07:00,11.18,11.24,11.18,11.24,810000,11.2073,33
8948,2015-04-21 22:08:00,11.22,11.28,11.22,11.28,874000,11.2693,35
8949,2015-04-21 22:09:00,11.28,11.36,11.28,11.34,836000,11.3194,36
8950,2015-04-21 22:10:00,11.34,11.38,11.34,11.38,220000,11.3631,13
8951,2015-04-21 22:11:00,11.36,11.38,11.28,11.28,1170000,11.3545,46
8952,2015-04-21 22:12:00,11.32,11.34,11.32,11.34,96000,11.3208,4
8953,2015-04-21 22:13:00,11.32,11.34,11.3,11.3,354000,11.3202,18
8954,2015-04-21 22:14:00,11.3,11.32,11.3,11.3,164000,11.3005,11
8955,2015-04-21 22:15:00,11.3,11.32,11.3,11.3,266000,11.3005,13
8956,2015-04-21 22:16:00,11.3,11.34,11.28,11.34,474000,11.3013,19
8957,2015-04-21 22:17:00,11.32,11.34,11.32,11.34,268000,11.3269,10
8958,2015-04-21 22:18:00,11.32,11.34,11.32,11.34,28000,11.3229,3
8959,2015-04-21 22:19:00,11.32,11.34,11.32,11.32,350000,11.3217,13
8960,2015-04-21 22:20:00,11.32,11.32,11.3,11.3,248000,11.316,11
8961,2015-04-21 22:21:00,11.32,11.32,11.3,11.3,58000,11.3083,6
8962,2015-04-21 22:22:00,11.3,11.32,11.3,11.32,190000,11.3015,10
8963,2015-04-21 22:23:00,11.3,11.3,11.3,11.3,94000,11.3,4
8964,2015-04-21 22:24:00,11.28,11.28,11.26,11.26,314000,11.2735,15
8965,2015-04-21 22:25:00,11.28,11.28,11.26,11.26,26000,11.2754,3
8966,2015-04-21 22:26:00,11.26,11.3,11.26,11.3,328000,11.2849,13
8967,2015-04-21 22:27:00,11.3,11.32,11.3,11.32,110000,11.316,7
8968,2015-04-21 22:28:00,11.32,11.32,11.3,11.3,6000,11.3133,2
8969,2015-04-21 22:29:00,11.32,11.34,11.32,11.34,50000,11.3272,8
8970,2015-04-21 22:30:00,11.32,11.4,11.32,11.4,760000,11.3659,53
8971,2015-04-21 22:31:00,11.36,11.4,11.36,11.38,92000,11.3848,17
8972,2015-04-21 22:32:00,11.38,11.4,11.38,11.4,250000,11.3939,21
8973,2015-04-21 22:33:00,11.4,11.44,11.4,11.44,552000,11.4163,43
8974,2015-04-21 22:34:00,11.42,11.44,11.42,11.44,168000,11.4302,19
8975,2015-04-21 22:35:00,11.44,11.48,11.42,11.48,752000,11.4416,45
8976,2015-04-21 22:36:00,11.48,11.5,11.46,11.48,474000,11.4818,43
8977,2015-04-21 22:37:00,11.46,11.5,11.46,11.5,206000,11.4783,14
8978,2015-04-21 22:38:00,11.5,11.5,11.48,11.5,224000,11.4884,30
8979,2015-04-21 22:39:00,11.5,11.5,11.4,11.44,546000,11.4575,16
8980,2015-04-21 22:40:00,11.44,11.48,11.44,11.48,114000,11.4572,8
8981,2015-04-21 22:41:00,11.46,11.48,11.46,11.48,140000,11.4657,5
8982,2015-04-21 22:42:00,11.48,11.48,11.44,11.48,24000,11.4667,3
8983,2015-04-21 22:43:00,11.44,11.46,11.44,11.46,32000,11.4463,4
8984,2015-04-21 22:44:00,11.44,11.46,11.42,11.44,190000,11.4438,18
8985,2015-04-21 22:45:00,11.44,11.44,11.36,11.4,224000,11.4193,24
8986,2015-04-21 22:46:00,11.4,11.42,11.32,11.36,590000,11.3803,29
8987,2015-04-21 22:47:00,11.38,11.4,11.38,11.4,42000,11.3905,4
8988,2015-04-21 22:48:00,11.38,11.4,11.38,11.4,170000,11.3856,5
8989,2015-04-21 22:49:00,11.38,11.4,11.38,11.38,98000,11.3837,6
8990,2015-04-21 22:50:00,11.38,11.42,11.38,11.38,636000,11.3872,25
8991,2015-04-21 22:51:00,11.42,11.42,11.38,11.42,42000,11.4181,7
8992,2015-04-21 22:52:00,11.42,11.44,11.4,11.44,306000,11.4103,14
8993,2015-04-21 22:53:00,11.42,11.44,11.4,11.44,158000,11.4289,14
8994,2015-04-21 22:54:00,11.44,11.44,11.42,11.42,66000,11.4255,5
8995,2015-04-21 22:55:00,11.42,11.44,11.4,11.4,146000,11.4241,10
8996,2015-04-21 22:56:00,11.4,11.44,11.4,11.44,86000,11.4223,6
8997,2015-04-21 22:57:00,11.42,11.44,11.42,11.44,6000,11.4267,2
8998,2015-04-21 22:58:00,11.42,11.46,11.42,11.44,442000,11.4354,20
8999,2015-04-21 22:59:00,11.44,11.46,11.44,11.46,130000,11.4588,14
9000,2015-04-21 23:00:00,11.46,11.48,11.4,11.4,774000,11.4382,26
9001,2015-04-21 23:01:00,11.44,11.44,11.42,11.42,286000,11.4399,8
9002,2015-04-21 23:02:00,11.42,11.44,11.4,11.42,148000,11.4084,10
9003,2015-04-21 23:03:00,11.4,11.44,11.4,11.42,292000,11.4063,10
9004,2015-04-21 23:04:00,11.42,11.46,11.4,11.46,356000,11.4297,25
9005,2015-04-21 23:05:00,11.46,11.46,11.42,11.44,178000,11.4535,13
9006,2015-04-21 23:06:00,11.44,11.48,11.44,11.48,232000,11.4567,13
9007,2015-04-21 23:07:00,11.48,11.48,11.46,11.48,258000,11.4758,16
9008,2015-04-21 23:08:00,11.48,11.5,11.46,11.48,138000,11.4812,10
9009,2015-04-21 23:09:00,11.48,11.5,11.46,11.48,74000,11.4789,10
9010,2015-04-21 23:10:00,11.5,11.5,11.48,11.5,26000,11.4969,6
9011,2015-04-21 23:11:00,11.48,11.56,11.48,11.54,1166000,11.5178,49
9012,2015-04-21 23:12:00,11.56,11.6,11.54,11.6,468000,11.5779,22
9013,2015-04-21 23:13:00,11.6,11.8,11.6,11.7,1112000,11.6749,58
9014,2015-04-21 23:14:00,11.68,11.76,11.62,11.62,392000,11.6935,24
9015,2015-04-21 23:15:00,11.52,11.62,11.52,11.6,80000,11.5975,10
9016,2015-04-21 23:16:00,11.56,11.64,11.56,11.64,90000,11.6173,7
9017,2015-04-21 23:17:00,11.64,11.64,11.6,11.64,62000,11.6381,9
9018,2015-04-21 23:18:00,11.62,11.64,11.58,11.6,204000,11.6129,11
9019,2015-04-21 23:19:00,11.58,11.62,11.56,11.58,258000,11.5936,16
9020,2015-04-21 23:20:00,11.6,11.66,11.6,11.66,184000,11.6217,11
9021,2015-04-21 23:21:00,11.68,11.7,11.62,11.68,436000,11.6542,14
9022,2015-04-21 23:22:00,11.6,11.68,11.6,11.68,56000,11.6471,6
9023,2015-04-21 23:23:00,11.6,11.6,11.6,11.6,44000,11.6,2
9024,2015-04-21 23:24:00,11.62,11.62,11.58,11.58,80000,11.5975,9
9025,2015-04-21 23:25:00,11.6,11.6,11.54,11.54,76000,11.5647,9
9026,2015-04-21 23:26:00,11.52,11.54,11.52,11.54,24000,11.525,5
9027,2015-04-21 23:27:00,11.52,11.56,11.52,11.56,294000,11.5401,13
9028,2015-04-21 23:28:00,11.56,11.58,11.56,11.58,144000,11.5694,4
9029,2015-04-21 23:29:00,11.56,11.56,11.56,11.56,126000,11.56,4
9030,2015-04-21 23:30:00,11.54,11.54,11.54,11.54,6000,11.54,1
9031,2015-04-21 23:31:00,11.54,11.56,11.54,11.54,38000,11.5432,6
9032,2015-04-21 23:32:00,11.54,11.56,11.5,11.5,396000,11.5391,25
9033,2015-04-21 23:33:00,11.5,11.52,11.46,11.5,206000,11.4899,12
9034,2015-04-21 23:34:00,11.52,11.54,11.5,11.5,96000,11.5196,6
9035,2015-04-21 23:35:00,11.54,11.56,11.52,11.54,202000,11.5396,12
9036,2015-04-21 23:36:00,11.56,11.56,11.54,11.54,40000,11.545,5
9037,2015-04-21 23:37:00,11.54,11.54,11.48,11.48,632000,11.5094,22
9038,2015-04-21 23:38:00,11.48,11.56,11.48,11.56,424000,11.5157,14
9039,2015-04-21 23:39:00,11.56,11.58,11.56,11.58,422000,11.5683,13
9040,2015-04-21 23:40:00,11.58,11.58,11.54,11.54,270000,11.5514,10
9041,2015-04-21 23:41:00,11.52,11.52,11.52,11.52,16000,11.52,3
9042,2015-04-21 23:42:00,11.5,11.5,11.5,11.5,130000,11.5,4
9043,2015-04-21 23:43:00,11.5,11.5,11.5,11.5,70000,11.5,9
9044,2015-04-21 23:44:00,11.5,11.52,11.4,11.5,2328000,11.4441,77
9045,2015-04-21 23:45:00,11.44,11.5,11.42,11.42,124000,11.4303,7
9046,2015-04-21 23:46:00,11.42,11.46,11.4,11.46,124000,11.4145,6
9047,2015-04-21 23:47:00,11.4,11.44,11.4,11.42,186000,11.4232,8
9048,2015-04-21 23:48:00,11.4,11.4,11.4,11.4,20000,11.4,3
9049,2015-04-21 23:49:00,11.42,11.52,11.42,11.52,1022000,11.4301,32
9050,2015-04-21 23:50:00,11.5,11.5,11.48,11.48,226000,11.483,8
9051,2015-04-21 23:51:00,11.48,11.56,11.48,11.56,396000,11.4916,14
9052,2015-04-21 23:52:00,11.56,11.56,11.56,11.56,8000,11.56,2
9053,2015-04-21 23:53:00,11.56,11.56,11.54,11.54,66000,11.557,3
9054,2015-04-21 23:54:00,11.56,11.56,11.54,11.54,108000,11.5404,3
9055,2015-04-21 23:55:00,11.54,11.54,11.52,11.52,22000,11.5218,3
9056,2015-04-21 23:56:00,11.52,11.52,11.52,11.52,148000,11.52,8
9057,2015-04-21 23:57:00,11.52,11.56,11.52,11.56,104000,11.5338,13
9058,2015-04-21 23:58:00,11.56,11.56,11.56,11.56,0,11.56,0
9059,2015-04-21 23:59:00,11.54,11.56,11.52,11.54,96000,11.5304,13
9060,2015-04-22 01:00:00,11.52,11.56,11.48,11.5,496000,11.5198,25
9061,2015-04-22 01:01:00,11.5,11.52,11.5,11.52,106000,11.5196,3
9062,2015-04-22 01:02:00,11.52,11.52,11.52,11.52,0,11.52,0
9063,2015-04-22 01:03:00,11.52,11.52,11.5,11.5,266000,11.5003,6
9064,2015-04-22 01:04:00,11.5,11.5,11.5,11.5,14000,11.5,1
9065,2015-04-22 01:05:00,11.5,11.5,11.5,11.5,130000,11.5,4
9066,2015-04-22 01:06:00,11.5,11.52,11.5,11.52,126000,11.5159,5
9067,2015-04-22 01:07:00,11.52,11.52,11.5,11.5,8000,11.51,3
9068,2015-04-22 01:08:00,11.52,11.52,11.5,11.5,96000,11.5187,7
9069,2015-04-22 01:09:00,11.5,11.5,11.46,11.46,200000,11.4922,7
9070,2015-04-22 01:10:00,11.46,11.5,11.46,11.5,258000,11.4726,12
9071,2015-04-22 01:11:00,11.52,11.52,11.52,11.52,44000,11.52,3
9072,2015-04-22 01:12:00,11.52,11.52,11.5,11.52,96000,11.5142,8
9073,2015-04-22 01:13:00,11.52,11.52,11.5,11.52,40000,11.513,4
9074,2015-04-22 01:14:00,11.52,11.56,11.52,11.56,366000,11.545,13
9075,2015-04-22 01:15:00,11.58,11.6,11.58,11.58,524000,11.5932,15
9076,2015-04-22 01:16:00,11.6,11.6,11.58,11.58,160000,11.5995,6
9077,2015-04-22 01:17:00,11.6,11.62,11.58,11.58,134000,11.5934,9
9078,2015-04-22 01:18:00,11.58,11.58,11.56,11.56,36000,11.5722,5
9079,2015-04-22 01:19:00,11.56,11.58,11.56,11.56,200000,11.5606,10
9080,2015-04-22 01:20:00,11.58,11.58,11.58,11.58,6000,11.58,2
9081,2015-04-22 01:21:00,11.58,11.58,11.56,11.56,34000,11.5659,4
9082,2015-04-22 01:22:00,11.54,11.58,11.54,11.58,190000,11.5627,15
9083,2015-04-22 01:23:00,11.56,11.62,11.56,11.62,170000,11.5955,11
9084,2015-04-22 01:24:00,11.6,11.62,11.58,11.62,116000,11.6034,13
9085,2015-04-22 01:25:00,11.6,11.62,11.6,11.62,118000,11.6129,11
9086,2015-04-22 01:26:00,11.62,11.62,11.6,11.62,120000,11.6183,14
9087,2015-04-22 01:27:00,11.62,11.62,11.6,11.6,166000,11.6067,9
9088,2015-04-22 01:28:00,11.58,11.58,11.58,11.58,52000,11.58,1
9089,2015-04-22 01:29:00,11.56,11.58,11.56,11.58,14000,11.5657,2
9090,2015-04-22 01:30:00,11.56,11.58,11.54,11.56,432000,11.5622,16
9091,2015-04-22 01:31:00,11.56,11.6,11.56,11.56,36000,11.5833,5
9092,2015-04-22 01:32:00,11.58,11.6,11.58,11.58,28000,11.5829,3
9093,2015-04-22 01:33:00,11.58,11.58,11.58,11.58,110000,11.58,5
9094,2015-04-22 01:34:00,11.58,11.6,11.58,11.6,242000,11.596,10
9095,2015-04-22 01:35:00,11.62,11.62,11.62,11.62,36000,11.62,5
9096,2015-04-22 01:36:00,11.62,11.62,11.6,11.6,134000,11.6021,8
9097,2015-04-22 01:37:00,11.6,11.64,11.58,11.62,390000,11.6102,18
9098,2015-04-22 01:38:00,11.6,11.6,11.6,11.6,10000,11.6,1
9099,2015-04-22 01:39:00,11.6,11.6,11.6,11.6,38000,11.6,3
9100,2015-04-22 01:40:00,11.6,11.6,11.58,11.58,26000,11.5923,4
9101,2015-04-22 01:41:00,11.6,11.6,11.6,11.6,16000,11.6,4
9102,2015-04-22 01:42:00,11.6,11.6,11.58,11.58,120000,11.5803,2
9103,2015-04-22 01:43:00,11.56,11.58,11.56,11.58,206000,11.5767,5
9104,2015-04-22 01:44:00,11.6,11.62,11.6,11.62,152000,11.605,4
9105,2015-04-22 01:45:00,11.6,11.62,11.6,11.62,120000,11.609,5
9106,2015-04-22 01:46:00,11.62,11.68,11.62,11.66,400000,11.6385,19
9107,2015-04-22 01:47:00,11.68,11.68,11.66,11.66,70000,11.6771,4
9108,2015-04-22 01:48:00,11.68,11.68,11.64,11.66,184000,11.66,7
9109,2015-04-22 01:49:00,11.64,11.64,11.62,11.64,168000,11.6364,6
9110,2015-04-22 01:50:00,11.62,11.62,11.6,11.62,34000,11.6165,5
9111,2015-04-22 01:51:00,11.6,11.62,11.6,11.6,56000,11.6007,7
9112,2015-04-22 01:52:00,11.6,11.6,11.58,11.58,178000,11.5998,6
9113,2015-04-22 01:53:00,11.58,11.6,11.58,11.6,42000,11.5829,5
9114,2015-04-22 01:54:00,11.58,11.58,11.58,11.58,12000,11.58,2
9115,2015-04-22 01:55:00,11.58,11.58,11.58,11.58,154000,11.58,5
9116,2015-04-22 01:56:00,11.58,11.6,11.56,11.6,238000,11.5773,7
9117,2015-04-22 01:57:00,11.58,11.58,11.58,11.58,54000,11.58,4
9118,2015-04-22 01:58:00,11.58,11.58,11.58,11.58,24000,11.58,3
9119,2015-04-22 01:59:00,11.58,11.6,11.58,11.6,50000,11.5824,5
9120,2015-04-22 02:00:00,11.58,11.58,11.52,11.52,506000,11.5473,11
9121,2015-04-22 02:01:00,11.52,11.52,11.48,11.48,98000,11.4951,8
9122,2015-04-22 02:02:00,11.46,11.52,11.46,11.48,166000,11.4786,17
9123,2015-04-22 02:03:00,11.5,11.5,11.5,11.5,12000,11.5,3
9124,2015-04-22 02:04:00,11.5,11.5,11.5,11.5,22000,11.5,3
9125,2015-04-22 02:05:00,11.5,11.5,11.44,11.48,182000,11.4877,15
9126,2015-04-22 02:06:00,11.46,11.48,11.46,11.46,144000,11.4622,7
9127,2015-04-22 02:07:00,11.48,11.5,11.48,11.5,64000,11.4969,4
9128,2015-04-22 02:08:00,11.5,11.52,11.5,11.5,50000,11.5128,6
9129,2015-04-22 02:09:00,11.52,11.54,11.5,11.54,122000,11.5233,9
9130,2015-04-22 02:10:00,11.56,11.56,11.54,11.56,88000,11.5532,7
9131,2015-04-22 02:11:00,11.56,11.56,11.56,11.56,38000,11.56,3
9132,2015-04-22 02:12:00,11.56,11.56,11.54,11.56,98000,11.5592,10
9133,2015-04-22 02:13:00,11.56,11.6,11.56,11.56,144000,11.5772,8
9134,2015-04-22 02:14:00,11.58,11.66,11.58,11.66,566000,11.6171,24
9135,2015-04-22 02:15:00,11.62,11.66,11.62,11.66,82000,11.659,7
9136,2015-04-22 02:16:00,11.66,11.66,11.64,11.64,104000,11.6465,5
9137,2015-04-22 02:17:00,11.64,11.66,11.6,11.62,172000,11.6458,8
9138,2015-04-22 02:18:00,11.62,11.62,11.6,11.6,8000,11.605,2
9139,2015-04-22 02:19:00,11.62,11.64,11.62,11.64,212000,11.624,7
9140,2015-04-22 02:20:00,11.66,11.68,11.66,11.68,524000,11.6745,8
9141,2015-04-22 02:21:00,11.68,11.7,11.68,11.7,92000,11.6813,5
9142,2015-04-22 02:22:00,11.68,11.68,11.66,11.66,244000,11.678,6
9143,2015-04-22 02:23:00,11.66,11.66,11.64,11.66,270000,11.6462,12
9144,2015-04-22 02:24:00,11.66,11.66,11.66,11.66,60000,11.66,3
9145,2015-04-22 02:25:00,11.64,11.64,11.64,11.64,10000,11.64,1
9146,2015-04-22 02:26:00,11.64,11.64,11.64,11.64,4000,11.64,1
9147,2015-04-22 02:27:00,11.66,11.66,11.64,11.64,70000,11.6446,10
9148,2015-04-22 02:28:00,11.64,11.64,11.64,11.64,60000,11.64,5
9149,2015-04-22 02:29:00,11.66,11.66,11.64,11.64,126000,11.6479,6
9150,2015-04-22 02:30:00,11.64,11.66,11.64,11.64,46000,11.6426,7
9151,2015-04-22 02:31:00,11.64,11.66,11.64,11.66,18000,11.6444,3
9152,2015-04-22 02:32:00,11.64,11.66,11.64,11.66,90000,11.6551,7
9153,2015-04-22 02:33:00,11.66,11.66,11.66,11.66,48000,11.66,2
9154,2015-04-22 02:34:00,11.66,11.66,11.64,11.64,42000,11.6419,4
9155,2015-04-22 02:35:00,11.64,11.66,11.64,11.66,80000,11.654,6
9156,2015-04-22 02:36:00,11.66,11.66,11.66,11.66,10000,11.66,1
9157,2015-04-22 02:37:00,11.64,11.66,11.6,11.6,676000,11.638,36
9158,2015-04-22 02:38:00,11.58,11.58,11.52,11.52,60000,11.548,9
9159,2015-04-22 02:39:00,11.52,11.52,11.52,11.52,0,11.52,0
9160,2015-04-22 02:40:00,11.56,11.62,11.56,11.62,412000,11.5629,5
9161,2015-04-22 02:41:00,11.62,11.62,11.6,11.6,78000,11.619,5
9162,2015-04-22 02:42:00,11.64,11.64,11.64,11.64,4000,11.64,1
9163,2015-04-22 02:43:00,11.64,11.64,11.62,11.62,62000,11.6245,8
9164,2015-04-22 02:44:00,11.62,11.62,11.62,11.62,8000,11.62,1
9165,2015-04-22 02:45:00,11.62,11.64,11.62,11.64,24000,11.6217,2
9166,2015-04-22 02:46:00,11.64,11.64,11.62,11.64,36000,11.6322,5
9167,2015-04-22 02:47:00,11.64,11.64,11.62,11.64,30000,11.6307,5
9168,2015-04-22 02:48:00,11.64,11.64,11.62,11.62,44000,11.6282,9
9169,2015-04-22 02:49:00,11.64,11.64,11.62,11.64,130000,11.6375,8
9170,2015-04-22 02:50:00,11.64,11.64,11.64,11.64,10000,11.64,3
9171,2015-04-22 02:51:00,11.64,11.64,11.62,11.64,66000,11.637,14
9172,2015-04-22 02:52:00,11.64,11.64,11.64,11.64,0,11.64,0
9173,2015-04-22 02:53:00,11.64,11.64,11.62,11.62,80000,11.6205,7
9174,2015-04-22 02:54:00,11.62,11.64,11.62,11.62,18000,11.6267,4
9175,2015-04-22 02:55:00,11.62,11.62,11.56,11.56,334000,11.6163,9
9176,2015-04-22 02:56:00,11.56,11.6,11.56,11.6,358000,11.5657,10
9177,2015-04-22 02:57:00,11.62,11.62,11.6,11.62,54000,11.6089,4
9178,2015-04-22 02:58:00,11.62,11.62,11.6,11.62,194000,11.6163,10
9179,2015-04-22 02:59:00,11.64,11.66,11.64,11.66,144000,11.6439,4
9180,2015-04-22 03:00:00,11.66,11.68,11.66,11.68,396000,11.6666,20
9181,2015-04-22 03:01:00,11.68,11.7,11.68,11.7,204000,11.6812,15
9182,2015-04-22 03:02:00,11.7,11.7,11.68,11.7,54000,11.6889,9
9183,2015-04-22 03:03:00,11.68,11.7,11.68,11.68,28000,11.6814,4
9184,2015-04-22 03:04:00,11.68,11.7,11.68,11.7,12000,11.6833,2
9185,2015-04-22 03:05:00,11.68,11.7,11.68,11.7,120000,11.6843,13
9186,2015-04-22 03:06:00,11.68,11.7,11.68,11.68,86000,11.6833,7
9187,2015-04-22 03:07:00,11.7,11.7,11.68,11.7,10000,11.688,3
9188,2015-04-22 03:08:00,11.7,11.7,11.68,11.68,144000,11.6817,6
9189,2015-04-22 03:09:00,11.68,11.7,11.68,11.7,14000,11.6857,2
9190,2015-04-22 03:10:00,11.68,11.68,11.68,11.68,46000,11.68,7
9191,2015-04-22 03:11:00,11.7,11.7,11.68,11.68,40000,11.684,3
9192,2015-04-22 03:12:00,11.7,11.7,11.64,11.64,344000,11.6708,14
9193,2015-04-22 03:13:00,11.64,11.66,11.64,11.66,68000,11.6488,6
9194,2015-04-22 03:14:00,11.66,11.66,11.66,11.66,22000,11.66,3
9195,2015-04-22 03:15:00,11.66,11.66,11.64,11.66,52000,11.6562,7
9196,2015-04-22 03:16:00,11.66,11.66,11.64,11.66,62000,11.6535,10
9197,2015-04-22 03:17:00,11.64,11.66,11.64,11.66,184000,11.6491,14
9198,2015-04-22 03:18:00,11.64,11.66,11.64,11.66,166000,11.6576,10
9199,2015-04-22 03:19:00,11.66,11.68,11.66,11.66,352000,11.6606,10
9200,2015-04-22 03:20:00,11.66,11.68,11.66,11.68,14000,11.6629,3
9201,2015-04-22 03:21:00,11.68,11.68,11.66,11.66,182000,11.6785,11
9202,2015-04-22 03:22:00,11.68,11.68,11.68,11.68,168000,11.68,15
9203,2015-04-22 03:23:00,11.68,11.7,11.68,11.7,214000,11.6914,9
9204,2015-04-22 03:24:00,11.7,11.74,11.68,11.74,794000,11.714,14
9205,2015-04-22 03:25:00,11.74,11.76,11.74,11.76,410000,11.7466,8
9206,2015-04-22 03:26:00,11.76,11.76,11.76,11.76,234000,11.76,11
9207,2015-04-22 03:27:00,11.76,11.76,11.74,11.76,224000,11.7577,19
9208,2015-04-22 03:28:00,11.78,11.8,11.78,11.8,276000,11.7871,17
9209,2015-04-22 03:29:00,11.8,11.8,11.76,11.76,270000,11.7858,15
9210,2015-04-22 03:30:00,11.76,11.76,11.74,11.76,262000,11.7583,8
9211,2015-04-22 03:31:00,11.76,11.76,11.76,11.76,34000,11.76,4
9212,2015-04-22 03:32:00,11.76,11.78,11.76,11.76,20000,11.764,3
9213,2015-04-22 03:33:00,11.76,11.76,11.76,11.76,44000,11.76,4
9214,2015-04-22 03:34:00,11.78,11.78,11.76,11.76,50000,11.7768,6
9215,2015-04-22 03:35:00,11.76,11.78,11.76,11.76,74000,11.7703,9
9216,2015-04-22 03:36:00,11.76,11.78,11.76,11.78,90000,11.7644,9
9217,2015-04-22 03:37:00,11.76,11.78,11.76,11.78,90000,11.7738,14
9218,2015-04-22 03:38:00,11.76,11.78,11.74,11.74,704000,11.7471,24
9219,2015-04-22 03:39:00,11.74,11.74,11.74,11.74,158000,11.74,6
9220,2015-04-22 03:40:00,11.72,11.72,11.7,11.7,90000,11.7111,4
9221,2015-04-22 03:41:00,11.72,11.72,11.72,11.72,30000,11.72,2
9222,2015-04-22 03:42:00,11.7,11.72,11.64,11.64,428000,11.68,19
9223,2015-04-22 03:43:00,11.64,11.66,11.64,11.66,720000,11.65,17
9224,2015-04-22 03:44:00,11.66,11.68,11.64,11.68,220000,11.6624,6
9225,2015-04-22 03:45:00,11.7,11.72,11.68,11.72,138000,11.7041,14
9226,2015-04-22 03:46:00,11.72,11.74,11.7,11.74,294000,11.7212,17
9227,2015-04-22 03:47:00,11.74,11.74,11.68,11.72,272000,11.7157,21
9228,2015-04-22 03:48:00,11.72,11.72,11.68,11.72,82000,11.7093,11
9229,2015-04-22 03:49:00,11.7,11.72,11.68,11.7,218000,11.7013,15
9230,2015-04-22 03:50:00,11.7,11.72,11.68,11.7,330000,11.693,21
9231,2015-04-22 03:51:00,11.68,11.7,11.68,11.68,142000,11.6918,13
9232,2015-04-22 03:52:00,11.68,11.7,11.66,11.66,232000,11.6781,21
9233,2015-04-22 03:53:00,11.66,11.68,11.64,11.66,464000,11.6548,34
9234,2015-04-22 03:54:00,11.66,11.68,11.66,11.68,182000,11.676,29
9235,2015-04-22 03:55:00,11.66,11.72,11.66,11.7,212000,11.6945,22
9236,2015-04-22 03:56:00,11.68,11.7,11.62,11.64,196000,11.6651,22
9237,2015-04-22 03:57:00,11.62,11.7,11.62,11.7,570000,11.6453,31
9238,2015-04-22 03:58:00,11.68,11.72,11.64,11.64,552000,11.6753,54
9239,2015-04-22 03:59:00,11.66,11.74,11.6,11.74,1532000,11.6642,134
9240,2015-04-22 21:30:00,11.6,11.66,11.58,11.62,538000,11.6125,43
9241,2015-04-22 21:31:00,11.62,11.66,11.6,11.64,146000,11.6288,17
9242,2015-04-22 21:32:00,11.64,11.66,11.46,11.52,1360000,11.5398,32
9243,2015-04-22 21:33:00,11.5,11.5,11.46,11.48,156000,11.4754,11
9244,2015-04-22 21:34:00,11.48,11.54,11.46,11.5,312000,11.5003,17
9245,2015-04-22 21:35:00,11.52,11.52,11.46,11.46,330000,11.4938,17
9246,2015-04-22 21:36:00,11.46,11.46,11.44,11.44,408000,11.4568,15
9247,2015-04-22 21:37:00,11.44,11.46,11.44,11.44,158000,11.4405,20
9248,2015-04-22 21:38:00,11.44,11.44,11.36,11.38,314000,11.4052,13
9249,2015-04-22 21:39:00,11.34,11.34,11.22,11.28,686000,11.2755,36
9250,2015-04-22 21:40:00,11.28,11.28,11.24,11.24,120000,11.263,9
9251,2015-04-22 21:41:00,11.26,11.28,11.26,11.28,204000,11.2608,13
9252,2015-04-22 21:42:00,11.28,11.28,11.24,11.24,398000,11.2646,16
9253,2015-04-22 21:43:00,11.24,11.24,11.22,11.24,82000,11.2376,6
9254,2015-04-22 21:44:00,11.24,11.24,11.24,11.24,126000,11.24,6
9255,2015-04-22 21:45:00,11.24,11.24,11.22,11.22,108000,11.2222,9
9256,2015-04-22 21:46:00,11.2,11.2,11.16,11.16,328000,11.1943,12
9257,2015-04-22 21:47:00,11.18,11.2,11.16,11.2,328000,11.1872,15
9258,2015-04-22 21:48:00,11.2,11.22,11.2,11.22,144000,11.2178,9
9259,2015-04-22 21:49:00,11.24,11.24,11.2,11.2,82000,11.2249,9
9260,2015-04-22 21:50:00,11.24,11.26,11.24,11.24,202000,11.2457,12
9261,2015-04-22 21:51:00,11.26,11.28,11.24,11.28,248000,11.2611,13
9262,2015-04-22 21:52:00,11.28,11.3,11.28,11.28,104000,11.2815,8
9263,2015-04-22 21:53:00,11.28,11.28,11.26,11.28,92000,11.2787,8
9264,2015-04-22 21:54:00,11.28,11.28,11.2,11.26,438000,11.2363,12
9265,2015-04-22 21:55:00,11.26,11.26,11.22,11.24,18000,11.2356,5
9266,2015-04-22 21:56:00,11.24,11.24,11.22,11.24,98000,11.2359,10
9267,2015-04-22 21:57:00,11.26,11.26,11.26,11.26,100000,11.26,10
9268,2015-04-22 21:58:00,11.28,11.28,11.26,11.26,36000,11.2622,3
9269,2015-04-22 21:59:00,11.28,11.28,11.26,11.26,20000,11.264,4
9270,2015-04-22 22:00:00,11.26,11.26,11.24,11.24,10000,11.252,3
9271,2015-04-22 22:01:00,11.24,11.24,11.2,11.22,242000,11.2117,16
9272,2015-04-22 22:02:00,11.2,11.22,11.2,11.22,66000,11.203,7
9273,2015-04-22 22:03:00,11.22,11.22,11.22,11.22,6000,11.22,2
9274,2015-04-22 22:04:00,11.2,11.22,11.18,11.18,76000,11.1989,7
9275,2015-04-22 22:05:00,11.2,11.2,11.18,11.2,194000,11.1986,9
9276,2015-04-22 22:06:00,11.22,11.22,11.2,11.2,24000,11.205,4
9277,2015-04-22 22:07:00,11.22,11.24,11.22,11.22,126000,11.2273,6
9278,2015-04-22 22:08:00,11.24,11.24,11.24,11.24,10000,11.24,3
9279,2015-04-22 22:09:00,11.24,11.26,11.22,11.26,34000,11.2506,11
9280,2015-04-22 22:10:00,11.26,11.26,11.26,11.26,6000,11.26,2
9281,2015-04-22 22:11:00,11.26,11.26,11.22,11.22,130000,11.2342,15
9282,2015-04-22 22:12:00,11.22,11.24,11.16,11.22,564000,11.1951,13
9283,2015-04-22 22:13:00,11.2,11.2,11.2,11.2,14000,11.2,3
9284,2015-04-22 22:14:00,11.2,11.2,11.18,11.18,18000,11.1978,4
9285,2015-04-22 22:15:00,11.2,11.2,11.18,11.18,316000,11.1972,8
9286,2015-04-22 22:16:00,11.2,11.2,11.18,11.18,92000,11.1813,7
9287,2015-04-22 22:17:00,11.18,11.18,11.18,11.18,0,11.18,0
9288,2015-04-22 22:18:00,11.18,11.2,11.18,11.2,230000,11.1803,13
9289,2015-04-22 22:19:00,11.2,11.2,11.18,11.2,22000,11.1945,4
9290,2015-04-22 22:20:00,11.2,11.2,11.18,11.18,224000,11.1938,11
9291,2015-04-22 22:21:00,11.16,11.18,11.16,11.16,14000,11.1657,6
9292,2015-04-22 22:22:00,11.16,11.18,11.16,11.18,72000,11.1733,7
9293,2015-04-22 22:23:00,11.18,11.18,11.18,11.18,30000,11.18,5
9294,2015-04-22 22:24:00,11.18,11.18,11.16,11.18,54000,11.1689,7
9295,2015-04-22 22:25:00,11.18,11.18,11.16,11.18,26000,11.1785,7
9296,2015-04-22 22:26:00,11.18,11.18,11.18,11.18,18000,11.18,4
9297,2015-04-22 22:27:00,11.18,11.18,11.16,11.18,146000,11.1715,14
9298,2015-04-22 22:28:00,11.18,11.2,11.18,11.18,254000,11.1849,11
9299,2015-04-22 22:29:00,11.18,11.2,11.18,11.2,44000,11.19,4
9300,2015-04-22 22:30:00,11.2,11.2,11.14,11.16,520000,11.1697,19
9301,2015-04-22 22:31:00,11.16,11.16,11.14,11.16,38000,11.1442,3
9302,2015-04-22 22:32:00,11.16,11.16,11.14,11.14,24000,11.1533,4
9303,2015-04-22 22:33:00,11.16,11.16,11.14,11.14,34000,11.1435,4
9304,2015-04-22 22:34:00,11.16,11.16,11.16,11.16,4000,11.16,1
9305,2015-04-22 22:35:00,11.14,11.2,11.14,11.16,444000,11.1732,11
9306,2015-04-22 22:36:00,11.16,11.18,11.16,11.18,110000,11.1625,7
9307,2015-04-22 22:37:00,11.18,11.2,11.18,11.2,340000,11.196,13
9308,2015-04-22 22:38:00,11.2,11.2,11.2,11.2,70000,11.2,5
9309,2015-04-22 22:39:00,11.2,11.22,11.2,11.22,124000,11.2006,8
9310,2015-04-22 22:40:00,11.22,11.22,11.2,11.2,46000,11.2157,4
9311,2015-04-22 22:41:00,11.22,11.24,11.22,11.22,166000,11.2231,8
9312,2015-04-22 22:42:00,11.22,11.24,11.22,11.22,12000,11.2267,4
9313,2015-04-22 22:43:00,11.24,11.26,11.24,11.26,94000,11.2413,6
9314,2015-04-22 22:44:00,11.26,11.26,11.26,11.26,94000,11.26,4
9315,2015-04-22 22:45:00,11.24,11.26,11.24,11.26,28000,11.2586,4
9316,2015-04-22 22:46:00,11.26,11.26,11.24,11.24,204000,11.248,9
9317,2015-04-22 22:47:00,11.22,11.24,11.22,11.24,10000,11.232,3
9318,2015-04-22 22:48:00,11.22,11.24,11.22,11.24,74000,11.2227,6
9319,2015-04-22 22:49:00,11.24,11.26,11.22,11.26,64000,11.2444,12
9320,2015-04-22 22:50:00,11.24,11.26,11.22,11.24,276000,11.2291,12
9321,2015-04-22 22:51:00,11.26,11.26,11.24,11.24,20000,11.248,5
9322,2015-04-22 22:52:00,11.26,11.26,11.22,11.24,262000,11.2418,9
9323,2015-04-22 22:53:00,11.24,11.24,11.24,11.24,0,11.24,0
9324,2015-04-22 22:54:00,11.26,11.26,11.24,11.26,18000,11.2467,5
9325,2015-04-22 22:55:00,11.24,11.24,11.22,11.22,24000,11.235,4
9326,2015-04-22 22:56:00,11.22,11.22,11.22,11.22,86000,11.22,5
9327,2015-04-22 22:57:00,11.2,11.2,11.18,11.2,180000,11.1969,7
9328,2015-04-22 22:58:00,11.2,11.2,11.16,11.16,126000,11.1708,8
9329,2015-04-22 22:59:00,11.14,11.16,11.14,11.16,46000,11.1557,6
9330,2015-04-22 23:00:00,11.16,11.16,11.14,11.16,98000,11.149,6
9331,2015-04-22 23:01:00,11.14,11.14,11.12,11.12,68000,11.1324,5
9332,2015-04-22 23:02:00,11.12,11.14,11.12,11.12,32000,11.1225,3
9333,2015-04-22 23:03:00,11.12,11.12,11.12,11.12,262000,11.12,3
9334,2015-04-22 23:04:00,11.1,11.1,11.06,11.06,464000,11.0855,16
9335,2015-04-22 23:05:00,11.06,11.06,11.06,11.06,12000,11.06,2
9336,2015-04-22 23:06:00,11.08,11.08,11.06,11.08,50000,11.0696,8
9337,2015-04-22 23:07:00,11.08,11.08,11.06,11.08,70000,11.0789,6
9338,2015-04-22 23:08:00,11.08,11.1,11.08,11.1,70000,11.0989,4
9339,2015-04-22 23:09:00,11.12,11.14,11.12,11.14,46000,11.1226,6
9340,2015-04-22 23:10:00,11.14,11.16,11.14,11.16,32000,11.1463,4
9341,2015-04-22 23:11:00,11.16,11.16,11.14,11.14,44000,11.1545,4
9342,2015-04-22 23:12:00,11.16,11.16,11.14,11.14,54000,11.1415,3
9343,2015-04-22 23:13:00,11.16,11.16,11.16,11.16,32000,11.16,2
9344,2015-04-22 23:14:00,11.16,11.16,11.16,11.16,4000,11.16,2
9345,2015-04-22 23:15:00,11.16,11.16,11.16,11.16,4000,11.16,2
9346,2015-04-22 23:16:00,11.16,11.16,11.14,11.14,68000,11.1565,5
9347,2015-04-22 23:17:00,11.16,11.16,11.16,11.16,4000,11.16,1
9348,2015-04-22 23:18:00,11.16,11.16,11.14,11.16,12000,11.15,3
9349,2015-04-22 23:19:00,11.16,11.16,11.14,11.14,42000,11.1543,2
9350,2015-04-22 23:20:00,11.16,11.16,11.16,11.16,8000,11.16,3
9351,2015-04-22 23:21:00,11.16,11.16,11.14,11.14,46000,11.1557,4
9352,2015-04-22 23:22:00,11.16,11.16,11.16,11.16,16000,11.16,2
9353,2015-04-22 23:23:00,11.14,11.16,11.14,11.14,20000,11.15,3
9354,2015-04-22 23:24:00,11.16,11.16,11.14,11.14,50000,11.1536,5
9355,2015-04-22 23:25:00,11.16,11.16,11.14,11.14,64000,11.1425,7
9356,2015-04-22 23:26:00,11.14,11.14,11.12,11.12,220000,11.1345,5
9357,2015-04-22 23:27:00,11.1,11.12,11.1,11.12,18000,11.1044,3
9358,2015-04-22 23:28:00,11.12,11.12,11.1,11.12,170000,11.1148,9
9359,2015-04-22 23:29:00,11.12,11.12,11.12,11.12,24000,11.12,3
9360,2015-04-22 23:30:00,11.14,11.14,11.12,11.12,222000,11.1386,7
9361,2015-04-22 23:31:00,11.14,11.14,11.12,11.14,42000,11.1362,3
9362,2015-04-22 23:32:00,11.14,11.14,11.14,11.14,16000,11.14,2
9363,2015-04-22 23:33:00,11.14,11.16,11.14,11.16,122000,11.1544,7
9364,2015-04-22 23:34:00,11.18,11.18,11.16,11.18,88000,11.1782,9
9365,2015-04-22 23:35:00,11.18,11.2,11.18,11.2,12000,11.1967,2
9366,2015-04-22 23:36:00,11.18,11.18,11.18,11.18,4000,11.18,1
9367,2015-04-22 23:37:00,11.18,11.2,11.18,11.18,36000,11.1867,6
9368,2015-04-22 23:38:00,11.18,11.2,11.18,11.2,18000,11.1822,4
9369,2015-04-22 23:39:00,11.2,11.2,11.18,11.18,14000,11.1943,3
9370,2015-04-22 23:40:00,11.18,11.2,11.18,11.2,44000,11.1955,5
9371,2015-04-22 23:41:00,11.2,11.2,11.18,11.18,74000,11.1827,6
9372,2015-04-22 23:42:00,11.18,11.18,11.18,11.18,8000,11.18,2
9373,2015-04-22 23:43:00,11.18,11.2,11.18,11.18,64000,11.1894,9
9374,2015-04-22 23:44:00,11.2,11.22,11.18,11.2,138000,11.2009,9
9375,2015-04-22 23:45:00,11.2,11.2,11.2,11.2,130000,11.2,5
9376,2015-04-22 23:46:00,11.2,11.2,11.2,11.2,8000,11.2,2
9377,2015-04-22 23:47:00,11.2,11.22,11.2,11.2,14000,11.2057,4
9378,2015-04-22 23:48:00,11.22,11.22,11.2,11.2,82000,11.2044,9
9379,2015-04-22 23:49:00,11.22,11.22,11.2,11.2,12000,11.2167,2
9380,2015-04-22 23:50:00,11.22,11.22,11.2,11.22,24000,11.2067,5
9381,2015-04-22 23:51:00,11.2,11.2,11.2,11.2,18000,11.2,4
9382,2015-04-22 23:52:00,11.22,11.22,11.2,11.2,36000,11.2111,6
9383,2015-04-22 23:53:00,11.2,11.22,11.2,11.2,10000,11.208,3
9384,2015-04-22 23:54:00,11.22,11.22,11.18,11.18,254000,11.1976,11
9385,2015-04-22 23:55:00,11.2,11.24,11.2,11.22,174000,11.2099,6
9386,2015-04-22 23:56:00,11.24,11.24,11.24,11.24,10000,11.24,2
9387,2015-04-22 23:57:00,11.24,11.24,11.22,11.22,16000,11.2375,3
9388,2015-04-22 23:58:00,11.22,11.24,11.2,11.24,82000,11.2205,8
9389,2015-04-22 23:59:00,11.22,11.22,11.2,11.2,56000,11.2157,8
9390,2015-04-23 01:00:00,11.2,11.26,11.2,11.24,174000,11.237,16
9391,2015-04-23 01:01:00,11.24,11.24,11.24,11.24,6000,11.24,1
9392,2015-04-23 01:02:00,11.26,11.26,11.26,11.26,54000,11.26,2
9393,2015-04-23 01:03:00,11.24,11.26,11.24,11.26,16000,11.2525,2
9394,2015-04-23 01:04:00,11.24,11.24,11.24,11.24,10000,11.24,2
9395,2015-04-23 01:05:00,11.26,11.26,11.24,11.24,18000,11.2533,3
9396,2015-04-23 01:06:00,11.26,11.26,11.26,11.26,24000,11.26,1
9397,2015-04-23 01:07:00,11.24,11.26,11.24,11.26,60000,11.2407,6
9398,2015-04-23 01:08:00,11.24,11.24,11.24,11.24,32000,11.24,4
9399,2015-04-23 01:09:00,11.24,11.28,11.24,11.28,162000,11.2625,8
9400,2015-04-23 01:10:00,11.28,11.28,11.28,11.28,40000,11.28,2
9401,2015-04-23 01:11:00,11.26,11.26,11.26,11.26,8000,11.26,2
9402,2015-04-23 01:12:00,11.28,11.28,11.26,11.26,44000,11.2773,6
9403,2015-04-23 01:13:00,11.28,11.28,11.26,11.28,76000,11.2779,9
9404,2015-04-23 01:14:00,11.28,11.28,11.28,11.28,0,11.28,0
9405,2015-04-23 01:15:00,11.3,11.3,11.28,11.28,84000,11.2805,3
9406,2015-04-23 01:16:00,11.28,11.28,11.26,11.26,20000,11.264,3
9407,2015-04-23 01:17:00,11.28,11.3,11.26,11.3,252000,11.2954,8
9408,2015-04-23 01:18:00,11.3,11.3,11.3,11.3,0,11.3,0
9409,2015-04-23 01:19:00,11.3,11.32,11.3,11.32,70000,11.3189,8
9410,2015-04-23 01:20:00,11.32,11.32,11.3,11.3,38000,11.3168,8
9411,2015-04-23 01:21:00,11.32,11.32,11.32,11.32,12000,11.32,3
9412,2015-04-23 01:22:00,11.32,11.32,11.3,11.3,6000,11.3067,2
9413,2015-04-23 01:23:00,11.32,11.32,11.32,11.32,70000,11.32,3
9414,2015-04-23 01:24:00,11.32,11.32,11.32,11.32,0,11.32,0
9415,2015-04-23 01:25:00,11.32,11.32,11.32,11.32,0,11.32,0
9416,2015-04-23 01:26:00,11.34,11.34,11.3,11.3,88000,11.3195,3
9417,2015-04-23 01:27:00,11.3,11.32,11.3,11.3,16000,11.305,3
9418,2015-04-23 01:28:00,11.32,11.32,11.28,11.28,336000,11.3032,16
9419,2015-04-23 01:29:00,11.3,11.3,11.3,11.3,8000,11.3,3
9420,2015-04-23 01:30:00,11.3,11.3,11.3,11.3,2000,11.3,1
9421,2015-04-23 01:31:00,11.3,11.3,11.3,11.3,16000,11.3,3
9422,2015-04-23 01:32:00,11.3,11.3,11.3,11.3,14000,11.3,1
9423,2015-04-23 01:33:00,11.3,11.32,11.3,11.3,28000,11.3014,4
9424,2015-04-23 01:34:00,11.3,11.32,11.3,11.3,42000,11.3019,5
9425,2015-04-23 01:35:00,11.32,11.32,11.3,11.3,56000,11.3014,7
9426,2015-04-23 01:36:00,11.3,11.3,11.28,11.3,76000,11.2989,8
9427,2015-04-23 01:37:00,11.3,11.3,11.28,11.28,68000,11.2994,9
9428,2015-04-23 01:38:00,11.3,11.3,11.3,11.3,8000,11.3,3
9429,2015-04-23 01:39:00,11.3,11.34,11.3,11.34,158000,11.3187,8
9430,2015-04-23 01:40:00,11.34,11.34,11.34,11.34,0,11.34,0
9431,2015-04-23 01:41:00,11.32,11.32,11.32,11.32,18000,11.32,3
9432,2015-04-23 01:42:00,11.34,11.34,11.34,11.34,4000,11.34,1
9433,2015-04-23 01:43:00,11.32,11.32,11.32,11.32,2000,11.32,1
9434,2015-04-23 01:44:00,11.32,11.32,11.32,11.32,20000,11.32,3
9435,2015-04-23 01:45:00,11.34,11.34,11.32,11.34,12000,11.3333,4
9436,2015-04-23 01:46:00,11.34,11.34,11.34,11.34,118000,11.34,9
9437,2015-04-23 01:47:00,11.34,11.34,11.34,11.34,0,11.34,0
9438,2015-04-23 01:48:00,11.34,11.34,11.34,11.34,54000,11.34,5
9439,2015-04-23 01:49:00,11.36,11.36,11.34,11.36,82000,11.3595,10
9440,2015-04-23 01:50:00,11.36,11.36,11.36,11.36,12000,11.36,1
9441,2015-04-23 01:51:00,11.34,11.34,11.34,11.34,4000,11.34,1
9442,2015-04-23 01:52:00,11.36,11.36,11.36,11.36,14000,11.36,3
9443,2015-04-23 01:53:00,11.34,11.38,11.34,11.38,90000,11.3609,5
9444,2015-04-23 01:54:00,11.38,11.38,11.38,11.38,50000,11.38,7
9445,2015-04-23 01:55:00,11.38,11.38,11.38,11.38,8000,11.38,2
9446,2015-04-23 01:56:00,11.38,11.38,11.3,11.3,252000,11.3513,8
9447,2015-04-23 01:57:00,11.34,11.34,11.3,11.3,12000,11.32,2
9448,2015-04-23 01:58:00,11.32,11.32,11.32,11.32,2000,11.32,1
9449,2015-04-23 01:59:00,11.32,11.34,11.32,11.32,70000,11.3211,8
9450,2015-04-23 02:00:00,11.32,11.36,11.32,11.36,112000,11.3461,10
9451,2015-04-23 02:01:00,11.36,11.36,11.36,11.36,0,11.36,0
9452,2015-04-23 02:02:00,11.36,11.38,11.36,11.36,44000,11.3655,5
9453,2015-04-23 02:03:00,11.36,11.36,11.36,11.36,0,11.36,0
9454,2015-04-23 02:04:00,11.36,11.36,11.32,11.32,52000,11.3392,4
9455,2015-04-23 02:05:00,11.32,11.32,11.32,11.32,0,11.32,0
9456,2015-04-23 02:06:00,11.34,11.36,11.34,11.36,8000,11.345,3
9457,2015-04-23 02:07:00,11.36,11.36,11.36,11.36,0,11.36,0
9458,2015-04-23 02:08:00,11.36,11.36,11.34,11.34,4000,11.35,2
9459,2015-04-23 02:09:00,11.36,11.42,11.36,11.4,302000,11.3816,18
9460,2015-04-23 02:10:00,11.38,11.4,11.34,11.34,218000,11.3683,18
9461,2015-04-23 02:11:00,11.34,11.34,11.34,11.34,0,11.34,0
9462,2015-04-23 02:12:00,11.34,11.36,11.34,11.36,18000,11.3467,3
9463,2015-04-23 02:13:00,11.34,11.34,11.34,11.34,12000,11.34,3
9464,2015-04-23 02:14:00,11.32,11.36,11.32,11.34,44000,11.3418,8
9465,2015-04-23 02:15:00,11.34,11.34,11.34,11.34,16000,11.34,2
9466,2015-04-23 02:16:00,11.32,11.34,11.32,11.32,142000,11.3239,11
9467,2015-04-23 02:17:00,11.34,11.36,11.34,11.34,126000,11.3451,14
9468,2015-04-23 02:18:00,11.34,11.36,11.34,11.36,16000,11.35,2
9469,2015-04-23 02:19:00,11.34,11.34,11.32,11.32,18000,11.3356,3
9470,2015-04-23 02:20:00,11.32,11.32,11.32,11.32,0,11.32,0
9471,2015-04-23 02:21:00,11.32,11.34,11.32,11.32,42000,11.3248,4
9472,2015-04-23 02:22:00,11.32,11.34,11.32,11.34,12000,11.3233,2
9473,2015-04-23 02:23:00,11.34,11.34,11.34,11.34,2000,11.34,1
9474,2015-04-23 02:24:00,11.34,11.34,11.34,11.34,6000,11.34,3
9475,2015-04-23 02:25:00,11.34,11.34,11.32,11.32,20000,11.322,4
9476,2015-04-23 02:26:00,11.32,11.34,11.32,11.34,30000,11.3333,3
9477,2015-04-23 02:27:00,11.34,11.34,11.34,11.34,4000,11.34,1
9478,2015-04-23 02:28:00,11.34,11.36,11.34,11.36,138000,11.3435,11
9479,2015-04-23 02:29:00,11.36,11.36,11.34,11.36,18000,11.3556,3
9480,2015-04-23 02:30:00,11.36,11.36,11.36,11.36,0,11.36,0
9481,2015-04-23 02:31:00,11.36,11.36,11.32,11.32,98000,11.3404,9
9482,2015-04-23 02:32:00,11.32,11.32,11.32,11.32,0,11.32,0
9483,2015-04-23 02:33:00,11.34,11.34,11.32,11.32,68000,11.3253,5
9484,2015-04-23 02:34:00,11.32,11.32,11.3,11.3,68000,11.3171,3
9485,2015-04-23 02:35:00,11.3,11.3,11.28,11.28,190000,11.2918,9
9486,2015-04-23 02:36:00,11.28,11.28,11.28,11.28,2000,11.28,1
9487,2015-04-23 02:37:00,11.28,11.3,11.28,11.3,176000,11.2884,5
9488,2015-04-23 02:38:00,11.3,11.32,11.3,11.3,80000,11.305,5
9489,2015-04-23 02:39:00,11.28,11.3,11.28,11.3,32000,11.29,3
9490,2015-04-23 02:40:00,11.3,11.3,11.3,11.3,0,11.3,0
9491,2015-04-23 02:41:00,11.28,11.28,11.28,11.28,48000,11.28,1
9492,2015-04-23 02:42:00,11.28,11.3,11.28,11.3,6000,11.2933,2
9493,2015-04-23 02:43:00,11.3,11.32,11.3,11.3,152000,11.3092,7
9494,2015-04-23 02:44:00,11.32,11.32,11.32,11.32,14000,11.32,2
9495,2015-04-23 02:45:00,11.3,11.3,11.3,11.3,2000,11.3,1
9496,2015-04-23 02:46:00,11.3,11.32,11.3,11.32,30000,11.3107,5
9497,2015-04-23 02:47:00,11.3,11.32,11.3,11.3,50000,11.3016,5
9498,2015-04-23 02:48:00,11.3,11.3,11.3,11.3,0,11.3,0
9499,2015-04-23 02:49:00,11.3,11.3,11.3,11.3,32000,11.3,6
9500,2015-04-23 02:50:00,11.3,11.36,11.3,11.36,132000,11.3194,9
9501,2015-04-23 02:51:00,11.34,11.34,11.34,11.34,8000,11.34,2
9502,2015-04-23 02:52:00,11.34,11.34,11.34,11.34,0,11.34,0
9503,2015-04-23 02:53:00,11.34,11.34,11.34,11.34,0,11.34,0
9504,2015-04-23 02:54:00,11.36,11.38,11.36,11.36,158000,11.3694,12
9505,2015-04-23 02:55:00,11.36,11.36,11.36,11.36,28000,11.36,4
9506,2015-04-23 02:56:00,11.34,11.36,11.34,11.36,24000,11.3567,4
9507,2015-04-23 02:57:00,11.36,11.36,11.36,11.36,0,11.36,0
9508,2015-04-23 02:58:00,11.36,11.36,11.36,11.36,14000,11.36,6
9509,2015-04-23 02:59:00,11.36,11.36,11.36,11.36,0,11.36,0
9510,2015-04-23 03:00:00,11.36,11.36,11.32,11.34,114000,11.34,8
9511,2015-04-23 03:01:00,11.32,11.32,11.32,11.32,6000,11.32,2
9512,2015-04-23 03:02:00,11.32,11.32,11.32,11.32,14000,11.32,2
9513,2015-04-23 03:03:00,11.3,11.32,11.3,11.32,32000,11.3175,3
9514,2015-04-23 03:04:00,11.32,11.34,11.32,11.32,116000,11.3245,7
9515,2015-04-23 03:05:00,11.32,11.32,11.32,11.32,0,11.32,0
9516,2015-04-23 03:06:00,11.32,11.32,11.3,11.3,14000,11.3143,3
9517,2015-04-23 03:07:00,11.3,11.3,11.3,11.3,0,11.3,0
9518,2015-04-23 03:08:00,11.3,11.32,11.3,11.3,84000,11.3033,6
9519,2015-04-23 03:09:00,11.28,11.28,11.28,11.28,4000,11.28,1
9520,2015-04-23 03:10:00,11.28,11.28,11.28,11.28,0,11.28,0
9521,2015-04-23 03:11:00,11.28,11.3,11.28,11.3,6000,11.2933,3
9522,2015-04-23 03:12:00,11.28,11.3,11.28,11.28,94000,11.283,9
9523,2015-04-23 03:13:00,11.28,11.28,11.28,11.28,0,11.28,0
9524,2015-04-23 03:14:00,11.28,11.28,11.28,11.28,0,11.28,0
9525,2015-04-23 03:15:00,11.28,11.28,11.28,11.28,82000,11.28,9
9526,2015-04-23 03:16:00,11.26,11.26,11.26,11.26,4000,11.26,1
9527,2015-04-23 03:17:00,11.26,11.26,11.26,11.26,0,11.26,0
9528,2015-04-23 03:18:00,11.26,11.26,11.26,11.26,18000,11.26,3
9529,2015-04-23 03:19:00,11.28,11.28,11.26,11.26,6000,11.2733,2
9530,2015-04-23 03:20:00,11.26,11.28,11.26,11.28,22000,11.2782,4
9531,2015-04-23 03:21:00,11.28,11.28,11.28,11.28,0,11.28,0
9532,2015-04-23 03:22:00,11.26,11.28,11.26,11.26,166000,11.2624,11
9533,2015-04-23 03:23:00,11.26,11.26,11.26,11.26,0,11.26,0
9534,2015-04-23 03:24:00,11.28,11.28,11.26,11.26,16000,11.265,3
9535,2015-04-23 03:25:00,11.28,11.28,11.28,11.28,6000,11.28,2
9536,2015-04-23 03:26:00,11.26,11.28,11.26,11.26,164000,11.2641,7
9537,2015-04-23 03:27:00,11.26,11.26,11.24,11.24,66000,11.2509,3
9538,2015-04-23 03:28:00,11.24,11.26,11.24,11.26,54000,11.2489,2
9539,2015-04-23 03:29:00,11.24,11.26,11.24,11.24,70000,11.2469,6
9540,2015-04-23 03:30:00,11.24,11.24,11.24,11.24,24000,11.24,2
9541,2015-04-23 03:31:00,11.26,11.26,11.26,11.26,4000,11.26,1
9542,2015-04-23 03:32:00,11.24,11.24,11.24,11.24,2000,11.24,1
9543,2015-04-23 03:33:00,11.26,11.26,11.24,11.26,14000,11.2543,4
9544,2015-04-23 03:34:00,11.26,11.26,11.24,11.26,136000,11.2406,4
9545,2015-04-23 03:35:00,11.22,11.22,11.22,11.22,198000,11.22,5
9546,2015-04-23 03:36:00,11.22,11.22,11.2,11.22,112000,11.2186,7
9547,2015-04-23 03:37:00,11.22,11.22,11.22,11.22,56000,11.22,7
9548,2015-04-23 03:38:00,11.22,11.22,11.22,11.22,14000,11.22,3
9549,2015-04-23 03:39:00,11.22,11.22,11.2,11.22,22000,11.2109,5
9550,2015-04-23 03:40:00,11.22,11.22,11.22,11.22,38000,11.22,6
9551,2015-04-23 03:41:00,11.22,11.22,11.22,11.22,36000,11.22,3
9552,2015-04-23 03:42:00,11.22,11.22,11.22,11.22,2000,11.22,1
9553,2015-04-23 03:43:00,11.22,11.24,11.22,11.24,8000,11.23,3
9554,2015-04-23 03:44:00,11.24,11.24,11.22,11.24,220000,11.2395,14
9555,2015-04-23 03:45:00,11.24,11.26,11.24,11.24,72000,11.2411,4
9556,2015-04-23 03:46:00,11.22,11.24,11.22,11.24,80000,11.221,3
9557,2015-04-23 03:47:00,11.24,11.24,11.22,11.22,16000,11.23,4
9558,2015-04-23 03:48:00,11.22,11.24,11.22,11.24,58000,11.2221,4
9559,2015-04-23 03:49:00,11.22,11.24,11.22,11.24,32000,11.2225,5
9560,2015-04-23 03:50:00,11.22,11.24,11.2,11.2,100000,11.2096,14
9561,2015-04-23 03:51:00,11.22,11.22,11.2,11.22,44000,11.2127,9
9562,2015-04-23 03:52:00,11.2,11.22,11.2,11.22,54000,11.2089,10
9563,2015-04-23 03:53:00,11.2,11.22,11.2,11.2,62000,11.211,15
9564,2015-04-23 03:54:00,11.22,11.22,11.2,11.2,56000,11.21,16
9565,2015-04-23 03:55:00,11.2,11.22,11.2,11.22,194000,11.2043,24
9566,2015-04-23 03:56:00,11.2,11.22,11.2,11.2,210000,11.2082,32
9567,2015-04-23 03:57:00,11.2,11.22,11.18,11.18,414000,11.1983,35
9568,2015-04-23 03:58:00,11.18,11.2,11.16,11.16,792000,11.1826,49
9569,2015-04-23 03:59:00,11.16,11.18,11.08,11.12,1712000,11.1204,79
9570,2015-04-23 21:30:00,11.34,11.44,11.34,11.34,244000,11.3777,25
9571,2015-04-23 21:31:00,11.38,11.4,11.36,11.4,124000,11.3774,14
9572,2015-04-23 21:32:00,11.36,11.4,11.36,11.4,84000,11.3971,8
9573,2015-04-23 21:33:00,11.42,11.42,11.36,11.36,38000,11.3916,7
9574,2015-04-23 21:34:00,11.38,11.4,11.38,11.38,56000,11.3814,7
9575,2015-04-23 21:35:00,11.38,11.38,11.3,11.3,216000,11.3326,19
9576,2015-04-23 21:36:00,11.32,11.34,11.3,11.34,112000,11.325,10
9577,2015-04-23 21:37:00,11.36,11.42,11.36,11.42,178000,11.3834,16
9578,2015-04-23 21:38:00,11.42,11.42,11.4,11.42,60000,11.4167,7
9579,2015-04-23 21:39:00,11.42,11.42,11.4,11.4,8000,11.41,4
9580,2015-04-23 21:40:00,11.4,11.42,11.36,11.36,152000,11.3871,13
9581,2015-04-23 21:41:00,11.34,11.34,11.34,11.34,14000,11.34,2
9582,2015-04-23 21:42:00,11.32,11.32,11.3,11.32,102000,11.3196,5
9583,2015-04-23 21:43:00,11.3,11.34,11.3,11.34,10000,11.316,3
9584,2015-04-23 21:44:00,11.34,11.38,11.3,11.38,102000,11.3396,13
9585,2015-04-23 21:45:00,11.34,11.34,11.32,11.32,86000,11.3349,6
9586,2015-04-23 21:46:00,11.34,11.36,11.34,11.36,16000,11.345,3
9587,2015-04-23 21:47:00,11.36,11.36,11.36,11.36,8000,11.36,3
9588,2015-04-23 21:48:00,11.36,11.36,11.3,11.32,68000,11.34,7
9589,2015-04-23 21:49:00,11.32,11.32,11.28,11.3,116000,11.2952,5
9590,2015-04-23 21:50:00,11.3,11.3,11.3,11.3,0,11.3,0
9591,2015-04-23 21:51:00,11.3,11.3,11.28,11.3,24000,11.2883,6
9592,2015-04-23 21:52:00,11.3,11.3,11.26,11.26,82000,11.281,7
9593,2015-04-23 21:53:00,11.28,11.3,11.26,11.26,138000,11.2664,9
9594,2015-04-23 21:54:00,11.24,11.26,11.24,11.26,64000,11.2406,3
9595,2015-04-23 21:55:00,11.28,11.28,11.26,11.26,32000,11.2638,5
9596,2015-04-23 21:56:00,11.26,11.28,11.26,11.28,6000,11.2667,2
9597,2015-04-23 21:57:00,11.26,11.28,11.24,11.24,104000,11.2523,13
9598,2015-04-23 21:58:00,11.24,11.26,11.22,11.26,88000,11.2395,15
9599,2015-04-23 21:59:00,11.26,11.26,11.26,11.26,12000,11.26,2
9600,2015-04-23 22:00:00,11.24,11.34,11.24,11.34,262000,11.2721,39
9601,2015-04-23 22:01:00,11.34,11.34,11.28,11.34,22000,11.3345,6
9602,2015-04-23 22:02:00,11.32,11.32,11.26,11.3,224000,11.2871,24
9603,2015-04-23 22:03:00,11.32,11.34,11.3,11.34,110000,11.3193,18
9604,2015-04-23 22:04:00,11.3,11.34,11.3,11.34,140000,11.3137,11
9605,2015-04-23 22:05:00,11.34,11.34,11.28,11.28,46000,11.3052,8
9606,2015-04-23 22:06:00,11.32,11.34,11.28,11.32,260000,11.3102,44
9607,2015-04-23 22:07:00,11.32,11.32,11.32,11.32,0,11.32,0
9608,2015-04-23 22:08:00,11.28,11.3,11.28,11.3,28000,11.2857,8
9609,2015-04-23 22:09:00,11.28,11.3,11.28,11.3,28000,11.2986,8
9610,2015-04-23 22:10:00,11.28,11.3,11.26,11.26,26000,11.2846,7
9611,2015-04-23 22:11:00,11.28,11.3,11.26,11.26,46000,11.273,9
9612,2015-04-23 22:12:00,11.26,11.26,11.26,11.26,0,11.26,0
9613,2015-04-23 22:13:00,11.28,11.3,11.28,11.3,12000,11.2933,6
9614,2015-04-23 22:14:00,11.3,11.3,11.3,11.3,0,11.3,0
9615,2015-04-23 22:15:00,11.3,11.3,11.26,11.3,24000,11.2833,8
9616,2015-04-23 22:16:00,11.26,11.3,11.26,11.3,24000,11.28,9
9617,2015-04-23 22:17:00,11.3,11.3,11.3,11.3,20000,11.3,4
9618,2015-04-23 22:18:00,11.28,11.3,11.28,11.3,10000,11.292,4
9619,2015-04-23 22:19:00,11.3,11.3,11.3,11.3,12000,11.3,5
9620,2015-04-23 22:20:00,11.3,11.3,11.3,11.3,8000,11.3,4
9621,2015-04-23 22:21:00,11.3,11.3,11.26,11.3,30000,11.2813,8
9622,2015-04-23 22:22:00,11.3,11.3,11.26,11.26,8000,11.28,3
9623,2015-04-23 22:23:00,11.3,11.3,11.26,11.3,16000,11.285,6
9624,2015-04-23 22:24:00,11.3,11.3,11.3,11.3,6000,11.3,3
9625,2015-04-23 22:25:00,11.26,11.3,11.26,11.3,12000,11.2867,5
9626,2015-04-23 22:26:00,11.3,11.3,11.3,11.3,6000,11.3,3
9627,2015-04-23 22:27:00,11.26,11.3,11.24,11.28,184000,11.2652,30
9628,2015-04-23 22:28:00,11.26,11.26,11.24,11.24,8000,11.245,3
9629,2015-04-23 22:29:00,11.24,11.26,11.24,11.24,14000,11.2457,4
9630,2015-04-23 22:30:00,11.24,11.26,11.24,11.26,6000,11.2467,2
9631,2015-04-23 22:31:00,11.24,11.26,11.24,11.26,10000,11.244,3
9632,2015-04-23 22:32:00,11.24,11.26,11.18,11.26,184000,11.2217,23
9633,2015-04-23 22:33:00,11.26,11.26,11.26,11.26,0,11.26,0
9634,2015-04-23 22:34:00,11.26,11.26,11.26,11.26,26000,11.26,3
9635,2015-04-23 22:35:00,11.2,11.2,11.18,11.18,20000,11.192,4
9636,2015-04-23 22:36:00,11.18,11.24,11.18,11.24,164000,11.2141,21
9637,2015-04-23 22:37:00,11.24,11.24,11.22,11.24,78000,11.2354,10
9638,2015-04-23 22:38:00,11.24,11.24,11.24,11.24,0,11.24,0
9639,2015-04-23 22:39:00,11.24,11.24,11.24,11.24,0,11.24,0
9640,2015-04-23 22:40:00,11.22,11.24,11.22,11.24,26000,11.2246,4
9641,2015-04-23 22:41:00,11.22,11.24,11.22,11.24,28000,11.2257,8
9642,2015-04-23 22:42:00,11.24,11.24,11.24,11.24,0,11.24,0
9643,2015-04-23 22:43:00,11.2,11.24,11.2,11.24,18000,11.2244,6
9644,2015-04-23 22:44:00,11.22,11.24,11.22,11.24,8000,11.225,3
9645,2015-04-23 22:45:00,11.24,11.24,11.24,11.24,6000,11.24,2
9646,2015-04-23 22:46:00,11.22,11.24,11.22,11.22,24000,11.2267,7
9647,2015-04-23 22:47:00,11.22,11.22,11.22,11.22,0,11.22,0
9648,2015-04-23 22:48:00,11.2,11.24,11.16,11.24,210000,11.2067,22
9649,2015-04-23 22:49:00,11.24,11.24,11.24,11.24,0,11.24,0
9650,2015-04-23 22:50:00,11.24,11.24,11.24,11.24,0,11.24,0
9651,2015-04-23 22:51:00,11.24,11.24,11.24,11.24,2000,11.24,1
9652,2015-04-23 22:52:00,11.24,11.24,11.24,11.24,4000,11.24,2
9653,2015-04-23 22:53:00,11.24,11.3,11.24,11.3,226000,11.2674,26
9654,2015-04-23 22:54:00,11.3,11.3,11.3,11.3,0,11.3,0
9655,2015-04-23 22:55:00,11.28,11.28,11.28,11.28,2000,11.28,1
9656,2015-04-23 22:56:00,11.24,11.28,11.24,11.24,10000,11.264,4
9657,2015-04-23 22:57:00,11.26,11.28,11.24,11.28,22000,11.2618,6
9658,2015-04-23 22:58:00,11.28,11.28,11.28,11.28,2000,11.28,1
9659,2015-04-23 22:59:00,11.24,11.26,11.24,11.26,14000,11.2571,5
9660,2015-04-23 23:00:00,11.26,11.28,11.26,11.28,154000,11.266,19
9661,2015-04-23 23:01:00,11.24,11.28,11.24,11.28,58000,11.2524,5
9662,2015-04-23 23:02:00,11.24,11.24,11.22,11.24,170000,11.2318,23
9663,2015-04-23 23:03:00,11.2,11.2,11.18,11.2,22000,11.1909,5
9664,2015-04-23 23:04:00,11.2,11.2,11.2,11.2,0,11.2,0
9665,2015-04-23 23:05:00,11.2,11.2,11.18,11.2,58000,11.1993,7
9666,2015-04-23 23:06:00,11.2,11.2,11.2,11.2,4000,11.2,2
9667,2015-04-23 23:07:00,11.2,11.2,11.2,11.2,4000,11.2,2
9668,2015-04-23 23:08:00,11.18,11.18,11.16,11.16,100000,11.1768,4
9669,2015-04-23 23:09:00,11.16,11.16,11.14,11.14,14000,11.1571,4
9670,2015-04-23 23:10:00,11.14,11.14,11.14,11.14,0,11.14,0
9671,2015-04-23 23:11:00,11.14,11.14,11.14,11.14,4000,11.14,1
9672,2015-04-23 23:12:00,11.14,11.14,11.14,11.14,2000,11.14,1
9673,2015-04-23 23:13:00,11.14,11.18,11.14,11.16,30000,11.1613,3
9674,2015-04-23 23:14:00,11.18,11.18,11.18,11.18,2000,11.18,1
9675,2015-04-23 23:15:00,11.18,11.18,11.16,11.16,66000,11.1733,12
9676,2015-04-23 23:16:00,11.16,11.16,11.16,11.16,56000,11.16,9
9677,2015-04-23 23:17:00,11.16,11.16,11.16,11.16,8000,11.16,1
9678,2015-04-23 23:18:00,11.18,11.18,11.16,11.18,14000,11.1771,4
9679,2015-04-23 23:19:00,11.18,11.18,11.18,11.18,26000,11.18,6
9680,2015-04-23 23:20:00,11.16,11.18,11.16,11.16,84000,11.161,4
9681,2015-04-23 23:21:00,11.16,11.16,11.16,11.16,172000,11.16,8
9682,2015-04-23 23:22:00,11.16,11.16,11.16,11.16,0,11.16,0
9683,2015-04-23 23:23:00,11.18,11.18,11.16,11.18,22000,11.1782,5
9684,2015-04-23 23:24:00,11.18,11.18,11.16,11.18,30000,11.1773,8
9685,2015-04-23 23:25:00,11.18,11.22,11.18,11.22,342000,11.1978,22
9686,2015-04-23 23:26:00,11.18,11.2,11.18,11.2,72000,11.1839,6
9687,2015-04-23 23:27:00,11.2,11.2,11.2,11.2,0,11.2,0
9688,2015-04-23 23:28:00,11.2,11.2,11.18,11.18,16000,11.1975,3
9689,2015-04-23 23:29:00,11.18,11.18,11.16,11.18,64000,11.1788,4
9690,2015-04-23 23:30:00,11.18,11.18,11.18,11.18,4000,11.18,1
9691,2015-04-23 23:31:00,11.18,11.18,11.18,11.18,2000,11.18,1
9692,2015-04-23 23:32:00,11.18,11.18,11.18,11.18,18000,11.18,2
9693,2015-04-23 23:33:00,11.14,11.18,11.14,11.18,10000,11.156,3
9694,2015-04-23 23:34:00,11.18,11.18,11.14,11.16,42000,11.1676,8
9695,2015-04-23 23:35:00,11.14,11.16,11.14,11.16,102000,11.1435,6
9696,2015-04-23 23:36:00,11.14,11.14,11.08,11.08,120000,11.1253,14
9697,2015-04-23 23:37:00,11.08,11.08,11.08,11.08,4000,11.08,2
9698,2015-04-23 23:38:00,11.08,11.1,11.08,11.1,4000,11.09,2
9699,2015-04-23 23:39:00,11.08,11.08,11.08,11.08,2000,11.08,1
9700,2015-04-23 23:40:00,11.08,11.08,11.08,11.08,6000,11.08,2
9701,2015-04-23 23:41:00,11.1,11.1,11.1,11.1,16000,11.1,3
9702,2015-04-23 23:42:00,11.08,11.08,11.04,11.06,236000,11.0644,17
9703,2015-04-23 23:43:00,11.04,11.06,11.04,11.04,50000,11.0408,6
9704,2015-04-23 23:44:00,11.04,11.04,11.02,11.02,20000,11.036,5
9705,2015-04-23 23:45:00,11.02,11.02,11.02,11.02,12000,11.02,3
9706,2015-04-23 23:46:00,11.04,11.04,10.96,11.02,498000,11.0014,29
9707,2015-04-23 23:47:00,11.02,11.04,10.98,11.02,190000,11.024,6
9708,2015-04-23 23:48:00,11.02,11.02,11.02,11.02,0,11.02,0
9709,2015-04-23 23:49:00,11.02,11.02,11.02,11.02,2000,11.02,1
9710,2015-04-23 23:50:00,11.06,11.08,11.06,11.06,58000,11.0621,7
9711,2015-04-23 23:51:00,11.06,11.06,11.04,11.06,82000,11.0439,7
9712,2015-04-23 23:52:00,11.06,11.06,11.02,11.02,36000,11.0411,4
9713,2015-04-23 23:53:00,11.02,11.02,11.02,11.02,0,11.02,0
9714,2015-04-23 23:54:00,11.02,11.02,11.0,11.0,32000,11.0188,2
9715,2015-04-23 23:55:00,11.0,11.0,11.0,11.0,4000,11.0,2
9716,2015-04-23 23:56:00,11.0,11.02,11.0,11.02,8000,11.015,2
9717,2015-04-23 23:57:00,11.0,11.02,11.0,11.0,16000,11.0025,4
9718,2015-04-23 23:58:00,11.02,11.02,11.0,11.0,18000,11.0156,4
9719,2015-04-23 23:59:00,11.0,11.02,11.0,11.02,4000,11.01,2
9720,2015-04-24 01:00:00,11.0,11.02,10.98,11.02,168000,11.0052,28
9721,2015-04-24 01:01:00,11.0,11.02,11.0,11.02,36000,11.0044,8
9722,2015-04-24 01:02:00,11.02,11.06,11.0,11.06,168000,11.031,10
9723,2015-04-24 01:03:00,11.08,11.08,11.08,11.08,20000,11.08,3
9724,2015-04-24 01:04:00,11.06,11.08,11.06,11.08,20000,11.078,5
9725,2015-04-24 01:05:00,11.06,11.1,11.06,11.1,8000,11.07,3
9726,2015-04-24 01:06:00,11.1,11.1,11.06,11.06,32000,11.0725,6
9727,2015-04-24 01:07:00,11.04,11.04,11.04,11.04,2000,11.04,1
9728,2015-04-24 01:08:00,11.06,11.06,11.02,11.02,58000,11.0393,11
9729,2015-04-24 01:09:00,11.04,11.04,10.98,10.98,50000,11.0,8
9730,2015-04-24 01:10:00,10.98,10.98,10.98,10.98,0,10.98,0
9731,2015-04-24 01:11:00,11.02,11.02,10.98,10.98,6000,10.9933,3
9732,2015-04-24 01:12:00,10.98,11.0,10.92,10.96,416000,10.9568,21
9733,2015-04-24 01:13:00,10.96,10.98,10.92,10.94,150000,10.9541,7
9734,2015-04-24 01:14:00,10.96,10.96,10.94,10.96,16000,10.95,3
9735,2015-04-24 01:15:00,10.96,10.96,10.94,10.94,64000,10.9556,7
9736,2015-04-24 01:16:00,10.94,10.96,10.92,10.96,58000,10.929,5
9737,2015-04-24 01:17:00,10.94,10.96,10.94,10.94,62000,10.9465,8
9738,2015-04-24 01:18:00,10.94,10.98,10.92,10.92,204000,10.9575,8
9739,2015-04-24 01:19:00,10.98,10.98,10.98,10.98,2000,10.98,1
9740,2015-04-24 01:20:00,11.0,11.02,10.98,11.02,118000,10.9956,11
9741,2015-04-24 01:21:00,11.02,11.02,11.0,11.02,76000,11.0068,10
9742,2015-04-24 01:22:00,11.0,11.02,11.0,11.02,120000,11.0193,10
9743,2015-04-24 01:23:00,11.02,11.02,11.02,11.02,6000,11.02,3
9744,2015-04-24 01:24:00,11.02,11.02,11.0,11.02,26000,11.0169,5
9745,2015-04-24 01:25:00,11.02,11.04,11.02,11.02,40000,11.021,6
9746,2015-04-24 01:26:00,11.02,11.02,11.02,11.02,28000,11.02,1
9747,2015-04-24 01:27:00,11.0,11.0,11.0,11.0,4000,11.0,2
9748,2015-04-24 01:28:00,11.0,11.0,11.0,11.0,4000,11.0,2
9749,2015-04-24 01:29:00,11.02,11.02,10.98,11.0,180000,10.9982,16
9750,2015-04-24 01:30:00,10.98,10.98,10.98,10.98,4000,10.98,1
9751,2015-04-24 01:31:00,10.98,11.0,10.98,11.0,4000,10.99,2
9752,2015-04-24 01:32:00,10.98,11.0,10.96,11.0,68000,10.9806,8
9753,2015-04-24 01:33:00,10.98,10.98,10.98,10.98,6000,10.98,3
9754,2015-04-24 01:34:00,10.96,10.98,10.96,10.98,8000,10.975,3
9755,2015-04-24 01:35:00,10.96,10.96,10.94,10.94,58000,10.9586,5
9756,2015-04-24 01:36:00,10.94,11.02,10.94,11.02,370000,10.9845,10
9757,2015-04-24 01:37:00,10.98,10.98,10.98,10.98,2000,10.98,1
9758,2015-04-24 01:38:00,11.02,11.04,10.98,11.04,36000,11.0189,4
9759,2015-04-24 01:39:00,11.04,11.04,11.04,11.04,2000,11.04,1
9760,2015-04-24 01:40:00,11.04,11.04,10.98,11.04,14000,11.0314,3
9761,2015-04-24 01:41:00,11.02,11.02,11.0,11.0,78000,11.0159,12
9762,2015-04-24 01:42:00,11.0,11.0,11.0,11.0,6000,11.0,2
9763,2015-04-24 01:43:00,11.0,11.0,11.0,11.0,2000,11.0,1
9764,2015-04-24 01:44:00,11.02,11.02,11.02,11.02,4000,11.02,2
9765,2015-04-24 01:45:00,11.0,11.02,11.0,11.0,38000,11.0084,5
9766,2015-04-24 01:46:00,11.0,11.02,10.98,10.98,92000,11.0,11
9767,2015-04-24 01:47:00,10.98,10.98,10.98,10.98,8000,10.98,2
9768,2015-04-24 01:48:00,10.98,11.0,10.98,11.0,126000,10.9844,5
9769,2015-04-24 01:49:00,10.98,11.0,10.98,11.0,60000,10.9827,9
9770,2015-04-24 01:50:00,10.98,11.0,10.98,11.0,18000,10.9867,7
9771,2015-04-24 01:51:00,10.98,10.98,10.96,10.96,50000,10.9696,6
9772,2015-04-24 01:52:00,10.94,10.98,10.94,10.98,62000,10.96,6
9773,2015-04-24 01:53:00,10.98,10.98,10.96,10.96,34000,10.9612,4
9774,2015-04-24 01:54:00,10.98,11.0,10.96,11.0,188000,10.9764,7
9775,2015-04-24 01:55:00,11.0,11.0,11.0,11.0,40000,11.0,3
9776,2015-04-24 01:56:00,11.0,11.0,10.98,11.0,28000,10.9986,5
9777,2015-04-24 01:57:00,11.0,11.0,10.98,11.0,24000,10.9833,4
9778,2015-04-24 01:58:00,10.98,11.02,10.98,11.02,248000,11.004,10
9779,2015-04-24 01:59:00,11.02,11.02,11.0,11.0,98000,11.0061,12
9780,2015-04-24 02:00:00,11.0,11.02,11.0,11.02,120000,11.0037,10
9781,2015-04-24 02:01:00,11.02,11.02,11.02,11.02,0,11.02,0
9782,2015-04-24 02:02:00,11.0,11.02,10.98,11.0,232000,11.0041,15
9783,2015-04-24 02:03:00,11.02,11.02,11.02,11.02,46000,11.02,2
9784,2015-04-24 02:04:00,11.0,11.0,11.0,11.0,12000,11.0,2
9785,2015-04-24 02:05:00,11.0,11.08,11.0,11.08,422000,11.0392,14
9786,2015-04-24 02:06:00,11.08,11.12,11.08,11.12,110000,11.0978,13
9787,2015-04-24 02:07:00,11.12,11.12,11.02,11.04,192000,11.0425,15
9788,2015-04-24 02:08:00,11.12,11.14,11.1,11.1,56000,11.1207,8
9789,2015-04-24 02:09:00,11.14,11.14,11.14,11.14,2000,11.14,1
9790,2015-04-24 02:10:00,11.1,11.14,11.06,11.06,104000,11.0977,7
9791,2015-04-24 02:11:00,11.02,11.02,11.0,11.0,30000,11.0173,5
9792,2015-04-24 02:12:00,11.0,11.0,11.0,11.0,0,11.0,0
9793,2015-04-24 02:13:00,11.02,11.06,11.02,11.02,32000,11.0225,9
9794,2015-04-24 02:14:00,11.06,11.06,11.06,11.06,42000,11.06,2
9795,2015-04-24 02:15:00,11.08,11.08,11.08,11.08,16000,11.08,4
9796,2015-04-24 02:16:00,11.08,11.1,11.08,11.1,40000,11.081,4
9797,2015-04-24 02:17:00,11.1,11.12,11.04,11.04,210000,11.0829,12
9798,2015-04-24 02:18:00,11.12,11.14,11.1,11.1,76000,11.1147,10
9799,2015-04-24 02:19:00,11.1,11.14,11.08,11.14,48000,11.0992,7
9800,2015-04-24 02:20:00,11.1,11.1,11.1,11.1,4000,11.1,1
9801,2015-04-24 02:21:00,11.14,11.14,11.1,11.14,14000,11.1286,5
9802,2015-04-24 02:22:00,11.1,11.12,11.1,11.1,26000,11.1138,6
9803,2015-04-24 02:23:00,11.12,11.14,11.1,11.14,174000,11.108,8
9804,2015-04-24 02:24:00,11.14,11.14,11.14,11.14,0,11.14,0
9805,2015-04-24 02:25:00,11.1,11.12,11.1,11.1,8000,11.105,4
9806,2015-04-24 02:26:00,11.12,11.12,11.1,11.1,28000,11.1171,6
9807,2015-04-24 02:27:00,11.12,11.12,11.1,11.12,22000,11.1182,4
9808,2015-04-24 02:28:00,11.1,11.12,11.1,11.1,6000,11.1067,3
9809,2015-04-24 02:29:00,11.12,11.18,11.12,11.18,440000,11.1491,16
9810,2015-04-24 02:30:00,11.16,11.16,11.14,11.14,8000,11.155,4
9811,2015-04-24 02:31:00,11.16,11.16,11.16,11.16,10000,11.16,3
9812,2015-04-24 02:32:00,11.16,11.16,11.14,11.14,4000,11.15,2
9813,2015-04-24 02:33:00,11.16,11.16,11.14,11.14,30000,11.156,7
9814,2015-04-24 02:34:00,11.14,11.14,11.14,11.14,64000,11.14,2
9815,2015-04-24 02:35:00,11.12,11.14,11.12,11.14,4000,11.13,2
9816,2015-04-24 02:36:00,11.12,11.14,11.12,11.12,16000,11.125,5
9817,2015-04-24 02:37:00,11.14,11.14,11.12,11.12,14000,11.1343,3
9818,2015-04-24 02:38:00,11.12,11.14,11.12,11.14,20000,11.134,5
9819,2015-04-24 02:39:00,11.12,11.14,11.1,11.1,86000,11.1181,11
9820,2015-04-24 02:40:00,11.12,11.12,11.1,11.1,12000,11.1133,4
9821,2015-04-24 02:41:00,11.12,11.12,11.1,11.1,22000,11.1164,6
9822,2015-04-24 02:42:00,11.12,11.16,11.12,11.16,178000,11.1288,12
9823,2015-04-24 02:43:00,11.16,11.18,11.16,11.18,8000,11.175,3
9824,2015-04-24 02:44:00,11.18,11.18,11.14,11.18,34000,11.1776,6
9825,2015-04-24 02:45:00,11.16,11.16,11.16,11.16,104000,11.16,10
9826,2015-04-24 02:46:00,11.14,11.16,11.1,11.12,250000,11.1282,14
9827,2015-04-24 02:47:00,11.12,11.12,11.1,11.1,24000,11.1183,6
9828,2015-04-24 02:48:00,11.1,11.1,11.1,11.1,26000,11.1,6
9829,2015-04-24 02:49:00,11.1,11.1,11.1,11.1,0,11.1,0
9830,2015-04-24 02:50:00,11.08,11.08,11.08,11.08,6000,11.08,2
9831,2015-04-24 02:51:00,11.08,11.08,11.04,11.04,150000,11.0699,12
9832,2015-04-24 02:52:00,11.04,11.06,11.04,11.06,4000,11.05,2
9833,2015-04-24 02:53:00,11.08,11.08,11.08,11.08,4000,11.08,2
9834,2015-04-24 02:54:00,11.06,11.08,11.04,11.06,54000,11.0607,14
9835,2015-04-24 02:55:00,11.06,11.08,11.02,11.02,312000,11.0485,14
9836,2015-04-24 02:56:00,11.02,11.08,11.0,11.02,258000,11.0206,6
9837,2015-04-24 02:57:00,11.0,11.06,11.0,11.06,156000,11.041,10
9838,2015-04-24 02:58:00,11.06,11.06,11.06,11.06,4000,11.06,2
9839,2015-04-24 02:59:00,11.06,11.06,11.02,11.02,14000,11.0371,2
9840,2015-04-24 03:00:00,11.02,11.06,11.02,11.04,34000,11.0376,8
9841,2015-04-24 03:01:00,11.04,11.06,11.02,11.02,148000,11.0351,11
9842,2015-04-24 03:02:00,11.02,11.02,11.02,11.02,4000,11.02,1
9843,2015-04-24 03:03:00,11.06,11.06,11.02,11.02,14000,11.0257,5
9844,2015-04-24 03:04:00,11.02,11.02,11.02,11.02,38000,11.02,4
9845,2015-04-24 03:05:00,11.04,11.04,11.04,11.04,2000,11.04,1
9846,2015-04-24 03:06:00,11.02,11.04,11.02,11.02,132000,11.0242,11
9847,2015-04-24 03:07:00,11.02,11.06,11.02,11.06,132000,11.0479,11
9848,2015-04-24 03:08:00,11.06,11.08,11.06,11.06,42000,11.0657,9
9849,2015-04-24 03:09:00,11.04,11.04,11.04,11.04,10000,11.04,1
9850,2015-04-24 03:10:00,11.06,11.06,11.04,11.04,6000,11.0533,2
9851,2015-04-24 03:11:00,11.04,11.06,11.04,11.04,88000,11.0414,3
9852,2015-04-24 03:12:00,11.04,11.06,11.04,11.06,18000,11.0533,3
9853,2015-04-24 03:13:00,11.06,11.06,11.04,11.04,44000,11.0464,6
9854,2015-04-24 03:14:00,11.04,11.04,11.04,11.04,6000,11.04,2
9855,2015-04-24 03:15:00,11.06,11.06,11.04,11.04,4000,11.05,2
9856,2015-04-24 03:16:00,11.04,11.06,11.04,11.06,18000,11.0578,2
9857,2015-04-24 03:17:00,11.06,11.06,11.04,11.04,90000,11.0404,5
9858,2015-04-24 03:18:00,11.06,11.06,11.04,11.06,270000,11.0444,20
9859,2015-04-24 03:19:00,11.02,11.06,11.02,11.06,98000,11.0282,9
9860,2015-04-24 03:20:00,11.04,11.06,11.04,11.04,94000,11.0434,12
9861,2015-04-24 03:21:00,11.06,11.06,11.04,11.04,92000,11.0413,8
9862,2015-04-24 03:22:00,11.04,11.08,11.04,11.08,48000,11.0592,7
9863,2015-04-24 03:23:00,11.08,11.08,11.06,11.06,4000,11.07,2
9864,2015-04-24 03:24:00,11.08,11.18,11.08,11.18,136000,11.1097,22
9865,2015-04-24 03:25:00,11.18,11.18,11.18,11.18,14000,11.18,2
9866,2015-04-24 03:26:00,11.18,11.18,11.18,11.18,2000,11.18,1
9867,2015-04-24 03:27:00,11.14,11.16,11.14,11.16,22000,11.1564,5
9868,2015-04-24 03:28:00,11.16,11.16,11.14,11.14,18000,11.1578,3
9869,2015-04-24 03:29:00,11.16,11.16,11.14,11.14,20000,11.152,3
9870,2015-04-24 03:30:00,11.14,11.14,11.12,11.12,130000,11.1357,12
9871,2015-04-24 03:31:00,11.12,11.18,11.12,11.18,88000,11.1414,11
9872,2015-04-24 03:32:00,11.16,11.18,11.16,11.18,12000,11.1633,4
9873,2015-04-24 03:33:00,11.16,11.16,11.16,11.16,120000,11.16,14
9874,2015-04-24 03:34:00,11.18,11.18,11.16,11.18,24000,11.1767,4
9875,2015-04-24 03:35:00,11.18,11.2,11.18,11.2,72000,11.185,7
9876,2015-04-24 03:36:00,11.2,11.2,11.18,11.2,48000,11.1992,7
9877,2015-04-24 03:37:00,11.2,11.2,11.18,11.18,18000,11.1956,4
9878,2015-04-24 03:38:00,11.2,11.22,11.18,11.22,130000,11.2043,15
9879,2015-04-24 03:39:00,11.22,11.22,11.2,11.2,74000,11.2027,6
9880,2015-04-24 03:40:00,11.18,11.18,11.16,11.16,60000,11.1793,2
9881,2015-04-24 03:41:00,11.18,11.18,11.16,11.16,4000,11.17,2
9882,2015-04-24 03:42:00,11.18,11.22,11.16,11.22,240000,11.1977,19
9883,2015-04-24 03:43:00,11.22,11.22,11.22,11.22,58000,11.22,5
9884,2015-04-24 03:44:00,11.22,11.22,11.22,11.22,24000,11.22,4
9885,2015-04-24 03:45:00,11.22,11.22,11.2,11.22,84000,11.2152,11
9886,2015-04-24 03:46:00,11.22,11.22,11.2,11.22,28000,11.2157,9
9887,2015-04-24 03:47:00,11.22,11.22,11.2,11.2,70000,11.2149,17
9888,2015-04-24 03:48:00,11.22,11.22,11.2,11.22,72000,11.2178,15
9889,2015-04-24 03:49:00,11.22,11.22,11.2,11.22,116000,11.2183,24
9890,2015-04-24 03:50:00,11.2,11.24,11.2,11.24,274000,11.2213,33
9891,2015-04-24 03:51:00,11.24,11.26,11.2,11.24,224000,11.2311,24
9892,2015-04-24 03:52:00,11.24,11.24,11.22,11.24,40000,11.238,8
9893,2015-04-24 03:53:00,11.24,11.26,11.24,11.26,84000,11.2476,17
9894,2015-04-24 03:54:00,11.24,11.26,11.24,11.26,138000,11.2432,15
9895,2015-04-24 03:55:00,11.26,11.26,11.24,11.24,112000,11.2543,23
9896,2015-04-24 03:56:00,11.26,11.26,11.24,11.24,222000,11.2533,40
9897,2015-04-24 03:57:00,11.26,11.26,11.24,11.24,180000,11.2558,31
9898,2015-04-24 03:58:00,11.24,11.26,11.24,11.26,408000,11.2552,69
9899,2015-04-24 03:59:00,11.26,11.34,11.24,11.34,1638000,11.2958,151
9900,2015-04-26 21:30:00,11.3,11.3,11.18,11.22,266000,11.2177,41
9901,2015-04-26 21:31:00,11.24,11.26,11.22,11.22,122000,11.2397,6
9902,2015-04-26 21:32:00,11.22,11.24,11.22,11.24,16000,11.225,3
9903,2015-04-26 21:33:00,11.22,11.24,11.22,11.24,4000,11.23,2
9904,2015-04-26 21:34:00,11.24,11.24,11.22,11.22,48000,11.2217,7
9905,2015-04-26 21:35:00,11.2,11.22,11.2,11.22,18000,11.2133,4
9906,2015-04-26 21:36:00,11.2,11.28,11.2,11.28,192000,11.2473,9
9907,2015-04-26 21:37:00,11.28,11.3,11.28,11.28,40000,11.297,4
9908,2015-04-26 21:38:00,11.3,11.4,11.3,11.4,204000,11.3459,14
9909,2015-04-26 21:39:00,11.4,11.4,11.32,11.32,84000,11.371,11
9910,2015-04-26 21:40:00,11.32,11.32,11.32,11.32,2000,11.32,1
9911,2015-04-26 21:41:00,11.3,11.36,11.3,11.36,200000,11.3126,11
9912,2015-04-26 21:42:00,11.36,11.36,11.36,11.36,0,11.36,0
9913,2015-04-26 21:43:00,11.36,11.38,11.36,11.36,22000,11.3636,5
9914,2015-04-26 21:44:00,11.36,11.38,11.36,11.38,16000,11.3675,2
9915,2015-04-26 21:45:00,11.36,11.36,11.36,11.36,50000,11.36,3
9916,2015-04-26 21:46:00,11.38,11.38,11.36,11.38,14000,11.3743,3
9917,2015-04-26 21:47:00,11.38,11.38,11.36,11.38,18000,11.3667,4
9918,2015-04-26 21:48:00,11.36,11.38,11.36,11.36,172000,11.3623,4
9919,2015-04-26 21:49:00,11.32,11.34,11.32,11.32,82000,11.321,8
9920,2015-04-26 21:50:00,11.32,11.34,11.32,11.34,190000,11.3246,11
9921,2015-04-26 21:51:00,11.36,11.36,11.32,11.36,34000,11.3412,5
9922,2015-04-26 21:52:00,11.36,11.36,11.36,11.36,2000,11.36,1
9923,2015-04-26 21:53:00,11.36,11.38,11.36,11.38,132000,11.3752,11
9924,2015-04-26 21:54:00,11.36,11.36,11.34,11.36,26000,11.3569,4
9925,2015-04-26 21:55:00,11.36,11.36,11.3,11.36,202000,11.3301,15
9926,2015-04-26 21:56:00,11.36,11.36,11.36,11.36,0,11.36,0
9927,2015-04-26 21:57:00,11.36,11.36,11.36,11.36,0,11.36,0
9928,2015-04-26 21:58:00,11.36,11.36,11.36,11.36,2000,11.36,1
9929,2015-04-26 21:59:00,11.36,11.36,11.36,11.36,8000,11.36,4
9930,2015-04-26 22:00:00,11.36,11.36,11.36,11.36,2000,11.36,1
9931,2015-04-26 22:01:00,11.36,11.36,11.34,11.36,110000,11.3473,13
9932,2015-04-26 22:02:00,11.36,11.36,11.34,11.34,18000,11.3467,4
9933,2015-04-26 22:03:00,11.34,11.34,11.34,11.34,0,11.34,0
9934,2015-04-26 22:04:00,11.36,11.36,11.36,11.36,8000,11.36,3
9935,2015-04-26 22:05:00,11.34,11.34,11.34,11.34,4000,11.34,1
9936,2015-04-26 22:06:00,11.36,11.36,11.36,11.36,2000,11.36,1
9937,2015-04-26 22:07:00,11.34,11.36,11.34,11.34,12000,11.3533,6
9938,2015-04-26 22:08:00,11.36,11.36,11.36,11.36,2000,11.36,1
9939,2015-04-26 22:09:00,11.36,11.36,11.34,11.34,4000,11.35,2
9940,2015-04-26 22:10:00,11.36,11.36,11.34,11.34,158000,11.3403,12
9941,2015-04-26 22:11:00,11.34,11.34,11.34,11.34,62000,11.34,4
9942,2015-04-26 22:12:00,11.32,11.32,11.32,11.32,2000,11.32,1
9943,2015-04-26 22:13:00,11.34,11.34,11.32,11.32,18000,11.3333,6
9944,2015-04-26 22:14:00,11.34,11.34,11.34,11.34,10000,11.34,3
9945,2015-04-26 22:15:00,11.32,11.32,11.32,11.32,2000,11.32,1
9946,2015-04-26 22:16:00,11.32,11.34,11.3,11.3,360000,11.31,18
9947,2015-04-26 22:17:00,11.3,11.34,11.3,11.32,146000,11.3173,11
9948,2015-04-26 22:18:00,11.34,11.36,11.34,11.34,116000,11.3428,9
9949,2015-04-26 22:19:00,11.34,11.34,11.34,11.34,122000,11.34,11
9950,2015-04-26 22:20:00,11.34,11.36,11.32,11.32,42000,11.3419,6
9951,2015-04-26 22:21:00,11.32,11.32,11.3,11.32,118000,11.3149,8
9952,2015-04-26 22:22:00,11.32,11.32,11.32,11.32,0,11.32,0
9953,2015-04-26 22:23:00,11.32,11.32,11.3,11.32,34000,11.3129,5
9954,2015-04-26 22:24:00,11.3,11.32,11.28,11.32,82000,11.3,9
9955,2015-04-26 22:25:00,11.3,11.3,11.3,11.3,6000,11.3,2
9956,2015-04-26 22:26:00,11.3,11.32,11.28,11.32,190000,11.3025,12
9957,2015-04-26 22:27:00,11.28,11.28,11.28,11.28,20000,11.28,1
9958,2015-04-26 22:28:00,11.3,11.32,11.28,11.28,22000,11.2964,8
9959,2015-04-26 22:29:00,11.3,11.32,11.3,11.32,108000,11.3056,6
9960,2015-04-26 22:30:00,11.32,11.32,11.32,11.32,28000,11.32,5
9961,2015-04-26 22:31:00,11.32,11.32,11.3,11.3,8000,11.305,2
9962,2015-04-26 22:32:00,11.32,11.32,11.32,11.32,4000,11.32,2
9963,2015-04-26 22:33:00,11.32,11.32,11.32,11.32,2000,11.32,1
9964,2015-04-26 22:34:00,11.32,11.32,11.32,11.32,4000,11.32,2
9965,2015-04-26 22:35:00,11.32,11.32,11.3,11.32,18000,11.3089,6
9966,2015-04-26 22:36:00,11.32,11.32,11.3,11.32,10000,11.308,4
9967,2015-04-26 22:37:00,11.32,11.32,11.3,11.3,60000,11.304,6
9968,2015-04-26 22:38:00,11.3,11.3,11.3,11.3,0,11.3,0
9969,2015-04-26 22:39:00,11.3,11.32,11.28,11.28,218000,11.2985,14
9970,2015-04-26 22:40:00,11.28,11.28,11.28,11.28,0,11.28,0
9971,2015-04-26 22:41:00,11.26,11.26,11.26,11.26,2000,11.26,1
9972,2015-04-26 22:42:00,11.26,11.28,11.24,11.24,136000,11.2591,8
9973,2015-04-26 22:43:00,11.24,11.26,11.22,11.26,158000,11.238,11
9974,2015-04-26 22:44:00,11.26,11.28,11.26,11.28,86000,11.266,7
9975,2015-04-26 22:45:00,11.28,11.28,11.28,11.28,6000,11.28,2
9976,2015-04-26 22:46:00,11.22,11.22,11.22,11.22,2000,11.22,1
9977,2015-04-26 22:47:00,11.26,11.26,11.26,11.26,14000,11.26,3
9978,2015-04-26 22:48:00,11.22,11.22,11.22,11.22,2000,11.22,1
9979,2015-04-26 22:49:00,11.28,11.28,11.26,11.26,10000,11.276,3
9980,2015-04-26 22:50:00,11.26,11.26,11.24,11.24,34000,11.2565,5
9981,2015-04-26 22:51:00,11.24,11.26,11.24,11.26,4000,11.25,2
9982,2015-04-26 22:52:00,11.24,11.26,11.24,11.26,46000,11.2417,9
9983,2015-04-26 22:53:00,11.26,11.26,11.26,11.26,2000,11.26,1
9984,2015-04-26 22:54:00,11.24,11.26,11.24,11.26,56000,11.2421,7
9985,2015-04-26 22:55:00,11.24,11.26,11.24,11.24,20000,11.254,4
9986,2015-04-26 22:56:00,11.24,11.26,11.24,11.26,12000,11.2467,4
9987,2015-04-26 22:57:00,11.26,11.26,11.24,11.24,4000,11.25,2
9988,2015-04-26 22:58:00,11.26,11.26,11.26,11.26,4000,11.26,2
9989,2015-04-26 22:59:00,11.24,11.26,11.24,11.26,10000,11.248,3
9990,2015-04-26 23:00:00,11.26,11.26,11.24,11.26,16000,11.2475,6
9991,2015-04-26 23:01:00,11.24,11.28,11.24,11.28,338000,11.2621,20
9992,2015-04-26 23:02:00,11.28,11.28,11.28,11.28,0,11.28,0
9993,2015-04-26 23:03:00,11.24,11.28,11.24,11.28,6000,11.2667,3
9994,2015-04-26 23:04:00,11.26,11.28,11.26,11.26,16000,11.2625,5
9995,2015-04-26 23:05:00,11.26,11.28,11.26,11.28,10000,11.268,4
9996,2015-04-26 23:06:00,11.26,11.26,11.24,11.24,98000,11.258,9
9997,2015-04-26 23:07:00,11.24,11.24,11.24,11.24,0,11.24,0
9998,2015-04-26 23:08:00,11.24,11.26,11.24,11.26,4000,11.25,2
9999,2015-04-26 23:09:00,11.26,11.26,11.24,11.26,10000,11.248,3
10000,2015-04-26 23:10:00,11.26,11.26,11.26,11.26,2000,11.26,1
10001,2015-04-26 23:11:00,11.24,11.26,11.24,11.26,8000,11.25,4
10002,2015-04-26 23:12:00,11.26,11.26,11.26,11.26,6000,11.26,3
10003,2015-04-26 23:13:00,11.26,11.26,11.24,11.24,4000,11.25,2
10004,2015-04-26 23:14:00,11.24,11.26,11.24,11.26,8000,11.245,3
10005,2015-04-26 23:15:00,11.24,11.26,11.24,11.24,112000,11.2421,16
10006,2015-04-26 23:16:00,11.22,11.22,11.22,11.22,2000,11.22,1
10007,2015-04-26 23:17:00,11.22,11.22,11.22,11.22,2000,11.22,1
10008,2015-04-26 23:18:00,11.24,11.24,11.24,11.24,4000,11.24,2
10009,2015-04-26 23:19:00,11.22,11.24,11.22,11.24,38000,11.2242,10
10010,2015-04-26 23:20:00,11.22,11.24,11.22,11.24,34000,11.2247,6
10011,2015-04-26 23:21:00,11.22,11.24,11.2,11.24,220000,11.2175,18
10012,2015-04-26 23:22:00,11.2,11.24,11.2,11.24,32000,11.21,6
10013,2015-04-26 23:23:00,11.2,11.24,11.2,11.24,38000,11.2084,5
10014,2015-04-26 23:24:00,11.2,11.24,11.2,11.24,44000,11.2109,8
10015,2015-04-26 23:25:00,11.2,11.24,11.2,11.22,46000,11.22,7
10016,2015-04-26 23:26:00,11.2,11.22,11.16,11.16,276000,11.198,13
10017,2015-04-26 23:27:00,11.16,11.16,11.16,11.16,36000,11.16,3
10018,2015-04-26 23:28:00,11.16,11.2,11.16,11.16,80000,11.165,7
10019,2015-04-26 23:29:00,11.2,11.24,11.16,11.24,166000,11.2022,12
10020,2015-04-26 23:30:00,11.22,11.24,11.2,11.2,42000,11.2229,4
10021,2015-04-26 23:31:00,11.24,11.24,11.24,11.24,30000,11.24,2
10022,2015-04-26 23:32:00,11.2,11.24,11.2,11.24,54000,11.2133,6
10023,2015-04-26 23:33:00,11.24,11.24,11.2,11.2,6000,11.2267,2
10024,2015-04-26 23:34:00,11.2,11.2,11.2,11.2,0,11.2,0
10025,2015-04-26 23:35:00,11.22,11.22,11.2,11.2,14000,11.2114,3
10026,2015-04-26 23:36:00,11.2,11.2,11.2,11.2,0,11.2,0
10027,2015-04-26 23:37:00,11.18,11.2,11.18,11.2,18000,11.1978,4
10028,2015-04-26 23:38:00,11.2,11.2,11.2,11.2,2000,11.2,1
10029,2015-04-26 23:39:00,11.2,11.2,11.2,11.2,36000,11.2,3
10030,2015-04-26 23:40:00,11.18,11.2,11.18,11.18,14000,11.1829,5
10031,2015-04-26 23:41:00,11.18,11.18,11.18,11.18,0,11.18,0
10032,2015-04-26 23:42:00,11.2,11.2,11.18,11.18,8000,11.185,3
10033,2015-04-26 23:43:00,11.2,11.2,11.18,11.2,34000,11.1988,3
10034,2015-04-26 23:44:00,11.18,11.22,11.18,11.2,30000,11.192,8
10035,2015-04-26 23:45:00,11.2,11.2,11.2,11.2,4000,11.2,2
10036,2015-04-26 23:46:00,11.2,11.2,11.2,11.2,0,11.2,0
10037,2015-04-26 23:47:00,11.2,11.2,11.2,11.2,12000,11.2,5
10038,2015-04-26 23:48:00,11.18,11.18,11.18,11.18,32000,11.18,3
10039,2015-04-26 23:49:00,11.18,11.18,11.18,11.18,0,11.18,0
10040,2015-04-26 23:50:00,11.2,11.2,11.2,11.2,4000,11.2,2
10041,2015-04-26 23:51:00,11.18,11.18,11.18,11.18,4000,11.18,2
10042,2015-04-26 23:52:00,11.2,11.22,11.18,11.22,82000,11.201,9
10043,2015-04-26 23:53:00,11.2,11.22,11.2,11.22,12000,11.2033,2
10044,2015-04-26 23:54:00,11.22,11.22,11.22,11.22,0,11.22,0
10045,2015-04-26 23:55:00,11.2,11.22,11.16,11.22,68000,11.1918,4
10046,2015-04-26 23:56:00,11.22,11.22,11.2,11.2,42000,11.2029,10
10047,2015-04-26 23:57:00,11.2,11.2,11.2,11.2,0,11.2,0
10048,2015-04-26 23:58:00,11.2,11.2,11.2,11.2,0,11.2,0
10049,2015-04-26 23:59:00,11.2,11.22,11.2,11.22,10000,11.212,2
10050,2015-04-27 01:00:00,11.18,11.26,11.18,11.22,118000,11.2288,6
10051,2015-04-27 01:01:00,11.22,11.28,11.22,11.28,140000,11.2594,6
10052,2015-04-27 01:02:00,11.26,11.26,11.26,11.26,6000,11.26,1
10053,2015-04-27 01:03:00,11.26,11.28,11.26,11.26,30000,11.2693,5
10054,2015-04-27 01:04:00,11.28,11.28,11.26,11.28,90000,11.2796,5
10055,2015-04-27 01:05:00,11.3,11.3,11.24,11.24,154000,11.2808,6
10056,2015-04-27 01:06:00,11.28,11.3,11.26,11.26,40000,11.293,3
10057,2015-04-27 01:07:00,11.3,11.32,11.3,11.32,80000,11.302,2
10058,2015-04-27 01:08:00,11.3,11.3,11.3,11.3,14000,11.3,1
10059,2015-04-27 01:09:00,11.28,11.28,11.28,11.28,30000,11.28,7
10060,2015-04-27 01:10:00,11.28,11.3,11.28,11.3,6000,11.2867,2
10061,2015-04-27 01:11:00,11.3,11.3,11.3,11.3,0,11.3,0
10062,2015-04-27 01:12:00,11.28,11.28,11.26,11.26,112000,11.2761,8
10063,2015-04-27 01:13:00,11.28,11.28,11.28,11.28,32000,11.28,2
10064,2015-04-27 01:14:00,11.28,11.28,11.28,11.28,26000,11.28,4
10065,2015-04-27 01:15:00,11.26,11.26,11.26,11.26,8000,11.26,1
10066,2015-04-27 01:16:00,11.26,11.28,11.26,11.26,122000,11.2675,9
10067,2015-04-27 01:17:00,11.26,11.26,11.26,11.26,0,11.26,0
10068,2015-04-27 01:18:00,11.24,11.26,11.24,11.26,20000,11.258,7
10069,2015-04-27 01:19:00,11.28,11.28,11.26,11.26,16000,11.2725,3
10070,2015-04-27 01:20:00,11.26,11.26,11.24,11.24,6000,11.2467,3
10071,2015-04-27 01:21:00,11.24,11.24,11.22,11.24,102000,11.2388,8
10072,2015-04-27 01:22:00,11.24,11.24,11.24,11.24,38000,11.24,4
10073,2015-04-27 01:23:00,11.24,11.24,11.24,11.24,38000,11.24,3
10074,2015-04-27 01:24:00,11.26,11.34,11.24,11.32,268000,11.3019,19
10075,2015-04-27 01:25:00,11.34,11.34,11.3,11.3,278000,11.3268,9
10076,2015-04-27 01:26:00,11.32,11.4,11.32,11.4,634000,11.3604,16
10077,2015-04-27 01:27:00,11.36,11.38,11.34,11.38,232000,11.3683,8
10078,2015-04-27 01:28:00,11.38,11.38,11.34,11.34,58000,11.3655,6
10079,2015-04-27 01:29:00,11.38,11.4,11.38,11.4,186000,11.3908,4
10080,2015-04-27 01:30:00,11.42,11.46,11.4,11.46,622000,11.438,14
10081,2015-04-27 01:31:00,11.44,11.46,11.42,11.44,298000,11.4447,16
10082,2015-04-27 01:32:00,11.42,11.48,11.42,11.46,174000,11.4474,8
10083,2015-04-27 01:33:00,11.42,11.46,11.42,11.44,202000,11.4545,13
10084,2015-04-27 01:34:00,11.44,11.46,11.42,11.46,58000,11.4566,6
10085,2015-04-27 01:35:00,11.46,11.46,11.46,11.46,0,11.46,0
10086,2015-04-27 01:36:00,11.42,11.44,11.36,11.42,306000,11.3942,16
10087,2015-04-27 01:37:00,11.38,11.4,11.38,11.4,10000,11.396,3
10088,2015-04-27 01:38:00,11.4,11.4,11.4,11.4,108000,11.4,5
10089,2015-04-27 01:39:00,11.4,11.42,11.38,11.42,208000,11.4013,6
10090,2015-04-27 01:40:00,11.4,11.42,11.4,11.42,70000,11.4086,5
10091,2015-04-27 01:41:00,11.42,11.42,11.42,11.42,38000,11.42,1
10092,2015-04-27 01:42:00,11.42,11.42,11.4,11.4,48000,11.4167,3
10093,2015-04-27 01:43:00,11.42,11.42,11.4,11.42,92000,11.4196,6
10094,2015-04-27 01:44:00,11.42,11.42,11.4,11.4,106000,11.4192,7
10095,2015-04-27 01:45:00,11.42,11.42,11.42,11.42,66000,11.42,3
10096,2015-04-27 01:46:00,11.4,11.4,11.38,11.38,22000,11.3873,6
10097,2015-04-27 01:47:00,11.38,11.38,11.38,11.38,6000,11.38,2
10098,2015-04-27 01:48:00,11.38,11.38,11.38,11.38,0,11.38,0
10099,2015-04-27 01:49:00,11.36,11.36,11.36,11.36,26000,11.36,6
10100,2015-04-27 01:50:00,11.36,11.38,11.36,11.36,70000,11.3766,7
10101,2015-04-27 01:51:00,11.36,11.36,11.36,11.36,4000,11.36,2
10102,2015-04-27 01:52:00,11.36,11.36,11.36,11.36,2000,11.36,1
10103,2015-04-27 01:53:00,11.36,11.36,11.36,11.36,0,11.36,0
10104,2015-04-27 01:54:00,11.36,11.36,11.34,11.34,6000,11.3533,2
10105,2015-04-27 01:55:00,11.34,11.34,11.34,11.34,2000,11.34,1
10106,2015-04-27 01:56:00,11.34,11.34,11.32,11.32,92000,11.3343,10
10107,2015-04-27 01:57:00,11.32,11.32,11.3,11.3,14000,11.3029,4
10108,2015-04-27 01:58:00,11.3,11.3,11.28,11.28,22000,11.2909,6
10109,2015-04-27 01:59:00,11.32,11.32,11.28,11.28,16000,11.29,6
10110,2015-04-27 02:00:00,11.28,11.28,11.28,11.28,34000,11.28,8
10111,2015-04-27 02:01:00,11.28,11.28,11.26,11.26,10000,11.272,3
10112,2015-04-27 02:02:00,11.26,11.26,11.26,11.26,10000,11.26,4
10113,2015-04-27 02:03:00,11.26,11.3,11.26,11.3,154000,11.2826,11
10114,2015-04-27 02:04:00,11.3,11.3,11.3,11.3,0,11.3,0
10115,2015-04-27 02:05:00,11.3,11.3,11.3,11.3,0,11.3,0
10116,2015-04-27 02:06:00,11.3,11.3,11.3,11.3,8000,11.3,2
10117,2015-04-27 02:07:00,11.3,11.3,11.3,11.3,12000,11.3,3
10118,2015-04-27 02:08:00,11.3,11.3,11.28,11.28,26000,11.2985,6
10119,2015-04-27 02:09:00,11.3,11.3,11.3,11.3,60000,11.3,3
10120,2015-04-27 02:10:00,11.3,11.3,11.3,11.3,0,11.3,0
10121,2015-04-27 02:11:00,11.28,11.32,11.28,11.32,4000,11.3,2
10122,2015-04-27 02:12:00,11.3,11.3,11.3,11.3,12000,11.3,2
10123,2015-04-27 02:13:00,11.32,11.32,11.32,11.32,52000,11.32,5
10124,2015-04-27 02:14:00,11.34,11.38,11.34,11.36,44000,11.3664,10
10125,2015-04-27 02:15:00,11.36,11.38,11.36,11.38,26000,11.3785,4
10126,2015-04-27 02:16:00,11.4,11.4,11.4,11.4,6000,11.4,1
10127,2015-04-27 02:17:00,11.36,11.36,11.36,11.36,2000,11.36,1
10128,2015-04-27 02:18:00,11.36,11.36,11.34,11.36,64000,11.3569,10
10129,2015-04-27 02:19:00,11.36,11.4,11.36,11.4,66000,11.3758,6
10130,2015-04-27 02:20:00,11.36,11.36,11.36,11.36,2000,11.36,1
10131,2015-04-27 02:21:00,11.4,11.4,11.4,11.4,4000,11.4,1
10132,2015-04-27 02:22:00,11.4,11.4,11.4,11.4,22000,11.4,2
10133,2015-04-27 02:23:00,11.38,11.38,11.38,11.38,2000,11.38,1
10134,2015-04-27 02:24:00,11.38,11.38,11.38,11.38,86000,11.38,2
10135,2015-04-27 02:25:00,11.36,11.36,11.28,11.3,172000,11.3216,9
10136,2015-04-27 02:26:00,11.3,11.3,11.3,11.3,0,11.3,0
10137,2015-04-27 02:27:00,11.3,11.32,11.3,11.32,34000,11.3188,8
10138,2015-04-27 02:28:00,11.3,11.3,11.3,11.3,10000,11.3,4
10139,2015-04-27 02:29:00,11.34,11.34,11.3,11.32,38000,11.32,8
10140,2015-04-27 02:30:00,11.32,11.32,11.32,11.32,4000,11.32,1
10141,2015-04-27 02:31:00,11.32,11.32,11.32,11.32,8000,11.32,3
10142,2015-04-27 02:32:00,11.34,11.36,11.32,11.36,126000,11.3438,9
10143,2015-04-27 02:33:00,11.34,11.34,11.34,11.34,4000,11.34,2
10144,2015-04-27 02:34:00,11.36,11.38,11.36,11.38,4000,11.37,2
10145,2015-04-27 02:35:00,11.38,11.38,11.38,11.38,2000,11.38,1
10146,2015-04-27 02:36:00,11.38,11.38,11.36,11.36,4000,11.37,2
10147,2015-04-27 02:37:00,11.38,11.38,11.36,11.38,14000,11.3657,4
10148,2015-04-27 02:38:00,11.38,11.38,11.38,11.38,26000,11.38,3
10149,2015-04-27 02:39:00,11.36,11.36,11.36,11.36,6000,11.36,3
10150,2015-04-27 02:40:00,11.38,11.38,11.38,11.38,2000,11.38,1
10151,2015-04-27 02:41:00,11.36,11.38,11.34,11.34,164000,11.3595,7
10152,2015-04-27 02:42:00,11.34,11.36,11.34,11.34,34000,11.3471,7
10153,2015-04-27 02:43:00,11.34,11.34,11.32,11.32,52000,11.3331,8
10154,2015-04-27 02:44:00,11.32,11.34,11.32,11.32,132000,11.3373,6
10155,2015-04-27 02:45:00,11.34,11.36,11.34,11.36,52000,11.3415,2
10156,2015-04-27 02:46:00,11.36,11.36,11.36,11.36,0,11.36,0
10157,2015-04-27 02:47:00,11.36,11.36,11.36,11.36,0,11.36,0
10158,2015-04-27 02:48:00,11.34,11.36,11.34,11.36,22000,11.3473,5
10159,2015-04-27 02:49:00,11.36,11.36,11.34,11.34,10000,11.348,3
10160,2015-04-27 02:50:00,11.34,11.34,11.34,11.34,8000,11.34,3
10161,2015-04-27 02:51:00,11.36,11.36,11.34,11.34,36000,11.3578,6
10162,2015-04-27 02:52:00,11.36,11.36,11.36,11.36,2000,11.36,1
10163,2015-04-27 02:53:00,11.34,11.36,11.32,11.34,108000,11.3393,10
10164,2015-04-27 02:54:00,11.32,11.32,11.32,11.32,12000,11.32,2
10165,2015-04-27 02:55:00,11.34,11.34,11.34,11.34,4000,11.34,1
10166,2015-04-27 02:56:00,11.32,11.34,11.32,11.32,128000,11.3366,6
10167,2015-04-27 02:57:00,11.34,11.34,11.34,11.34,18000,11.34,3
10168,2015-04-27 02:58:00,11.34,11.34,11.34,11.34,4000,11.34,2
10169,2015-04-27 02:59:00,11.34,11.36,11.34,11.36,72000,11.3567,6
10170,2015-04-27 03:00:00,11.36,11.38,11.36,11.38,10000,11.364,2
10171,2015-04-27 03:01:00,11.36,11.38,11.36,11.36,14000,11.3629,3
10172,2015-04-27 03:02:00,11.38,11.38,11.38,11.38,32000,11.38,3
10173,2015-04-27 03:03:00,11.36,11.38,11.36,11.36,12000,11.3633,4
10174,2015-04-27 03:04:00,11.36,11.36,11.36,11.36,4000,11.36,2
10175,2015-04-27 03:05:00,11.38,11.38,11.38,11.38,8000,11.38,1
10176,2015-04-27 03:06:00,11.36,11.38,11.36,11.38,4000,11.37,2
10177,2015-04-27 03:07:00,11.36,11.36,11.36,11.36,14000,11.36,2
10178,2015-04-27 03:08:00,11.38,11.4,11.36,11.4,162000,11.3825,14
10179,2015-04-27 03:09:00,11.4,11.4,11.4,11.4,0,11.4,0
10180,2015-04-27 03:10:00,11.38,11.4,11.36,11.4,116000,11.3862,6
10181,2015-04-27 03:11:00,11.4,11.4,11.4,11.4,0,11.4,0
10182,2015-04-27 03:12:00,11.38,11.4,11.38,11.38,32000,11.39,5
10183,2015-04-27 03:13:00,11.38,11.38,11.38,11.38,0,11.38,0
10184,2015-04-27 03:14:00,11.4,11.4,11.38,11.38,4000,11.39,2
10185,2015-04-27 03:15:00,11.38,11.4,11.38,11.4,12000,11.3833,3
10186,2015-04-27 03:16:00,11.4,11.4,11.38,11.38,10000,11.388,3
10187,2015-04-27 03:17:00,11.38,11.4,11.38,11.4,10000,11.392,4
10188,2015-04-27 03:18:00,11.38,11.4,11.38,11.4,10000,11.392,4
10189,2015-04-27 03:19:00,11.38,11.4,11.38,11.4,26000,11.3831,5
10190,2015-04-27 03:20:00,11.38,11.38,11.38,11.38,192000,11.38,3
10191,2015-04-27 03:21:00,11.36,11.36,11.34,11.34,128000,11.3588,4
10192,2015-04-27 03:22:00,11.34,11.34,11.34,11.34,2000,11.34,1
10193,2015-04-27 03:23:00,11.34,11.34,11.34,11.34,10000,11.34,2
10194,2015-04-27 03:24:00,11.34,11.34,11.34,11.34,24000,11.34,6
10195,2015-04-27 03:25:00,11.34,11.34,11.34,11.34,46000,11.34,6
10196,2015-04-27 03:26:00,11.34,11.36,11.34,11.34,108000,11.3567,6
10197,2015-04-27 03:27:00,11.36,11.36,11.36,11.36,120000,11.36,7
10198,2015-04-27 03:28:00,11.36,11.36,11.36,11.36,2000,11.36,1
10199,2015-04-27 03:29:00,11.36,11.38,11.36,11.38,8000,11.375,3
10200,2015-04-27 03:30:00,11.36,11.38,11.34,11.36,144000,11.3622,16
10201,2015-04-27 03:31:00,11.34,11.34,11.34,11.34,6000,11.34,2
10202,2015-04-27 03:32:00,11.36,11.38,11.34,11.38,130000,11.3612,7
10203,2015-04-27 03:33:00,11.38,11.38,11.36,11.36,6000,11.3733,2
10204,2015-04-27 03:34:00,11.38,11.38,11.36,11.36,12000,11.3733,3
10205,2015-04-27 03:35:00,11.36,11.38,11.36,11.38,10000,11.368,2
10206,2015-04-27 03:36:00,11.38,11.38,11.36,11.36,12000,11.3767,3
10207,2015-04-27 03:37:00,11.38,11.38,11.36,11.38,60000,11.3733,9
10208,2015-04-27 03:38:00,11.36,11.36,11.32,11.34,248000,11.354,7
10209,2015-04-27 03:39:00,11.34,11.36,11.32,11.32,78000,11.3523,5
10210,2015-04-27 03:40:00,11.34,11.34,11.34,11.34,6000,11.34,3
10211,2015-04-27 03:41:00,11.36,11.36,11.34,11.34,176000,11.3591,3
10212,2015-04-27 03:42:00,11.36,11.38,11.36,11.38,10000,11.376,3
10213,2015-04-27 03:43:00,11.38,11.38,11.36,11.38,32000,11.3788,7
10214,2015-04-27 03:44:00,11.38,11.38,11.38,11.38,32000,11.38,8
10215,2015-04-27 03:45:00,11.36,11.38,11.36,11.38,62000,11.3729,14
10216,2015-04-27 03:46:00,11.38,11.38,11.36,11.38,146000,11.363,8
10217,2015-04-27 03:47:00,11.36,11.38,11.34,11.34,126000,11.361,14
10218,2015-04-27 03:48:00,11.34,11.34,11.34,11.34,36000,11.34,9
10219,2015-04-27 03:49:00,11.34,11.36,11.32,11.32,50000,11.344,11
10220,2015-04-27 03:50:00,11.34,11.34,11.32,11.34,60000,11.3387,12
10221,2015-04-27 03:51:00,11.34,11.38,11.32,11.38,158000,11.3529,13
10222,2015-04-27 03:52:00,11.38,11.38,11.36,11.38,36000,11.3744,11
10223,2015-04-27 03:53:00,11.36,11.38,11.36,11.36,84000,11.3643,13
10224,2015-04-27 03:54:00,11.36,11.36,11.34,11.36,96000,11.3579,12
10225,2015-04-27 03:55:00,11.34,11.36,11.34,11.36,86000,11.3507,19
10226,2015-04-27 03:56:00,11.34,11.36,11.34,11.36,222000,11.3503,28
10227,2015-04-27 03:57:00,11.36,11.36,11.34,11.34,382000,11.3488,30
10228,2015-04-27 03:58:00,11.34,11.36,11.34,11.36,488000,11.3439,32
10229,2015-04-27 03:59:00,11.36,11.36,11.28,11.36,864000,11.3246,75
10230,2015-04-27 21:30:00,11.4,11.46,11.32,11.36,372000,11.3884,56
10231,2015-04-27 21:31:00,11.32,11.36,11.32,11.34,12000,11.3333,4
10232,2015-04-27 21:32:00,11.34,11.36,11.34,11.34,76000,11.3553,12
10233,2015-04-27 21:33:00,11.38,11.38,11.34,11.36,44000,11.3573,12
10234,2015-04-27 21:34:00,11.34,11.36,11.34,11.36,62000,11.3426,7
10235,2015-04-27 21:35:00,11.36,11.36,11.32,11.32,136000,11.3547,20
10236,2015-04-27 21:36:00,11.32,11.32,11.32,11.32,18000,11.32,4
10237,2015-04-27 21:37:00,11.3,11.32,11.3,11.32,14000,11.3086,4
10238,2015-04-27 21:38:00,11.32,11.32,11.32,11.32,2000,11.32,1
10239,2015-04-27 21:39:00,11.34,11.36,11.34,11.36,120000,11.3433,9
10240,2015-04-27 21:40:00,11.36,11.36,11.32,11.32,66000,11.3442,4
10241,2015-04-27 21:41:00,11.32,11.32,11.26,11.26,178000,11.3027,10
10242,2015-04-27 21:42:00,11.26,11.26,11.24,11.26,36000,11.2567,3
10243,2015-04-27 21:43:00,11.26,11.3,11.26,11.28,126000,11.2654,15
10244,2015-04-27 21:44:00,11.28,11.28,11.28,11.28,64000,11.28,6
10245,2015-04-27 21:45:00,11.28,11.28,11.24,11.24,50000,11.26,7
10246,2015-04-27 21:46:00,11.24,11.28,11.24,11.26,146000,11.2595,9
10247,2015-04-27 21:47:00,11.28,11.3,11.28,11.3,42000,11.2914,9
10248,2015-04-27 21:48:00,11.3,11.32,11.3,11.32,32000,11.3025,6
10249,2015-04-27 21:49:00,11.3,11.32,11.3,11.32,14000,11.3029,5
10250,2015-04-27 21:50:00,11.32,11.34,11.3,11.34,76000,11.3179,16
10251,2015-04-27 21:51:00,11.34,11.34,11.32,11.34,24000,11.33,8
10252,2015-04-27 21:52:00,11.34,11.34,11.3,11.3,74000,11.3232,10
10253,2015-04-27 21:53:00,11.32,11.32,11.3,11.3,6000,11.3067,3
10254,2015-04-27 21:54:00,11.32,11.32,11.28,11.28,70000,11.2971,12
10255,2015-04-27 21:55:00,11.26,11.26,11.24,11.26,16000,11.25,6
10256,2015-04-27 21:56:00,11.24,11.26,11.24,11.24,16000,11.245,5
10257,2015-04-27 21:57:00,11.26,11.3,11.24,11.3,166000,11.267,8
10258,2015-04-27 21:58:00,11.28,11.28,11.28,11.28,28000,11.28,3
10259,2015-04-27 21:59:00,11.28,11.28,11.28,11.28,6000,11.28,1
10260,2015-04-27 22:00:00,11.3,11.32,11.3,11.32,20000,11.304,5
10261,2015-04-27 22:01:00,11.3,11.3,11.3,11.3,18000,11.3,3
10262,2015-04-27 22:02:00,11.3,11.32,11.3,11.3,52000,11.3023,13
10263,2015-04-27 22:03:00,11.28,11.28,11.26,11.26,46000,11.2774,3
10264,2015-04-27 22:04:00,11.26,11.26,11.26,11.26,6000,11.26,2
10265,2015-04-27 22:05:00,11.28,11.28,11.24,11.24,36000,11.2644,8
10266,2015-04-27 22:06:00,11.24,11.26,11.24,11.26,110000,11.2589,4
10267,2015-04-27 22:07:00,11.24,11.26,11.24,11.26,6000,11.2533,3
10268,2015-04-27 22:08:00,11.26,11.26,11.2,11.2,186000,11.234,13
10269,2015-04-27 22:09:00,11.22,11.22,11.22,11.22,12000,11.22,1
10270,2015-04-27 22:10:00,11.22,11.22,11.2,11.2,134000,11.2003,6
10271,2015-04-27 22:11:00,11.2,11.2,11.18,11.18,30000,11.192,5
10272,2015-04-27 22:12:00,11.18,11.18,11.18,11.18,40000,11.18,5
10273,2015-04-27 22:13:00,11.16,11.18,11.16,11.18,20000,11.164,5
10274,2015-04-27 22:14:00,11.16,11.16,11.16,11.16,4000,11.16,2
10275,2015-04-27 22:15:00,11.18,11.18,11.16,11.16,32000,11.175,4
10276,2015-04-27 22:16:00,11.18,11.18,11.16,11.16,10000,11.168,2
10277,2015-04-27 22:17:00,11.16,11.16,11.16,11.16,6000,11.16,2
10278,2015-04-27 22:18:00,11.18,11.18,11.16,11.16,12000,11.1667,3
10279,2015-04-27 22:19:00,11.16,11.18,11.16,11.16,114000,11.1614,14
10280,2015-04-27 22:20:00,11.16,11.16,11.14,11.14,18000,11.1578,4
10281,2015-04-27 22:21:00,11.16,11.16,11.12,11.12,42000,11.1343,9
10282,2015-04-27 22:22:00,11.14,11.14,11.12,11.12,114000,11.1386,6
10283,2015-04-27 22:23:00,11.12,11.14,11.12,11.12,16000,11.1275,5
10284,2015-04-27 22:24:00,11.14,11.14,11.12,11.12,26000,11.1215,3
10285,2015-04-27 22:25:00,11.1,11.1,11.1,11.1,4000,11.1,1
10286,2015-04-27 22:26:00,11.12,11.12,11.12,11.12,20000,11.12,6
10287,2015-04-27 22:27:00,11.12,11.14,11.1,11.1,146000,11.1285,11
10288,2015-04-27 22:28:00,11.16,11.16,11.12,11.14,20000,11.148,4
10289,2015-04-27 22:29:00,11.14,11.14,11.14,11.14,4000,11.14,2
10290,2015-04-27 22:30:00,11.14,11.14,11.1,11.1,94000,11.1132,5
10291,2015-04-27 22:31:00,11.1,11.1,11.1,11.1,12000,11.1,3
10292,2015-04-27 22:32:00,11.1,11.16,11.1,11.16,244000,11.1274,14
10293,2015-04-27 22:33:00,11.16,11.2,11.14,11.2,36000,11.1689,6
10294,2015-04-27 22:34:00,11.16,11.2,11.16,11.2,10000,11.176,2
10295,2015-04-27 22:35:00,11.2,11.2,11.2,11.2,94000,11.2,8
10296,2015-04-27 22:36:00,11.18,11.2,11.18,11.2,30000,11.1987,6
10297,2015-04-27 22:37:00,11.2,11.2,11.2,11.2,6000,11.2,1
10298,2015-04-27 22:38:00,11.2,11.2,11.2,11.2,56000,11.2,2
10299,2015-04-27 22:39:00,11.18,11.18,11.18,11.18,2000,11.18,1
10300,2015-04-27 22:40:00,11.18,11.18,11.18,11.18,6000,11.18,1
10301,2015-04-27 22:41:00,11.18,11.18,11.16,11.16,76000,11.1774,6
10302,2015-04-27 22:42:00,11.16,11.16,11.16,11.16,36000,11.16,13
10303,2015-04-27 22:43:00,11.16,11.16,11.16,11.16,6000,11.16,1
10304,2015-04-27 22:44:00,11.16,11.16,11.16,11.16,10000,11.16,2
10305,2015-04-27 22:45:00,11.16,11.16,11.16,11.16,12000,11.16,3
10306,2015-04-27 22:46:00,11.16,11.16,11.16,11.16,6000,11.16,2
10307,2015-04-27 22:47:00,11.16,11.16,11.14,11.14,14000,11.1543,4
10308,2015-04-27 22:48:00,11.14,11.14,11.14,11.14,6000,11.14,2
10309,2015-04-27 22:49:00,11.14,11.14,11.14,11.14,80000,11.14,10
10310,2015-04-27 22:50:00,11.14,11.2,11.14,11.2,120000,11.1653,6
10311,2015-04-27 22:51:00,11.22,11.22,11.22,11.22,2000,11.22,1
10312,2015-04-27 22:52:00,11.22,11.22,11.22,11.22,0,11.22,0
10313,2015-04-27 22:53:00,11.2,11.22,11.2,11.2,86000,11.207,10
10314,2015-04-27 22:54:00,11.2,11.22,11.2,11.2,14000,11.2143,3
10315,2015-04-27 22:55:00,11.2,11.22,11.2,11.22,10000,11.208,3
10316,2015-04-27 22:56:00,11.2,11.2,11.2,11.2,4000,11.2,2
10317,2015-04-27 22:57:00,11.2,11.2,11.2,11.2,54000,11.2,4
10318,2015-04-27 22:58:00,11.18,11.2,11.18,11.2,8000,11.195,2
10319,2015-04-27 22:59:00,11.18,11.26,11.18,11.26,168000,11.2162,7
10320,2015-04-27 23:00:00,11.28,11.28,11.28,11.28,28000,11.28,4
10321,2015-04-27 23:01:00,11.28,11.3,11.26,11.28,68000,11.2865,10
10322,2015-04-27 23:02:00,11.26,11.26,11.26,11.26,6000,11.26,2
10323,2015-04-27 23:03:00,11.24,11.28,11.24,11.26,86000,11.2702,11
10324,2015-04-27 23:04:00,11.28,11.28,11.28,11.28,4000,11.28,1
10325,2015-04-27 23:05:00,11.26,11.26,11.24,11.24,10000,11.248,3
10326,2015-04-27 23:06:00,11.24,11.24,11.24,11.24,50000,11.24,6
10327,2015-04-27 23:07:00,11.22,11.22,11.22,11.22,2000,11.22,1
10328,2015-04-27 23:08:00,11.22,11.22,11.22,11.22,14000,11.22,2
10329,2015-04-27 23:09:00,11.24,11.3,11.24,11.3,128000,11.2572,6
10330,2015-04-27 23:10:00,11.3,11.3,11.3,11.3,0,11.3,0
10331,2015-04-27 23:11:00,11.26,11.3,11.26,11.28,38000,11.2684,10
10332,2015-04-27 23:12:00,11.26,11.26,11.22,11.22,76000,11.2442,7
10333,2015-04-27 23:13:00,11.2,11.2,11.2,11.2,6000,11.2,1
10334,2015-04-27 23:14:00,11.2,11.2,11.2,11.2,60000,11.2,5
10335,2015-04-27 23:15:00,11.18,11.2,11.18,11.2,14000,11.1914,4
10336,2015-04-27 23:16:00,11.2,11.2,11.2,11.2,0,11.2,0
10337,2015-04-27 23:17:00,11.18,11.2,11.18,11.2,8000,11.185,2
10338,2015-04-27 23:18:00,11.18,11.18,11.18,11.18,8000,11.18,2
10339,2015-04-27 23:19:00,11.18,11.2,11.18,11.2,98000,11.1988,3
10340,2015-04-27 23:20:00,11.22,11.22,11.2,11.2,18000,11.2111,3
10341,2015-04-27 23:21:00,11.22,11.22,11.22,11.22,14000,11.22,3
10342,2015-04-27 23:22:00,11.22,11.22,11.22,11.22,0,11.22,0
10343,2015-04-27 23:23:00,11.22,11.22,11.22,11.22,0,11.22,0
10344,2015-04-27 23:24:00,11.22,11.22,11.2,11.2,70000,11.2006,3
10345,2015-04-27 23:25:00,11.2,11.2,11.2,11.2,38000,11.2,5
10346,2015-04-27 23:26:00,11.18,11.2,11.18,11.2,106000,11.1804,3
10347,2015-04-27 23:27:00,11.18,11.18,11.18,11.18,6000,11.18,1
10348,2015-04-27 23:28:00,11.18,11.2,11.18,11.2,20000,11.184,6
10349,2015-04-27 23:29:00,11.18,11.18,11.14,11.14,108000,11.1715,7
10350,2015-04-27 23:30:00,11.14,11.14,11.14,11.14,2000,11.14,1
10351,2015-04-27 23:31:00,11.14,11.14,11.14,11.14,14000,11.14,2
10352,2015-04-27 23:32:00,11.14,11.14,11.14,11.14,2000,11.14,1
10353,2015-04-27 23:33:00,11.14,11.14,11.14,11.14,32000,11.14,3
10354,2015-04-27 23:34:00,11.14,11.14,11.14,11.14,10000,11.14,1
10355,2015-04-27 23:35:00,11.12,11.12,11.12,11.12,2000,11.12,1
10356,2015-04-27 23:36:00,11.12,11.14,11.12,11.14,16000,11.1225,3
10357,2015-04-27 23:37:00,11.12,11.12,11.12,11.12,4000,11.12,2
10358,2015-04-27 23:38:00,11.12,11.12,11.12,11.12,6000,11.12,2
10359,2015-04-27 23:39:00,11.12,11.12,11.12,11.12,0,11.12,0
10360,2015-04-27 23:40:00,11.12,11.12,11.12,11.12,64000,11.12,11
10361,2015-04-27 23:41:00,11.12,11.12,11.12,11.12,4000,11.12,2
10362,2015-04-27 23:42:00,11.12,11.12,11.12,11.12,62000,11.12,2
10363,2015-04-27 23:43:00,11.1,11.1,11.1,11.1,4000,11.1,1
10364,2015-04-27 23:44:00,11.1,11.1,11.1,11.1,2000,11.1,1
10365,2015-04-27 23:45:00,11.1,11.12,11.1,11.1,10000,11.108,3
10366,2015-04-27 23:46:00,11.1,11.12,11.08,11.08,160000,11.0943,6
10367,2015-04-27 23:47:00,11.06,11.08,11.06,11.08,72000,11.0789,6
10368,2015-04-27 23:48:00,11.08,11.08,11.08,11.08,10000,11.08,1
10369,2015-04-27 23:49:00,11.08,11.08,11.08,11.08,10000,11.08,1
10370,2015-04-27 23:50:00,11.08,11.08,11.08,11.08,0,11.08,0
10371,2015-04-27 23:51:00,11.08,11.1,11.08,11.08,110000,11.0833,6
10372,2015-04-27 23:52:00,11.08,11.08,11.08,11.08,0,11.08,0
10373,2015-04-27 23:53:00,11.1,11.1,11.1,11.1,8000,11.1,2
10374,2015-04-27 23:54:00,11.08,11.08,11.08,11.08,10000,11.08,1
10375,2015-04-27 23:55:00,11.08,11.1,11.08,11.1,6000,11.0933,3
10376,2015-04-27 23:56:00,11.1,11.1,11.1,11.1,14000,11.1,3
10377,2015-04-27 23:57:00,11.08,11.08,11.08,11.08,20000,11.08,1
10378,2015-04-27 23:58:00,11.08,11.1,11.08,11.1,16000,11.0975,4
10379,2015-04-27 23:59:00,11.1,11.14,11.1,11.14,34000,11.1059,6
10380,2015-04-28 01:00:00,11.14,11.14,11.12,11.12,80000,11.129,9
10381,2015-04-28 01:01:00,11.1,11.1,11.08,11.08,26000,11.0908,2
10382,2015-04-28 01:02:00,11.08,11.08,11.08,11.08,0,11.08,0
10383,2015-04-28 01:03:00,11.08,11.08,11.06,11.08,36000,11.0767,3
10384,2015-04-28 01:04:00,11.06,11.06,11.06,11.06,2000,11.06,1
10385,2015-04-28 01:05:00,11.06,11.06,11.06,11.06,8000,11.06,3
10386,2015-04-28 01:06:00,11.08,11.08,11.08,11.08,4000,11.08,1
10387,2015-04-28 01:07:00,11.06,11.06,11.04,11.04,194000,11.0598,6
10388,2015-04-28 01:08:00,11.04,11.04,11.04,11.04,6000,11.04,2
10389,2015-04-28 01:09:00,11.04,11.06,11.04,11.06,68000,11.0588,5
10390,2015-04-28 01:10:00,11.06,11.06,11.06,11.06,24000,11.06,1
10391,2015-04-28 01:11:00,11.06,11.06,11.06,11.06,0,11.06,0
10392,2015-04-28 01:12:00,11.06,11.06,11.04,11.04,16000,11.0525,2
10393,2015-04-28 01:13:00,11.06,11.06,11.04,11.06,52000,11.0592,4
10394,2015-04-28 01:14:00,11.06,11.06,11.06,11.06,0,11.06,0
10395,2015-04-28 01:15:00,11.06,11.06,11.04,11.04,12000,11.0567,2
10396,2015-04-28 01:16:00,11.06,11.06,11.06,11.06,2000,11.06,1
10397,2015-04-28 01:17:00,11.04,11.06,11.04,11.04,18000,11.0422,5
10398,2015-04-28 01:18:00,11.04,11.04,11.04,11.04,2000,11.04,1
10399,2015-04-28 01:19:00,11.04,11.04,11.04,11.04,16000,11.04,2
10400,2015-04-28 01:20:00,11.06,11.06,11.04,11.04,6000,11.0467,3
10401,2015-04-28 01:21:00,11.04,11.06,11.04,11.06,22000,11.0582,4
10402,2015-04-28 01:22:00,11.04,11.04,11.04,11.04,2000,11.04,1
10403,2015-04-28 01:23:00,11.06,11.12,11.06,11.12,306000,11.0699,14
10404,2015-04-28 01:24:00,11.14,11.16,11.14,11.16,18000,11.1422,4
10405,2015-04-28 01:25:00,11.14,11.14,11.14,11.14,48000,11.14,5
10406,2015-04-28 01:26:00,11.14,11.14,11.12,11.12,14000,11.1314,2
10407,2015-04-28 01:27:00,11.14,11.14,11.1,11.12,118000,11.1085,4
10408,2015-04-28 01:28:00,11.1,11.12,11.1,11.1,46000,11.1017,4
10409,2015-04-28 01:29:00,11.12,11.12,11.08,11.08,8000,11.1,3
10410,2015-04-28 01:30:00,11.08,11.1,11.08,11.08,210000,11.0924,7
10411,2015-04-28 01:31:00,11.1,11.12,11.08,11.08,20000,11.104,4
10412,2015-04-28 01:32:00,11.08,11.08,11.08,11.08,26000,11.08,2
10413,2015-04-28 01:33:00,11.06,11.06,11.06,11.06,10000,11.06,1
10414,2015-04-28 01:34:00,11.06,11.06,11.06,11.06,48000,11.06,1
10415,2015-04-28 01:35:00,11.06,11.08,11.06,11.08,18000,11.0667,6
10416,2015-04-28 01:36:00,11.08,11.08,11.08,11.08,0,11.08,0
10417,2015-04-28 01:37:00,11.06,11.06,11.06,11.06,2000,11.06,1
10418,2015-04-28 01:38:00,11.08,11.08,11.08,11.08,4000,11.08,1
10419,2015-04-28 01:39:00,11.08,11.08,11.08,11.08,10000,11.08,1
10420,2015-04-28 01:40:00,11.08,11.08,11.06,11.06,10000,11.072,2
10421,2015-04-28 01:41:00,11.06,11.06,11.04,11.04,178000,11.0461,3
10422,2015-04-28 01:42:00,11.06,11.06,11.06,11.06,6000,11.06,1
10423,2015-04-28 01:43:00,11.06,11.08,11.06,11.06,30000,11.0613,7
10424,2015-04-28 01:44:00,11.06,11.06,11.06,11.06,26000,11.06,2
10425,2015-04-28 01:45:00,11.04,11.04,11.04,11.04,6000,11.04,2
10426,2015-04-28 01:46:00,11.06,11.06,11.06,11.06,6000,11.06,2
10427,2015-04-28 01:47:00,11.06,11.06,11.04,11.04,10000,11.044,3
10428,2015-04-28 01:48:00,11.06,11.06,11.06,11.06,96000,11.06,7
10429,2015-04-28 01:49:00,11.06,11.06,11.06,11.06,4000,11.06,2
10430,2015-04-28 01:50:00,11.06,11.06,11.06,11.06,6000,11.06,3
10431,2015-04-28 01:51:00,11.06,11.06,11.04,11.06,22000,11.0455,4
10432,2015-04-28 01:52:00,11.06,11.12,11.04,11.12,280000,11.0779,13
10433,2015-04-28 01:53:00,11.1,11.1,11.1,11.1,8000,11.1,2
10434,2015-04-28 01:54:00,11.1,11.12,11.1,11.12,88000,11.1018,3
10435,2015-04-28 01:55:00,11.12,11.12,11.12,11.12,12000,11.12,2
10436,2015-04-28 01:56:00,11.12,11.12,11.12,11.12,30000,11.12,2
10437,2015-04-28 01:57:00,11.12,11.12,11.12,11.12,0,11.12,0
10438,2015-04-28 01:58:00,11.12,11.12,11.08,11.08,146000,11.1019,3
10439,2015-04-28 01:59:00,11.1,11.12,11.1,11.12,30000,11.1053,5
10440,2015-04-28 02:00:00,11.12,11.12,11.12,11.12,0,11.12,0
10441,2015-04-28 02:01:00,11.12,11.12,11.12,11.12,0,11.12,0
10442,2015-04-28 02:02:00,11.12,11.12,11.12,11.12,0,11.12,0
10443,2015-04-28 02:03:00,11.1,11.1,11.1,11.1,2000,11.1,1
10444,2015-04-28 02:04:00,11.1,11.1,11.1,11.1,0,11.1,0
10445,2015-04-28 02:05:00,11.1,11.1,11.1,11.1,4000,11.1,1
10446,2015-04-28 02:06:00,11.1,11.1,11.1,11.1,0,11.1,0
10447,2015-04-28 02:07:00,11.08,11.08,11.04,11.06,230000,11.0757,15
10448,2015-04-28 02:08:00,11.06,11.06,11.06,11.06,20000,11.06,3
10449,2015-04-28 02:09:00,11.06,11.06,11.06,11.06,0,11.06,0
10450,2015-04-28 02:10:00,11.08,11.08,11.08,11.08,32000,11.08,1
10451,2015-04-28 02:11:00,11.08,11.1,11.08,11.1,80000,11.0815,3
10452,2015-04-28 02:12:00,11.08,11.08,11.08,11.08,6000,11.08,1
10453,2015-04-28 02:13:00,11.1,11.1,11.1,11.1,60000,11.1,4
10454,2015-04-28 02:14:00,11.08,11.08,11.06,11.06,106000,11.0781,6
10455,2015-04-28 02:15:00,11.08,11.08,11.08,11.08,4000,11.08,1
10456,2015-04-28 02:16:00,11.08,11.08,11.08,11.08,2000,11.08,1
10457,2015-04-28 02:17:00,11.08,11.08,11.08,11.08,0,11.08,0
10458,2015-04-28 02:18:00,11.06,11.06,11.06,11.06,4000,11.06,1
10459,2015-04-28 02:19:00,11.06,11.06,11.06,11.06,56000,11.06,3
10460,2015-04-28 02:20:00,11.06,11.06,11.06,11.06,48000,11.06,3
10461,2015-04-28 02:21:00,11.06,11.06,11.06,11.06,0,11.06,0
10462,2015-04-28 02:22:00,11.04,11.04,11.02,11.04,242000,11.0395,21
10463,2015-04-28 02:23:00,11.04,11.04,11.04,11.04,0,11.04,0
10464,2015-04-28 02:24:00,11.04,11.06,11.04,11.06,74000,11.0427,6
10465,2015-04-28 02:25:00,11.06,11.06,11.06,11.06,0,11.06,0
10466,2015-04-28 02:26:00,11.06,11.06,11.04,11.04,24000,11.05,4
10467,2015-04-28 02:27:00,11.04,11.04,11.04,11.04,2000,11.04,1
10468,2015-04-28 02:28:00,11.04,11.04,11.04,11.04,0,11.04,0
10469,2015-04-28 02:29:00,11.04,11.06,11.04,11.06,20000,11.042,3
10470,2015-04-28 02:30:00,11.04,11.04,11.04,11.04,4000,11.04,1
10471,2015-04-28 02:31:00,11.04,11.04,11.04,11.04,36000,11.04,4
10472,2015-04-28 02:32:00,11.06,11.06,11.06,11.06,10000,11.06,1
10473,2015-04-28 02:33:00,11.06,11.06,11.06,11.06,0,11.06,0
10474,2015-04-28 02:34:00,11.06,11.06,11.06,11.06,0,11.06,0
10475,2015-04-28 02:35:00,11.06,11.06,11.06,11.06,4000,11.06,1
10476,2015-04-28 02:36:00,11.06,11.06,11.04,11.04,94000,11.0421,7
10477,2015-04-28 02:37:00,11.04,11.06,11.04,11.04,90000,11.0409,11
10478,2015-04-28 02:38:00,11.06,11.06,11.04,11.04,10000,11.048,4
10479,2015-04-28 02:39:00,11.04,11.04,11.04,11.04,10000,11.04,3
10480,2015-04-28 02:40:00,11.06,11.06,11.04,11.06,10000,11.052,3
10481,2015-04-28 02:41:00,11.04,11.04,11.04,11.04,28000,11.04,3
10482,2015-04-28 02:42:00,11.04,11.04,11.04,11.04,4000,11.04,1
10483,2015-04-28 02:43:00,11.06,11.06,11.04,11.04,8000,11.05,2
10484,2015-04-28 02:44:00,11.04,11.08,11.04,11.06,106000,11.0611,5
10485,2015-04-28 02:45:00,11.06,11.06,11.06,11.06,0,11.06,0
10486,2015-04-28 02:46:00,11.06,11.06,11.06,11.06,0,11.06,0
10487,2015-04-28 02:47:00,11.06,11.08,11.06,11.06,68000,11.0629,7
10488,2015-04-28 02:48:00,11.06,11.06,11.06,11.06,0,11.06,0
10489,2015-04-28 02:49:00,11.06,11.06,11.06,11.06,0,11.06,0
10490,2015-04-28 02:50:00,11.08,11.08,11.06,11.08,88000,11.0791,4
10491,2015-04-28 02:51:00,11.08,11.08,11.08,11.08,0,11.08,0
10492,2015-04-28 02:52:00,11.08,11.08,11.08,11.08,0,11.08,0
10493,2015-04-28 02:53:00,11.1,11.1,11.1,11.1,14000,11.1,2
10494,2015-04-28 02:54:00,11.08,11.08,11.08,11.08,4000,11.08,1
10495,2015-04-28 02:55:00,11.1,11.1,11.1,11.1,4000,11.1,1
10496,2015-04-28 02:56:00,11.1,11.1,11.1,11.1,0,11.1,0
10497,2015-04-28 02:57:00,11.08,11.08,11.08,11.08,70000,11.08,6
10498,2015-04-28 02:58:00,11.06,11.06,11.06,11.06,12000,11.06,2
10499,2015-04-28 02:59:00,11.06,11.06,11.06,11.06,4000,11.06,1
10500,2015-04-28 03:00:00,11.06,11.06,11.06,11.06,22000,11.06,5
10501,2015-04-28 03:01:00,11.06,11.06,11.06,11.06,14000,11.06,2
10502,2015-04-28 03:02:00,11.06,11.06,11.06,11.06,0,11.06,0
10503,2015-04-28 03:03:00,11.04,11.04,11.04,11.04,6000,11.04,2
10504,2015-04-28 03:04:00,11.04,11.04,11.04,11.04,0,11.04,0
10505,2015-04-28 03:05:00,11.06,11.06,11.04,11.04,16000,11.0525,2
10506,2015-04-28 03:06:00,11.04,11.04,11.04,11.04,0,11.04,0
10507,2015-04-28 03:07:00,11.04,11.06,11.04,11.06,6000,11.0467,2
10508,2015-04-28 03:08:00,11.04,11.04,11.04,11.04,4000,11.04,1
10509,2015-04-28 03:09:00,11.04,11.04,11.04,11.04,0,11.04,0
10510,2015-04-28 03:10:00,11.06,11.06,11.04,11.04,6000,11.0467,2
10511,2015-04-28 03:11:00,11.04,11.04,11.04,11.04,8000,11.04,3
10512,2015-04-28 03:12:00,11.04,11.04,11.04,11.04,18000,11.04,2
10513,2015-04-28 03:13:00,11.04,11.06,11.04,11.06,204000,11.0596,6
10514,2015-04-28 03:14:00,11.06,11.08,11.06,11.08,4000,11.07,2
10515,2015-04-28 03:15:00,11.08,11.08,11.08,11.08,2000,11.08,1
10516,2015-04-28 03:16:00,11.08,11.08,11.08,11.08,0,11.08,0
10517,2015-04-28 03:17:00,11.08,11.08,11.08,11.08,0,11.08,0
10518,2015-04-28 03:18:00,11.06,11.08,11.06,11.08,8000,11.07,2
10519,2015-04-28 03:19:00,11.06,11.06,11.06,11.06,16000,11.06,4
10520,2015-04-28 03:20:00,11.06,11.08,11.06,11.08,28000,11.0629,4
10521,2015-04-28 03:21:00,11.06,11.1,11.06,11.1,288000,11.0807,6
10522,2015-04-28 03:22:00,11.1,11.1,11.1,11.1,6000,11.1,2
10523,2015-04-28 03:23:00,11.1,11.1,11.1,11.1,8000,11.1,3
10524,2015-04-28 03:24:00,11.1,11.1,11.1,11.1,6000,11.1,2
10525,2015-04-28 03:25:00,11.1,11.1,11.1,11.1,0,11.1,0
10526,2015-04-28 03:26:00,11.08,11.1,11.08,11.1,4000,11.09,2
10527,2015-04-28 03:27:00,11.1,11.1,11.08,11.08,20000,11.092,5
10528,2015-04-28 03:28:00,11.08,11.08,11.08,11.08,22000,11.08,3
10529,2015-04-28 03:29:00,11.08,11.08,11.08,11.08,10000,11.08,3
10530,2015-04-28 03:30:00,11.1,11.14,11.1,11.14,324000,11.1027,7
10531,2015-04-28 03:31:00,11.14,11.16,11.14,11.16,84000,11.1419,8
10532,2015-04-28 03:32:00,11.16,11.16,11.12,11.12,36000,11.1467,6
10533,2015-04-28 03:33:00,11.14,11.16,11.14,11.16,48000,11.1533,5
10534,2015-04-28 03:34:00,11.14,11.16,11.14,11.16,24000,11.145,7
10535,2015-04-28 03:35:00,11.14,11.14,11.14,11.14,30000,11.14,1
10536,2015-04-28 03:36:00,11.16,11.18,11.14,11.16,242000,11.1613,14
10537,2015-04-28 03:37:00,11.16,11.16,11.16,11.16,16000,11.16,4
10538,2015-04-28 03:38:00,11.16,11.16,11.16,11.16,4000,11.16,1
10539,2015-04-28 03:39:00,11.16,11.16,11.14,11.16,14000,11.1543,4
10540,2015-04-28 03:40:00,11.14,11.16,11.14,11.16,8000,11.15,2
10541,2015-04-28 03:41:00,11.16,11.16,11.16,11.16,10000,11.16,3
10542,2015-04-28 03:42:00,11.16,11.16,11.14,11.14,34000,11.1471,6
10543,2015-04-28 03:43:00,11.14,11.16,11.14,11.16,18000,11.1533,6
10544,2015-04-28 03:44:00,11.16,11.16,11.14,11.14,14000,11.1543,5
10545,2015-04-28 03:45:00,11.16,11.16,11.14,11.16,38000,11.1589,9
10546,2015-04-28 03:46:00,11.16,11.16,11.14,11.14,28000,11.1529,11
10547,2015-04-28 03:47:00,11.14,11.16,11.14,11.16,38000,11.1568,12
10548,2015-04-28 03:48:00,11.16,11.16,11.14,11.16,44000,11.1536,14
10549,2015-04-28 03:49:00,11.16,11.16,11.14,11.16,30000,11.1573,12
10550,2015-04-28 03:50:00,11.14,11.16,11.12,11.14,236000,11.1417,21
10551,2015-04-28 03:51:00,11.14,11.16,11.12,11.14,300000,11.1416,13
10552,2015-04-28 03:52:00,11.14,11.14,11.14,11.14,102000,11.14,5
10553,2015-04-28 03:53:00,11.16,11.18,11.14,11.16,152000,11.16,8
10554,2015-04-28 03:54:00,11.16,11.16,11.14,11.16,26000,11.1585,6
10555,2015-04-28 03:55:00,11.16,11.16,11.14,11.16,40000,11.153,15
10556,2015-04-28 03:56:00,11.16,11.16,11.14,11.16,98000,11.1592,11
10557,2015-04-28 03:57:00,11.16,11.18,11.16,11.18,124000,11.1684,22
10558,2015-04-28 03:58:00,11.16,11.18,11.16,11.18,272000,11.1759,36
10559,2015-04-28 03:59:00,11.16,11.2,11.16,11.18,756000,11.1834,88
10560,2015-04-28 21:30:00,11.1,11.24,11.1,11.1,42000,11.1219,15
10561,2015-04-28 21:31:00,11.1,11.1,11.1,11.1,4000,11.1,2
10562,2015-04-28 21:32:00,11.1,11.12,11.08,11.1,88000,11.095,20
10563,2015-04-28 21:33:00,11.08,11.12,11.08,11.12,122000,11.102,20
10564,2015-04-28 21:34:00,11.1,11.1,11.06,11.06,156000,11.0741,13
10565,2015-04-28 21:35:00,11.06,11.06,11.0,11.0,178000,11.0429,14
10566,2015-04-28 21:36:00,11.0,11.0,11.0,11.0,20000,11.0,3
10567,2015-04-28 21:37:00,11.0,11.04,11.0,11.04,22000,11.0073,4
10568,2015-04-28 21:38:00,11.02,11.02,10.98,11.0,200000,11.005,11
10569,2015-04-28 21:39:00,11.0,11.02,11.0,11.0,60000,11.0007,8
10570,2015-04-28 21:40:00,11.0,11.0,10.98,10.98,44000,10.9909,5
10571,2015-04-28 21:41:00,10.98,10.98,10.9,10.92,248000,10.961,14
10572,2015-04-28 21:42:00,10.94,10.94,10.9,10.94,110000,10.936,12
10573,2015-04-28 21:43:00,10.94,10.94,10.94,10.94,20000,10.94,3
10574,2015-04-28 21:44:00,10.92,10.94,10.9,10.9,106000,10.9181,12
10575,2015-04-28 21:45:00,10.9,10.94,10.9,10.94,64000,10.9281,8
10576,2015-04-28 21:46:00,10.92,10.94,10.9,10.9,8000,10.915,4
10577,2015-04-28 21:47:00,10.94,10.94,10.92,10.92,14000,10.9229,3
10578,2015-04-28 21:48:00,10.94,10.96,10.92,10.96,106000,10.9355,6
10579,2015-04-28 21:49:00,10.94,10.96,10.92,10.92,246000,10.9475,10
10580,2015-04-28 21:50:00,10.94,10.94,10.94,10.94,18000,10.94,2
10581,2015-04-28 21:51:00,10.94,11.0,10.94,11.0,122000,10.9721,11
10582,2015-04-28 21:52:00,10.98,11.0,10.96,10.96,20000,10.974,5
10583,2015-04-28 21:53:00,10.96,11.0,10.96,11.0,122000,10.9613,3
10584,2015-04-28 21:54:00,10.96,10.98,10.94,10.94,224000,10.9538,12
10585,2015-04-28 21:55:00,10.94,10.98,10.94,10.98,44000,10.9636,5
10586,2015-04-28 21:56:00,10.98,11.0,10.98,11.0,40000,10.981,4
10587,2015-04-28 21:57:00,10.96,11.0,10.96,10.96,6000,10.9733,3
10588,2015-04-28 21:58:00,10.98,11.0,10.98,11.0,26000,10.9831,4
10589,2015-04-28 21:59:00,10.98,10.98,10.94,10.98,246000,10.9732,19
10590,2015-04-28 22:00:00,10.96,10.98,10.94,10.98,72000,10.9678,10
10591,2015-04-28 22:01:00,11.0,11.0,10.96,10.98,118000,10.9627,6
10592,2015-04-28 22:02:00,10.94,10.94,10.94,10.94,2000,10.94,1
10593,2015-04-28 22:03:00,11.0,11.0,10.96,10.98,64000,10.9731,6
10594,2015-04-28 22:04:00,10.98,11.0,10.96,10.96,74000,10.9762,11
10595,2015-04-28 22:05:00,10.98,11.0,10.96,11.0,52000,10.9762,10
10596,2015-04-28 22:06:00,10.98,11.0,10.98,11.0,16000,10.9825,6
10597,2015-04-28 22:07:00,10.98,11.0,10.96,10.96,146000,10.9759,20
10598,2015-04-28 22:08:00,10.98,10.98,10.96,10.98,50000,10.9792,8
10599,2015-04-28 22:09:00,10.98,10.98,10.96,10.96,64000,10.97,9
10600,2015-04-28 22:10:00,10.96,10.98,10.96,10.98,76000,10.9737,13
10601,2015-04-28 22:11:00,10.98,10.98,10.96,10.98,64000,10.9688,7
10602,2015-04-28 22:12:00,10.98,11.0,10.98,11.0,24000,10.9817,6
10603,2015-04-28 22:13:00,11.0,11.0,11.0,11.0,2000,11.0,1
10604,2015-04-28 22:14:00,10.98,10.98,10.96,10.98,102000,10.9796,8
10605,2015-04-28 22:15:00,10.96,10.96,10.94,10.96,80000,10.954,10
10606,2015-04-28 22:16:00,10.96,10.98,10.96,10.98,10000,10.964,4
10607,2015-04-28 22:17:00,10.98,10.98,10.98,10.98,2000,10.98,1
10608,2015-04-28 22:18:00,10.98,10.98,10.96,10.96,12000,10.97,5
10609,2015-04-28 22:19:00,10.98,10.98,10.96,10.96,44000,10.9609,9
10610,2015-04-28 22:20:00,10.96,10.96,10.96,10.96,28000,10.96,6
10611,2015-04-28 22:21:00,10.98,10.98,10.94,10.96,58000,10.9586,7
10612,2015-04-28 22:22:00,10.94,10.96,10.94,10.96,20000,10.954,3
10613,2015-04-28 22:23:00,10.96,10.96,10.96,10.96,28000,10.96,2
10614,2015-04-28 22:24:00,10.96,10.96,10.94,10.94,46000,10.9409,8
10615,2015-04-28 22:25:00,10.94,10.94,10.92,10.92,120000,10.9337,15
10616,2015-04-28 22:26:00,10.94,10.94,10.94,10.94,54000,10.94,8
10617,2015-04-28 22:27:00,10.96,10.96,10.96,10.96,10000,10.96,3
10618,2015-04-28 22:28:00,10.94,10.96,10.94,10.96,34000,10.9541,6
10619,2015-04-28 22:29:00,10.92,10.96,10.92,10.94,54000,10.94,7
10620,2015-04-28 22:30:00,10.94,10.94,10.94,10.94,14000,10.94,4
10621,2015-04-28 22:31:00,10.96,10.96,10.94,10.94,6000,10.9533,3
10622,2015-04-28 22:32:00,10.96,10.96,10.94,10.96,8000,10.955,4
10623,2015-04-28 22:33:00,10.94,10.96,10.94,10.96,8000,10.945,3
10624,2015-04-28 22:34:00,10.94,10.94,10.9,10.9,136000,10.9291,12
10625,2015-04-28 22:35:00,10.9,10.92,10.9,10.92,36000,10.9178,7
10626,2015-04-28 22:36:00,10.92,10.92,10.92,10.92,24000,10.92,3
10627,2015-04-28 22:37:00,10.9,10.92,10.9,10.9,24000,10.9033,6
10628,2015-04-28 22:38:00,10.92,10.92,10.9,10.9,6000,10.9067,2
10629,2015-04-28 22:39:00,10.92,10.92,10.84,10.86,356000,10.8803,23
10630,2015-04-28 22:40:00,10.84,10.86,10.84,10.86,160000,10.8593,14
10631,2015-04-28 22:41:00,10.86,10.86,10.86,10.86,124000,10.86,7
10632,2015-04-28 22:42:00,10.86,10.9,10.86,10.88,190000,10.8756,7
10633,2015-04-28 22:43:00,10.9,10.9,10.9,10.9,2000,10.9,1
10634,2015-04-28 22:44:00,10.9,10.9,10.88,10.88,76000,10.8805,8
10635,2015-04-28 22:45:00,10.88,10.88,10.88,10.88,14000,10.88,5
10636,2015-04-28 22:46:00,10.88,10.88,10.88,10.88,0,10.88,0
10637,2015-04-28 22:47:00,10.88,10.88,10.86,10.88,214000,10.8798,10
10638,2015-04-28 22:48:00,10.9,10.92,10.86,10.86,94000,10.8996,10
10639,2015-04-28 22:49:00,10.86,10.86,10.86,10.86,50000,10.86,5
10640,2015-04-28 22:50:00,10.86,10.88,10.86,10.86,8000,10.865,3
10641,2015-04-28 22:51:00,10.86,10.9,10.86,10.9,152000,10.88,4
10642,2015-04-28 22:52:00,10.9,10.9,10.9,10.9,2000,10.9,1
10643,2015-04-28 22:53:00,10.9,10.9,10.88,10.9,96000,10.8992,6
10644,2015-04-28 22:54:00,10.9,10.92,10.9,10.9,98000,10.9029,10
10645,2015-04-28 22:55:00,10.92,10.92,10.92,10.92,42000,10.92,1
10646,2015-04-28 22:56:00,10.92,10.92,10.92,10.92,0,10.92,0
10647,2015-04-28 22:57:00,10.94,10.94,10.94,10.94,2000,10.94,1
10648,2015-04-28 22:58:00,10.9,10.94,10.9,10.92,20000,10.918,7
10649,2015-04-28 22:59:00,10.9,10.92,10.9,10.9,56000,10.9007,9
10650,2015-04-28 23:00:00,10.9,10.9,10.9,10.9,4000,10.9,2
10651,2015-04-28 23:01:00,10.92,10.92,10.92,10.92,70000,10.92,8
10652,2015-04-28 23:02:00,10.92,10.92,10.92,10.92,4000,10.92,1
10653,2015-04-28 23:03:00,10.92,10.92,10.9,10.9,4000,10.91,2
10654,2015-04-28 23:04:00,10.92,10.92,10.9,10.9,54000,10.9007,7
10655,2015-04-28 23:05:00,10.92,10.92,10.9,10.9,8000,10.905,2
10656,2015-04-28 23:06:00,10.9,10.92,10.9,10.9,40000,10.907,6
10657,2015-04-28 23:07:00,10.88,10.9,10.88,10.9,126000,10.8994,12
10658,2015-04-28 23:08:00,10.9,10.9,10.9,10.9,26000,10.9,4
10659,2015-04-28 23:09:00,10.92,10.92,10.9,10.9,54000,10.9007,6
10660,2015-04-28 23:10:00,10.92,10.92,10.92,10.92,2000,10.92,1
10661,2015-04-28 23:11:00,10.9,10.94,10.9,10.94,216000,10.92,4
10662,2015-04-28 23:12:00,10.94,10.94,10.94,10.94,4000,10.94,2
10663,2015-04-28 23:13:00,10.94,10.94,10.94,10.94,4000,10.94,2
10664,2015-04-28 23:14:00,10.92,10.92,10.88,10.88,120000,10.9117,11
10665,2015-04-28 23:15:00,10.88,10.88,10.88,10.88,12000,10.88,4
10666,2015-04-28 23:16:00,10.9,10.9,10.9,10.9,2000,10.9,1
10667,2015-04-28 23:17:00,10.9,10.9,10.9,10.9,2000,10.9,1
10668,2015-04-28 23:18:00,10.88,10.9,10.88,10.9,16000,10.8825,5
10669,2015-04-28 23:19:00,10.88,10.88,10.88,10.88,48000,10.88,5
10670,2015-04-28 23:20:00,10.88,10.9,10.88,10.9,20000,10.886,6
10671,2015-04-28 23:21:00,10.88,10.9,10.88,10.9,4000,10.89,2
10672,2015-04-28 23:22:00,10.9,10.9,10.88,10.9,104000,10.8992,6
10673,2015-04-28 23:23:00,10.9,10.9,10.9,10.9,4000,10.9,1
10674,2015-04-28 23:24:00,10.9,10.9,10.86,10.86,68000,10.8888,9
10675,2015-04-28 23:25:00,10.86,10.9,10.86,10.9,4000,10.88,2
10676,2015-04-28 23:26:00,10.9,10.9,10.9,10.9,4000,10.9,2
10677,2015-04-28 23:27:00,10.9,10.9,10.88,10.9,100000,10.8996,5
10678,2015-04-28 23:28:00,10.92,10.92,10.9,10.9,10000,10.904,2
10679,2015-04-28 23:29:00,10.92,10.92,10.9,10.9,52000,10.9008,8
10680,2015-04-28 23:30:00,10.9,10.9,10.9,10.9,20000,10.9,5
10681,2015-04-28 23:31:00,10.9,10.92,10.9,10.92,68000,10.9024,8
10682,2015-04-28 23:32:00,10.9,10.92,10.9,10.92,10000,10.904,3
10683,2015-04-28 23:33:00,10.92,10.92,10.9,10.92,8000,10.915,3
10684,2015-04-28 23:34:00,10.9,10.9,10.9,10.9,58000,10.9,7
10685,2015-04-28 23:35:00,10.9,10.9,10.9,10.9,0,10.9,0
10686,2015-04-28 23:36:00,10.9,10.96,10.9,10.96,266000,10.9293,12
10687,2015-04-28 23:37:00,10.96,10.96,10.96,10.96,0,10.96,0
10688,2015-04-28 23:38:00,10.98,10.98,10.98,10.98,2000,10.98,1
10689,2015-04-28 23:39:00,10.98,10.98,10.96,10.96,54000,10.9607,6
10690,2015-04-28 23:40:00,10.98,10.98,10.98,10.98,4000,10.98,1
10691,2015-04-28 23:41:00,10.98,10.98,10.98,10.98,58000,10.98,1
10692,2015-04-28 23:42:00,10.98,11.0,10.98,10.98,44000,10.9836,6
10693,2015-04-28 23:43:00,11.0,11.0,11.0,11.0,154000,11.0,7
10694,2015-04-28 23:44:00,11.0,11.02,11.0,11.0,160000,11.0133,14
10695,2015-04-28 23:45:00,11.0,11.04,11.0,11.04,36000,11.0311,6
10696,2015-04-28 23:46:00,11.04,11.04,11.04,11.04,16000,11.04,4
10697,2015-04-28 23:47:00,11.04,11.04,11.02,11.02,8000,11.03,4
10698,2015-04-28 23:48:00,11.02,11.02,11.02,11.02,8000,11.02,2
10699,2015-04-28 23:49:00,11.04,11.04,10.98,10.98,84000,11.0171,9
10700,2015-04-28 23:50:00,11.0,11.0,11.0,11.0,24000,11.0,2
10701,2015-04-28 23:51:00,10.98,11.0,10.98,11.0,6000,10.9867,2
10702,2015-04-28 23:52:00,10.98,10.98,10.98,10.98,8000,10.98,2
10703,2015-04-28 23:53:00,10.98,11.0,10.98,10.98,12000,10.9833,6
10704,2015-04-28 23:54:00,10.98,10.98,10.94,10.94,92000,10.9591,9
10705,2015-04-28 23:55:00,10.96,10.96,10.94,10.94,14000,10.9571,4
10706,2015-04-28 23:56:00,10.96,10.98,10.96,10.98,50000,10.9608,3
10707,2015-04-28 23:57:00,10.96,10.96,10.96,10.96,8000,10.96,3
10708,2015-04-28 23:58:00,10.96,10.98,10.96,10.98,42000,10.979,3
10709,2015-04-28 23:59:00,10.96,11.0,10.92,10.92,88000,10.9709,13
10710,2015-04-29 01:00:00,10.9,10.96,10.9,10.96,108000,10.9311,13
10711,2015-04-29 01:01:00,10.98,10.98,10.98,10.98,56000,10.98,6
10712,2015-04-29 01:02:00,10.98,10.98,10.96,10.98,32000,10.9788,7
10713,2015-04-29 01:03:00,10.98,10.98,10.98,10.98,4000,10.98,1
10714,2015-04-29 01:04:00,10.98,11.02,10.98,11.02,144000,10.9969,8
10715,2015-04-29 01:05:00,10.98,11.0,10.98,11.0,30000,10.9827,7
10716,2015-04-29 01:06:00,11.0,11.02,11.0,11.0,6000,11.0067,3
10717,2015-04-29 01:07:00,11.02,11.02,11.02,11.02,2000,11.02,1
10718,2015-04-29 01:08:00,11.0,11.02,11.0,11.0,12000,11.0067,4
10719,2015-04-29 01:09:00,11.02,11.02,10.96,10.96,82000,10.9976,11
10720,2015-04-29 01:10:00,10.98,11.0,10.98,11.0,56000,10.995,6
10721,2015-04-29 01:11:00,11.0,11.0,11.0,11.0,0,11.0,0
10722,2015-04-29 01:12:00,11.0,11.04,11.0,11.04,162000,11.0064,8
10723,2015-04-29 01:13:00,11.04,11.04,11.02,11.02,70000,11.0206,3
10724,2015-04-29 01:14:00,11.0,11.0,11.0,11.0,8000,11.0,2
10725,2015-04-29 01:15:00,10.98,11.02,10.98,11.02,36000,10.9911,9
10726,2015-04-29 01:16:00,10.98,11.04,10.98,11.0,36000,11.0178,5
10727,2015-04-29 01:17:00,11.04,11.04,11.04,11.04,4000,11.04,2
10728,2015-04-29 01:18:00,11.04,11.04,11.04,11.04,130000,11.04,4
10729,2015-04-29 01:19:00,11.06,11.08,11.04,11.04,110000,11.0607,13
10730,2015-04-29 01:20:00,11.02,11.02,11.02,11.02,6000,11.02,3
10731,2015-04-29 01:21:00,11.02,11.02,11.02,11.02,0,11.02,0
10732,2015-04-29 01:22:00,11.08,11.08,11.04,11.04,44000,11.0545,4
10733,2015-04-29 01:23:00,11.04,11.04,11.04,11.04,0,11.04,0
10734,2015-04-29 01:24:00,11.08,11.08,11.04,11.04,24000,11.0433,6
10735,2015-04-29 01:25:00,11.04,11.04,11.02,11.02,40000,11.035,9
10736,2015-04-29 01:26:00,11.04,11.04,11.04,11.04,2000,11.04,1
10737,2015-04-29 01:27:00,11.04,11.04,11.02,11.04,72000,11.0389,7
10738,2015-04-29 01:28:00,11.06,11.06,11.02,11.02,22000,11.04,4
10739,2015-04-29 01:29:00,11.04,11.04,11.02,11.02,32000,11.0213,7
10740,2015-04-29 01:30:00,11.02,11.02,11.0,11.02,94000,11.0174,17
10741,2015-04-29 01:31:00,11.04,11.04,11.04,11.04,4000,11.04,2
10742,2015-04-29 01:32:00,11.04,11.04,11.02,11.04,48000,11.0358,5
10743,2015-04-29 01:33:00,11.04,11.04,11.02,11.04,18000,11.0378,5
10744,2015-04-29 01:34:00,11.04,11.04,11.0,11.0,64000,11.0144,12
10745,2015-04-29 01:35:00,11.0,11.0,11.0,11.0,0,11.0,0
10746,2015-04-29 01:36:00,11.0,11.04,11.0,11.0,46000,11.0113,12
10747,2015-04-29 01:37:00,11.02,11.02,11.0,11.0,30000,11.016,5
10748,2015-04-29 01:38:00,11.02,11.04,11.02,11.04,30000,11.0267,9
10749,2015-04-29 01:39:00,11.02,11.02,10.98,10.98,36000,11.0011,8
10750,2015-04-29 01:40:00,11.04,11.04,10.98,10.98,12000,11.03,2
10751,2015-04-29 01:41:00,11.02,11.02,11.0,11.0,38000,11.0137,3
10752,2015-04-29 01:42:00,11.0,11.0,11.0,11.0,2000,11.0,1
10753,2015-04-29 01:43:00,11.02,11.02,11.0,11.0,6000,11.0067,2
10754,2015-04-29 01:44:00,11.0,11.02,10.98,10.98,50000,11.0016,14
10755,2015-04-29 01:45:00,10.98,11.02,10.98,11.02,6000,11.0067,2
10756,2015-04-29 01:46:00,11.02,11.04,11.0,11.0,52000,11.0223,9
10757,2015-04-29 01:47:00,11.0,11.02,11.0,11.02,14000,11.0143,5
10758,2015-04-29 01:48:00,11.02,11.02,11.0,11.02,18000,11.0111,4
10759,2015-04-29 01:49:00,11.0,11.02,11.0,11.0,34000,11.0035,8
10760,2015-04-29 01:50:00,11.0,11.0,11.0,11.0,2000,11.0,1
10761,2015-04-29 01:51:00,11.02,11.02,11.0,11.0,14000,11.0143,4
10762,2015-04-29 01:52:00,11.0,11.02,11.0,11.02,12000,11.0033,4
10763,2015-04-29 01:53:00,11.02,11.08,11.02,11.08,282000,11.039,18
10764,2015-04-29 01:54:00,11.04,11.04,11.02,11.02,74000,11.0319,8
10765,2015-04-29 01:55:00,11.02,11.02,11.02,11.02,4000,11.02,2
10766,2015-04-29 01:56:00,11.02,11.08,11.02,11.02,10000,11.056,4
10767,2015-04-29 01:57:00,11.06,11.06,11.06,11.06,28000,11.06,3
10768,2015-04-29 01:58:00,11.06,11.06,11.06,11.06,16000,11.06,5
10769,2015-04-29 01:59:00,11.06,11.06,11.02,11.02,58000,11.0497,7
10770,2015-04-29 02:00:00,11.02,11.02,11.02,11.02,154000,11.02,10
10771,2015-04-29 02:01:00,11.04,11.06,11.04,11.04,56000,11.0557,4
10772,2015-04-29 02:02:00,11.08,11.1,11.08,11.1,56000,11.0807,7
10773,2015-04-29 02:03:00,11.1,11.1,11.06,11.08,44000,11.0791,6
10774,2015-04-29 02:04:00,11.08,11.08,11.06,11.06,50000,11.0672,12
10775,2015-04-29 02:05:00,11.1,11.1,11.06,11.06,14000,11.0886,5
10776,2015-04-29 02:06:00,11.1,11.1,11.1,11.1,4000,11.1,2
10777,2015-04-29 02:07:00,11.1,11.1,11.06,11.08,44000,11.08,8
10778,2015-04-29 02:08:00,11.08,11.08,11.06,11.06,12000,11.0767,2
10779,2015-04-29 02:09:00,11.08,11.08,11.04,11.04,52000,11.0585,5
10780,2015-04-29 02:10:00,11.04,11.04,11.02,11.04,62000,11.0348,13
10781,2015-04-29 02:11:00,11.04,11.04,11.04,11.04,2000,11.04,1
10782,2015-04-29 02:12:00,11.06,11.06,11.04,11.04,10000,11.048,5
10783,2015-04-29 02:13:00,11.04,11.04,11.04,11.04,0,11.04,0
10784,2015-04-29 02:14:00,11.04,11.06,11.02,11.02,74000,11.0335,13
10785,2015-04-29 02:15:00,11.02,11.04,11.02,11.04,14000,11.0229,5
10786,2015-04-29 02:16:00,11.02,11.04,11.02,11.02,8000,11.025,3
10787,2015-04-29 02:17:00,11.04,11.06,11.02,11.06,258000,11.0436,17
10788,2015-04-29 02:18:00,11.06,11.08,11.06,11.08,4000,11.07,2
10789,2015-04-29 02:19:00,11.06,11.08,11.04,11.04,96000,11.055,8
10790,2015-04-29 02:20:00,11.04,11.06,11.04,11.04,14000,11.0457,5
10791,2015-04-29 02:21:00,11.04,11.04,11.04,11.04,0,11.04,0
10792,2015-04-29 02:22:00,11.06,11.06,11.06,11.06,12000,11.06,3
10793,2015-04-29 02:23:00,11.06,11.06,11.04,11.06,24000,11.0583,7
10794,2015-04-29 02:24:00,11.04,11.06,11.04,11.04,182000,11.051,9
10795,2015-04-29 02:25:00,11.06,11.06,11.06,11.06,2000,11.06,1
10796,2015-04-29 02:26:00,11.06,11.06,11.06,11.06,0,11.06,0
10797,2015-04-29 02:27:00,11.06,11.06,11.04,11.04,28000,11.0514,6
10798,2015-04-29 02:28:00,11.04,11.06,11.04,11.06,38000,11.0579,5
10799,2015-04-29 02:29:00,11.06,11.06,11.04,11.04,86000,11.0423,15
10800,2015-04-29 02:30:00,11.04,11.06,11.04,11.04,22000,11.0455,4
10801,2015-04-29 02:31:00,11.06,11.06,11.06,11.06,28000,11.06,2
10802,2015-04-29 02:32:00,11.06,11.06,11.04,11.04,32000,11.0438,4
10803,2015-04-29 02:33:00,11.06,11.06,11.04,11.04,8000,11.045,3
10804,2015-04-29 02:34:00,11.06,11.06,11.04,11.04,72000,11.0422,9
10805,2015-04-29 02:35:00,11.04,11.04,11.04,11.04,6000,11.04,2
10806,2015-04-29 02:36:00,11.04,11.06,11.04,11.04,18000,11.0422,4
10807,2015-04-29 02:37:00,11.04,11.04,11.0,11.02,86000,11.0284,11
10808,2015-04-29 02:38:00,11.02,11.02,11.02,11.02,10000,11.02,3
10809,2015-04-29 02:39:00,11.0,11.02,11.0,11.02,96000,11.0046,16
10810,2015-04-29 02:40:00,11.0,11.02,11.0,11.0,210000,11.0021,15
10811,2015-04-29 02:41:00,11.0,11.0,10.98,11.0,104000,10.9942,8
10812,2015-04-29 02:42:00,10.98,10.98,10.98,10.98,6000,10.98,1
10813,2015-04-29 02:43:00,11.0,11.0,11.0,11.0,12000,11.0,2
10814,2015-04-29 02:44:00,10.98,11.0,10.98,10.98,58000,10.9814,10
10815,2015-04-29 02:45:00,10.96,10.98,10.94,10.98,60000,10.9607,11
10816,2015-04-29 02:46:00,10.98,11.04,10.98,11.04,398000,10.9924,23
10817,2015-04-29 02:47:00,11.02,11.02,11.0,11.0,54000,11.0185,6
10818,2015-04-29 02:48:00,11.0,11.0,11.0,11.0,2000,11.0,1
10819,2015-04-29 02:49:00,11.0,11.02,11.0,11.02,22000,11.0036,4
10820,2015-04-29 02:50:00,11.0,11.02,10.96,11.0,130000,10.9914,16
10821,2015-04-29 02:51:00,11.0,11.0,11.0,11.0,0,11.0,0
10822,2015-04-29 02:52:00,10.98,10.98,10.98,10.98,4000,10.98,2
10823,2015-04-29 02:53:00,11.0,11.0,11.0,11.0,14000,11.0,3
10824,2015-04-29 02:54:00,10.98,11.0,10.92,10.92,170000,10.9689,16
10825,2015-04-29 02:55:00,10.98,10.98,10.98,10.98,28000,10.98,1
10826,2015-04-29 02:56:00,10.94,10.96,10.92,10.92,48000,10.935,7
10827,2015-04-29 02:57:00,10.94,10.94,10.9,10.9,130000,10.9295,10
10828,2015-04-29 02:58:00,10.9,10.9,10.9,10.9,0,10.9,0
10829,2015-04-29 02:59:00,10.96,10.98,10.94,10.94,148000,10.9546,14
10830,2015-04-29 03:00:00,10.94,10.94,10.94,10.94,2000,10.94,1
10831,2015-04-29 03:01:00,10.94,10.94,10.94,10.94,0,10.94,0
10832,2015-04-29 03:02:00,10.98,10.98,10.98,10.98,18000,10.98,4
10833,2015-04-29 03:03:00,10.98,10.98,10.98,10.98,26000,10.98,3
10834,2015-04-29 03:04:00,10.98,10.98,10.96,10.96,118000,10.9647,11
10835,2015-04-29 03:05:00,10.96,10.96,10.94,10.94,62000,10.9452,7
10836,2015-04-29 03:06:00,10.96,10.96,10.94,10.94,4000,10.95,2
10837,2015-04-29 03:07:00,10.96,10.96,10.94,10.94,160000,10.9538,5
10838,2015-04-29 03:08:00,10.98,10.98,10.98,10.98,4000,10.98,2
10839,2015-04-29 03:09:00,10.96,10.96,10.94,10.94,66000,10.9497,10
10840,2015-04-29 03:10:00,10.94,10.94,10.94,10.94,2000,10.94,1
10841,2015-04-29 03:11:00,10.94,10.94,10.94,10.94,0,10.94,0
10842,2015-04-29 03:12:00,10.96,10.96,10.94,10.96,16000,10.9575,5
10843,2015-04-29 03:13:00,10.94,10.96,10.94,10.94,10000,10.944,3
10844,2015-04-29 03:14:00,10.94,10.96,10.92,10.92,114000,10.9407,13
10845,2015-04-29 03:15:00,10.92,10.94,10.92,10.94,34000,10.9282,7
10846,2015-04-29 03:16:00,10.92,10.92,10.92,10.92,4000,10.92,1
10847,2015-04-29 03:17:00,10.94,10.94,10.92,10.94,260000,10.9358,11
10848,2015-04-29 03:18:00,10.94,10.94,10.94,10.94,0,10.94,0
10849,2015-04-29 03:19:00,10.94,10.94,10.94,10.94,56000,10.94,6
10850,2015-04-29 03:20:00,10.94,10.94,10.94,10.94,0,10.94,0
10851,2015-04-29 03:21:00,10.94,10.94,10.94,10.94,14000,10.94,2
10852,2015-04-29 03:22:00,10.94,10.96,10.94,10.96,26000,10.9415,5
10853,2015-04-29 03:23:00,10.94,10.94,10.94,10.94,4000,10.94,2
10854,2015-04-29 03:24:00,10.96,10.96,10.9,10.9,150000,10.9224,16
10855,2015-04-29 03:25:00,10.92,10.94,10.9,10.92,236000,10.9288,9
10856,2015-04-29 03:26:00,10.94,10.96,10.94,10.96,76000,10.9595,4
10857,2015-04-29 03:27:00,10.96,10.96,10.94,10.96,56000,10.9593,10
10858,2015-04-29 03:28:00,10.98,10.98,10.98,10.98,4000,10.98,2
10859,2015-04-29 03:29:00,10.98,11.0,10.96,10.96,198000,10.9788,9
10860,2015-04-29 03:30:00,10.96,10.98,10.96,10.98,24000,10.9717,8
10861,2015-04-29 03:31:00,10.98,10.98,10.96,10.98,10000,10.976,3
10862,2015-04-29 03:32:00,10.98,10.98,10.96,10.98,12000,10.9767,4
10863,2015-04-29 03:33:00,10.98,10.98,10.96,10.96,8000,10.97,2
10864,2015-04-29 03:34:00,10.98,10.98,10.9,10.9,260000,10.9457,20
10865,2015-04-29 03:35:00,10.9,10.94,10.9,10.92,80000,10.919,12
10866,2015-04-29 03:36:00,10.94,10.94,10.94,10.94,16000,10.94,1
10867,2015-04-29 03:37:00,10.92,10.94,10.92,10.94,8000,10.93,2
10868,2015-04-29 03:38:00,10.94,10.96,10.92,10.96,276000,10.9374,7
10869,2015-04-29 03:39:00,10.96,10.96,10.9,10.9,60000,10.9333,10
10870,2015-04-29 03:40:00,10.9,10.94,10.9,10.94,22000,10.9291,4
10871,2015-04-29 03:41:00,10.94,10.96,10.94,10.96,160000,10.9525,7
10872,2015-04-29 03:42:00,10.94,10.96,10.94,10.96,50000,10.9592,5
10873,2015-04-29 03:43:00,10.98,10.98,10.96,10.98,16000,10.9775,6
10874,2015-04-29 03:44:00,10.96,10.98,10.94,10.96,130000,10.9594,13
10875,2015-04-29 03:45:00,10.96,10.98,10.96,10.98,6000,10.9733,2
10876,2015-04-29 03:46:00,10.96,10.98,10.96,10.96,26000,10.9708,10
10877,2015-04-29 03:47:00,10.96,10.98,10.96,10.98,28000,10.97,7
10878,2015-04-29 03:48:00,10.98,10.98,10.96,10.98,24000,10.9767,8
10879,2015-04-29 03:49:00,10.96,10.98,10.96,10.96,84000,10.9638,17
10880,2015-04-29 03:50:00,10.98,10.98,10.96,10.98,48000,10.9767,12
10881,2015-04-29 03:51:00,10.98,10.98,10.96,10.98,42000,10.9752,13
10882,2015-04-29 03:52:00,10.98,10.98,10.96,10.98,100000,10.9736,16
10883,2015-04-29 03:53:00,10.96,10.98,10.96,10.96,72000,10.9633,16
10884,2015-04-29 03:54:00,10.96,10.98,10.96,10.96,52000,10.9708,13
10885,2015-04-29 03:55:00,10.96,10.98,10.96,10.96,68000,10.9676,23
10886,2015-04-29 03:56:00,10.96,10.98,10.96,10.96,122000,10.9711,31
10887,2015-04-29 03:57:00,10.98,11.04,10.96,11.02,584000,10.9917,41
10888,2015-04-29 03:58:00,11.02,11.04,11.0,11.02,250000,11.0262,37
10889,2015-04-29 03:59:00,11.0,11.08,11.0,11.0,956000,11.0474,91
10890,2015-04-29 21:30:00,10.86,10.86,10.86,10.86,2000,10.86,1
10891,2015-04-29 21:31:00,10.84,10.86,10.84,10.86,10000,10.856,3
10892,2015-04-29 21:32:00,10.86,10.9,10.86,10.9,200000,10.8876,9
10893,2015-04-29 21:33:00,10.92,10.92,10.9,10.9,24000,10.9133,3
10894,2015-04-29 21:34:00,10.9,10.9,10.9,10.9,8000,10.9,2
10895,2015-04-29 21:35:00,10.9,10.9,10.9,10.9,0,10.9,0
10896,2015-04-29 21:36:00,10.9,10.9,10.82,10.82,94000,10.8774,11
10897,2015-04-29 21:37:00,10.84,10.88,10.84,10.88,196000,10.8514,10
10898,2015-04-29 21:38:00,10.86,10.86,10.84,10.84,6000,10.8467,2
10899,2015-04-29 21:39:00,10.84,10.86,10.84,10.86,10000,10.852,3
10900,2015-04-29 21:40:00,10.84,10.84,10.84,10.84,2000,10.84,1
10901,2015-04-29 21:41:00,10.86,10.86,10.86,10.86,28000,10.86,4
10902,2015-04-29 21:42:00,10.86,10.86,10.86,10.86,40000,10.86,3
10903,2015-04-29 21:43:00,10.84,10.84,10.82,10.82,50000,10.8392,3
10904,2015-04-29 21:44:00,10.84,10.86,10.84,10.86,4000,10.85,2
10905,2015-04-29 21:45:00,10.84,10.84,10.74,10.74,242000,10.816,13
10906,2015-04-29 21:46:00,10.74,10.76,10.74,10.76,62000,10.7587,4
10907,2015-04-29 21:47:00,10.76,10.76,10.76,10.76,38000,10.76,6
10908,2015-04-29 21:48:00,10.76,10.78,10.76,10.78,152000,10.7708,7
10909,2015-04-29 21:49:00,10.78,10.78,10.78,10.78,2000,10.78,1
10910,2015-04-29 21:50:00,10.78,10.78,10.78,10.78,50000,10.78,4
10911,2015-04-29 21:51:00,10.76,10.78,10.76,10.76,28000,10.7743,4
10912,2015-04-29 21:52:00,10.76,10.78,10.76,10.76,14000,10.7714,5
10913,2015-04-29 21:53:00,10.76,10.8,10.76,10.8,118000,10.782,4
10914,2015-04-29 21:54:00,10.8,10.88,10.8,10.86,364000,10.8164,14
10915,2015-04-29 21:55:00,10.86,10.88,10.86,10.86,44000,10.8664,9
10916,2015-04-29 21:56:00,10.86,10.88,10.86,10.88,16000,10.87,4
10917,2015-04-29 21:57:00,10.88,10.88,10.88,10.88,22000,10.88,1
10918,2015-04-29 21:58:00,10.9,10.9,10.88,10.9,20000,10.884,6
10919,2015-04-29 21:59:00,10.88,10.88,10.88,10.88,8000,10.88,2
10920,2015-04-29 22:00:00,10.86,10.86,10.86,10.86,2000,10.86,1
10921,2015-04-29 22:01:00,10.86,10.86,10.86,10.86,2000,10.86,1
10922,2015-04-29 22:02:00,10.86,10.88,10.86,10.86,28000,10.8771,4
10923,2015-04-29 22:03:00,10.88,10.88,10.88,10.88,72000,10.88,7
10924,2015-04-29 22:04:00,10.88,10.88,10.88,10.88,2000,10.88,1
10925,2015-04-29 22:05:00,10.86,10.92,10.86,10.92,288000,10.9054,13
10926,2015-04-29 22:06:00,10.92,10.92,10.92,10.92,2000,10.92,1
10927,2015-04-29 22:07:00,10.94,10.98,10.94,10.96,88000,10.9468,13
10928,2015-04-29 22:08:00,10.98,10.98,10.94,10.94,204000,10.9616,9
10929,2015-04-29 22:09:00,10.92,10.92,10.82,10.82,242000,10.8688,16
10930,2015-04-29 22:10:00,10.84,10.84,10.8,10.84,106000,10.817,4
10931,2015-04-29 22:11:00,10.8,10.8,10.8,10.8,2000,10.8,1
10932,2015-04-29 22:12:00,10.82,10.86,10.82,10.86,58000,10.8421,3
10933,2015-04-29 22:13:00,10.82,10.84,10.82,10.84,6000,10.8333,2
10934,2015-04-29 22:14:00,10.84,10.88,10.82,10.88,60000,10.8647,4
10935,2015-04-29 22:15:00,10.88,10.88,10.88,10.88,0,10.88,0
10936,2015-04-29 22:16:00,10.86,10.88,10.86,10.88,40000,10.878,2
10937,2015-04-29 22:17:00,10.86,10.86,10.86,10.86,2000,10.86,1
10938,2015-04-29 22:18:00,10.9,10.9,10.9,10.9,44000,10.9,2
10939,2015-04-29 22:19:00,10.92,10.92,10.92,10.92,2000,10.92,1
10940,2015-04-29 22:20:00,10.88,10.88,10.84,10.84,116000,10.8683,7
10941,2015-04-29 22:21:00,10.82,10.82,10.8,10.8,32000,10.815,3
10942,2015-04-29 22:22:00,10.8,10.8,10.8,10.8,4000,10.8,1
10943,2015-04-29 22:23:00,10.8,10.8,10.8,10.8,2000,10.8,1
10944,2015-04-29 22:24:00,10.82,10.86,10.82,10.86,208000,10.84,8
10945,2015-04-29 22:25:00,10.86,10.86,10.86,10.86,0,10.86,0
10946,2015-04-29 22:26:00,10.88,10.88,10.88,10.88,10000,10.88,1
10947,2015-04-29 22:27:00,10.88,10.88,10.84,10.84,22000,10.86,5
10948,2015-04-29 22:28:00,10.84,10.84,10.84,10.84,4000,10.84,1
10949,2015-04-29 22:29:00,10.84,10.86,10.82,10.82,36000,10.8489,5
10950,2015-04-29 22:30:00,10.82,10.82,10.82,10.82,0,10.82,0
10951,2015-04-29 22:31:00,10.82,10.82,10.82,10.82,4000,10.82,2
10952,2015-04-29 22:32:00,10.82,10.82,10.82,10.82,2000,10.82,1
10953,2015-04-29 22:33:00,10.82,10.84,10.82,10.84,20000,10.822,6
10954,2015-04-29 22:34:00,10.82,10.82,10.8,10.8,158000,10.8073,6
10955,2015-04-29 22:35:00,10.78,10.78,10.74,10.74,88000,10.77,8
10956,2015-04-29 22:36:00,10.74,10.76,10.74,10.76,122000,10.7587,4
10957,2015-04-29 22:37:00,10.74,10.76,10.74,10.76,10000,10.756,3
10958,2015-04-29 22:38:00,10.78,10.78,10.76,10.76,22000,10.7782,3
10959,2015-04-29 22:39:00,10.78,10.8,10.78,10.8,28000,10.7986,2
10960,2015-04-29 22:40:00,10.82,10.82,10.8,10.8,14000,10.8057,2
10961,2015-04-29 22:41:00,10.8,10.8,10.78,10.78,22000,10.7964,5
10962,2015-04-29 22:42:00,10.82,10.82,10.82,10.82,26000,10.82,1
10963,2015-04-29 22:43:00,10.82,10.82,10.82,10.82,0,10.82,0
10964,2015-04-29 22:44:00,10.8,10.82,10.8,10.8,12000,10.8133,3
10965,2015-04-29 22:45:00,10.8,10.82,10.8,10.8,6000,10.8067,3
10966,2015-04-29 22:46:00,10.82,10.82,10.8,10.8,4000,10.81,2
10967,2015-04-29 22:47:00,10.8,10.8,10.8,10.8,4000,10.8,2
10968,2015-04-29 22:48:00,10.8,10.82,10.8,10.82,8000,10.805,4
10969,2015-04-29 22:49:00,10.82,10.82,10.8,10.8,4000,10.81,2
10970,2015-04-29 22:50:00,10.8,10.8,10.8,10.8,4000,10.8,2
10971,2015-04-29 22:51:00,10.8,10.8,10.8,10.8,14000,10.8,3
10972,2015-04-29 22:52:00,10.8,10.82,10.8,10.82,6000,10.8067,3
10973,2015-04-29 22:53:00,10.8,10.8,10.8,10.8,6000,10.8,3
10974,2015-04-29 22:54:00,10.8,10.8,10.8,10.8,6000,10.8,2
10975,2015-04-29 22:55:00,10.8,10.8,10.76,10.78,136000,10.7944,11
10976,2015-04-29 22:56:00,10.76,10.76,10.74,10.74,68000,10.7588,8
10977,2015-04-29 22:57:00,10.74,10.74,10.72,10.74,70000,10.7394,3
10978,2015-04-29 22:58:00,10.72,10.74,10.72,10.74,70000,10.736,6
10979,2015-04-29 22:59:00,10.74,10.78,10.74,10.78,118000,10.7515,8
10980,2015-04-29 23:00:00,10.78,10.78,10.78,10.78,0,10.78,0
10981,2015-04-29 23:01:00,10.8,10.82,10.8,10.82,92000,10.8087,4
10982,2015-04-29 23:02:00,10.82,10.82,10.82,10.82,92000,10.82,6
10983,2015-04-29 23:03:00,10.8,10.8,10.8,10.8,16000,10.8,2
10984,2015-04-29 23:04:00,10.8,10.84,10.8,10.82,72000,10.8244,7
10985,2015-04-29 23:05:00,10.82,10.84,10.8,10.8,42000,10.8162,4
10986,2015-04-29 23:06:00,10.8,10.8,10.78,10.78,12000,10.7967,2
10987,2015-04-29 23:07:00,10.78,10.8,10.78,10.8,38000,10.7958,4
10988,2015-04-29 23:08:00,10.78,10.82,10.78,10.82,172000,10.8114,8
10989,2015-04-29 23:09:00,10.82,10.82,10.8,10.8,152000,10.815,5
10990,2015-04-29 23:10:00,10.8,10.82,10.8,10.8,28000,10.8071,5
10991,2015-04-29 23:11:00,10.8,10.8,10.8,10.8,34000,10.8,3
10992,2015-04-29 23:12:00,10.78,10.78,10.78,10.78,6000,10.78,3
10993,2015-04-29 23:13:00,10.78,10.78,10.78,10.78,14000,10.78,2
10994,2015-04-29 23:14:00,10.78,10.78,10.78,10.78,4000,10.78,2
10995,2015-04-29 23:15:00,10.78,10.78,10.78,10.78,6000,10.78,3
10996,2015-04-29 23:16:00,10.78,10.78,10.78,10.78,2000,10.78,1
10997,2015-04-29 23:17:00,10.78,10.78,10.78,10.78,6000,10.78,3
10998,2015-04-29 23:18:00,10.78,10.78,10.76,10.76,100000,10.7796,7
10999,2015-04-29 23:19:00,10.76,10.76,10.7,10.7,222000,10.7348,7
11000,2015-04-29 23:20:00,10.72,10.72,10.7,10.72,88000,10.7195,7
11001,2015-04-29 23:21:00,10.7,10.7,10.7,10.7,56000,10.7,3
11002,2015-04-29 23:22:00,10.7,10.7,10.7,10.7,4000,10.7,2
11003,2015-04-29 23:23:00,10.7,10.7,10.7,10.7,134000,10.7,3
11004,2015-04-29 23:24:00,10.68,10.7,10.68,10.7,76000,10.6984,6
11005,2015-04-29 23:25:00,10.7,10.74,10.7,10.74,58000,10.7228,3
11006,2015-04-29 23:26:00,10.76,10.76,10.76,10.76,42000,10.76,4
11007,2015-04-29 23:27:00,10.76,10.76,10.76,10.76,2000,10.76,1
11008,2015-04-29 23:28:00,10.78,10.78,10.76,10.76,6000,10.7733,2
11009,2015-04-29 23:29:00,10.76,10.76,10.76,10.76,2000,10.76,1
11010,2015-04-29 23:30:00,10.76,10.76,10.76,10.76,2000,10.76,1
11011,2015-04-29 23:31:00,10.76,10.76,10.76,10.76,2000,10.76,1
11012,2015-04-29 23:32:00,10.76,10.76,10.76,10.76,2000,10.76,1
11013,2015-04-29 23:33:00,10.76,10.78,10.76,10.78,40000,10.779,5
11014,2015-04-29 23:34:00,10.78,10.78,10.78,10.78,24000,10.78,5
11015,2015-04-29 23:35:00,10.78,10.78,10.78,10.78,0,10.78,0
11016,2015-04-29 23:36:00,10.78,10.78,10.76,10.78,16000,10.7775,3
11017,2015-04-29 23:37:00,10.78,10.78,10.76,10.76,8000,10.775,3
11018,2015-04-29 23:38:00,10.76,10.78,10.76,10.78,28000,10.7786,2
11019,2015-04-29 23:39:00,10.8,10.8,10.8,10.8,10000,10.8,1
11020,2015-04-29 23:40:00,10.8,10.8,10.8,10.8,4000,10.8,2
11021,2015-04-29 23:41:00,10.8,10.8,10.8,10.8,10000,10.8,1
11022,2015-04-29 23:42:00,10.8,10.8,10.8,10.8,74000,10.8,3
11023,2015-04-29 23:43:00,10.8,10.82,10.8,10.82,38000,10.8158,5
11024,2015-04-29 23:44:00,10.82,10.82,10.82,10.82,0,10.82,0
11025,2015-04-29 23:45:00,10.82,10.82,10.8,10.8,62000,10.811,6
11026,2015-04-29 23:46:00,10.8,10.8,10.8,10.8,22000,10.8,2
11027,2015-04-29 23:47:00,10.78,10.82,10.78,10.82,38000,10.8179,2
11028,2015-04-29 23:48:00,10.82,10.82,10.82,10.82,0,10.82,0
11029,2015-04-29 23:49:00,10.84,10.84,10.82,10.82,6000,10.8333,2
11030,2015-04-29 23:50:00,10.82,10.82,10.82,10.82,0,10.82,0
11031,2015-04-29 23:51:00,10.82,10.82,10.8,10.8,400000,10.8198,3
11032,2015-04-29 23:52:00,10.8,10.8,10.8,10.8,10000,10.8,2
11033,2015-04-29 23:53:00,10.8,10.8,10.8,10.8,22000,10.8,1
11034,2015-04-29 23:54:00,10.8,10.8,10.8,10.8,2000,10.8,1
11035,2015-04-29 23:55:00,10.8,10.8,10.8,10.8,2000,10.8,1
11036,2015-04-29 23:56:00,10.8,10.82,10.8,10.82,4000,10.81,2
11037,2015-04-29 23:57:00,10.82,10.82,10.82,10.82,0,10.82,0
11038,2015-04-29 23:58:00,10.82,10.82,10.82,10.82,28000,10.82,2
11039,2015-04-29 23:59:00,10.82,10.84,10.82,10.84,4000,10.83,2
11040,2015-04-30 01:00:00,10.82,10.82,10.82,10.82,78000,10.82,1
11041,2015-04-30 01:01:00,10.8,10.82,10.8,10.82,94000,10.8166,6
11042,2015-04-30 01:02:00,10.82,10.82,10.82,10.82,0,10.82,0
11043,2015-04-30 01:03:00,10.82,10.82,10.82,10.82,0,10.82,0
11044,2015-04-30 01:04:00,10.8,10.8,10.8,10.8,2000,10.8,1
11045,2015-04-30 01:05:00,10.82,10.84,10.82,10.84,92000,10.8326,7
11046,2015-04-30 01:06:00,10.84,10.86,10.84,10.84,108000,10.8415,5
11047,2015-04-30 01:07:00,10.84,10.84,10.84,10.84,0,10.84,0
11048,2015-04-30 01:08:00,10.86,10.86,10.86,10.86,4000,10.86,1
11049,2015-04-30 01:09:00,10.86,10.86,10.86,10.86,2000,10.86,1
11050,2015-04-30 01:10:00,10.86,10.86,10.86,10.86,0,10.86,0
11051,2015-04-30 01:11:00,10.86,10.86,10.86,10.86,12000,10.86,2
11052,2015-04-30 01:12:00,10.86,10.88,10.86,10.86,220000,10.8733,9
11053,2015-04-30 01:13:00,10.9,10.9,10.9,10.9,4000,10.9,1
11054,2015-04-30 01:14:00,10.88,10.9,10.88,10.9,20000,10.898,3
11055,2015-04-30 01:15:00,10.9,10.9,10.88,10.88,8000,10.895,2
11056,2015-04-30 01:16:00,10.9,10.92,10.9,10.9,216000,10.9019,10
11057,2015-04-30 01:17:00,10.92,10.96,10.92,10.96,238000,10.9461,8
11058,2015-04-30 01:18:00,10.94,10.96,10.94,10.94,52000,10.9415,5
11059,2015-04-30 01:19:00,10.94,10.94,10.94,10.94,14000,10.94,2
11060,2015-04-30 01:20:00,10.96,10.96,10.96,10.96,2000,10.96,1
11061,2015-04-30 01:21:00,10.92,10.96,10.92,10.92,54000,10.9259,5
11062,2015-04-30 01:22:00,10.94,10.94,10.92,10.92,6000,10.9267,2
11063,2015-04-30 01:23:00,10.94,10.94,10.94,10.94,22000,10.94,3
11064,2015-04-30 01:24:00,10.92,10.94,10.92,10.94,20000,10.938,4
11065,2015-04-30 01:25:00,10.96,10.96,10.96,10.96,86000,10.96,3
11066,2015-04-30 01:26:00,10.96,10.96,10.94,10.94,44000,10.9491,3
11067,2015-04-30 01:27:00,10.94,10.94,10.94,10.94,18000,10.94,3
11068,2015-04-30 01:28:00,10.94,10.94,10.94,10.94,0,10.94,0
11069,2015-04-30 01:29:00,10.96,10.98,10.96,10.98,36000,10.9611,4
11070,2015-04-30 01:30:00,10.98,10.98,10.96,10.96,26000,10.9615,6
11071,2015-04-30 01:31:00,10.98,10.98,10.96,10.98,110000,10.9785,9
11072,2015-04-30 01:32:00,10.96,10.96,10.96,10.96,2000,10.96,1
11073,2015-04-30 01:33:00,10.96,10.96,10.96,10.96,0,10.96,0
11074,2015-04-30 01:34:00,10.98,10.98,10.96,10.96,40000,10.968,7
11075,2015-04-30 01:35:00,10.96,10.98,10.96,10.98,6000,10.9667,3
11076,2015-04-30 01:36:00,10.98,10.98,10.96,10.96,66000,10.9776,5
11077,2015-04-30 01:37:00,10.96,10.96,10.96,10.96,0,10.96,0
11078,2015-04-30 01:38:00,10.96,11.0,10.96,11.0,46000,10.9809,10
11079,2015-04-30 01:39:00,10.98,11.0,10.98,11.0,50000,10.984,3
11080,2015-04-30 01:40:00,10.98,11.0,10.98,11.0,18000,10.9933,5
11081,2015-04-30 01:41:00,11.0,11.1,11.0,11.02,512000,11.0239,21
11082,2015-04-30 01:42:00,11.08,11.08,11.08,11.08,4000,11.08,1
11083,2015-04-30 01:43:00,11.04,11.06,11.02,11.06,30000,11.04,7
11084,2015-04-30 01:44:00,11.06,11.06,11.04,11.04,30000,11.048,4
11085,2015-04-30 01:45:00,11.04,11.08,11.02,11.02,42000,11.041,5
11086,2015-04-30 01:46:00,11.06,11.06,11.02,11.02,38000,11.0389,4
11087,2015-04-30 01:47:00,11.02,11.02,11.02,11.02,14000,11.02,1
11088,2015-04-30 01:48:00,11.0,11.0,11.0,11.0,72000,11.0,1
11089,2015-04-30 01:49:00,11.02,11.02,11.02,11.02,10000,11.02,1
11090,2015-04-30 01:50:00,11.02,11.02,11.02,11.02,96000,11.02,7
11091,2015-04-30 01:51:00,11.0,11.0,11.0,11.0,2000,11.0,1
11092,2015-04-30 01:52:00,11.0,11.0,11.0,11.0,10000,11.0,1
11093,2015-04-30 01:53:00,11.0,11.0,11.0,11.0,2000,11.0,1
11094,2015-04-30 01:54:00,11.0,11.0,11.0,11.0,2000,11.0,1
11095,2015-04-30 01:55:00,11.02,11.02,11.02,11.02,2000,11.02,1
11096,2015-04-30 01:56:00,11.02,11.04,11.02,11.04,62000,11.0226,4
11097,2015-04-30 01:57:00,11.04,11.04,11.04,11.04,82000,11.04,5
11098,2015-04-30 01:58:00,11.04,11.04,11.04,11.04,10000,11.04,1
11099,2015-04-30 01:59:00,11.06,11.06,11.06,11.06,4000,11.06,2
11100,2015-04-30 02:00:00,11.04,11.06,11.04,11.04,16000,11.0425,5
11101,2015-04-30 02:01:00,11.02,11.02,11.02,11.02,4000,11.02,2
11102,2015-04-30 02:02:00,11.02,11.02,11.02,11.02,2000,11.02,1
11103,2015-04-30 02:03:00,11.02,11.02,11.0,11.02,54000,11.0193,5
11104,2015-04-30 02:04:00,11.02,11.02,11.0,11.02,38000,11.0189,3
11105,2015-04-30 02:05:00,11.0,11.02,11.0,11.02,8000,11.01,3
11106,2015-04-30 02:06:00,11.0,11.0,11.0,11.0,4000,11.0,2
11107,2015-04-30 02:07:00,11.02,11.02,11.02,11.02,2000,11.02,1
11108,2015-04-30 02:08:00,11.0,11.02,11.0,11.0,6000,11.0067,3
11109,2015-04-30 02:09:00,11.0,11.0,11.0,11.0,6000,11.0,1
11110,2015-04-30 02:10:00,11.02,11.02,11.0,11.0,52000,11.0077,4
11111,2015-04-30 02:11:00,11.0,11.0,10.98,11.0,74000,10.9995,5
11112,2015-04-30 02:12:00,10.98,10.98,10.98,10.98,6000,10.98,1
11113,2015-04-30 02:13:00,10.98,10.98,10.96,10.96,46000,10.9739,5
11114,2015-04-30 02:14:00,10.96,10.96,10.96,10.96,24000,10.96,6
11115,2015-04-30 02:15:00,10.96,10.96,10.96,10.96,2000,10.96,1
11116,2015-04-30 02:16:00,10.96,10.96,10.94,10.94,18000,10.9511,4
11117,2015-04-30 02:17:00,10.94,10.98,10.94,10.98,118000,10.9624,6
11118,2015-04-30 02:18:00,11.0,11.0,11.0,11.0,14000,11.0,1
11119,2015-04-30 02:19:00,11.0,11.0,11.0,11.0,0,11.0,0
11120,2015-04-30 02:20:00,10.98,10.98,10.98,10.98,4000,10.98,2
11121,2015-04-30 02:21:00,10.98,10.98,10.98,10.98,28000,10.98,3
11122,2015-04-30 02:22:00,10.98,10.98,10.98,10.98,24000,10.98,3
11123,2015-04-30 02:23:00,10.98,10.98,10.98,10.98,14000,10.98,3
11124,2015-04-30 02:24:00,10.96,10.96,10.96,10.96,2000,10.96,1
11125,2015-04-30 02:25:00,10.96,10.96,10.96,10.96,2000,10.96,1
11126,2015-04-30 02:26:00,10.96,10.96,10.96,10.96,0,10.96,0
11127,2015-04-30 02:27:00,11.0,11.02,11.0,11.0,96000,11.0008,4
11128,2015-04-30 02:28:00,11.02,11.04,11.02,11.04,58000,11.0324,5
11129,2015-04-30 02:29:00,11.04,11.08,11.04,11.04,134000,11.0496,9
11130,2015-04-30 02:30:00,11.04,11.04,11.04,11.04,20000,11.04,1
11131,2015-04-30 02:31:00,11.04,11.04,11.04,11.04,54000,11.04,3
11132,2015-04-30 02:32:00,11.04,11.04,11.04,11.04,8000,11.04,3
11133,2015-04-30 02:33:00,11.04,11.04,11.04,11.04,2000,11.04,1
11134,2015-04-30 02:34:00,11.04,11.04,11.02,11.02,144000,11.0358,12
11135,2015-04-30 02:35:00,11.06,11.06,11.06,11.06,6000,11.06,2
11136,2015-04-30 02:36:00,11.02,11.04,11.02,11.02,56000,11.0379,8
11137,2015-04-30 02:37:00,11.02,11.02,11.02,11.02,10000,11.02,3
11138,2015-04-30 02:38:00,11.02,11.02,11.02,11.02,30000,11.02,3
11139,2015-04-30 02:39:00,11.0,11.0,11.0,11.0,8000,11.0,3
11140,2015-04-30 02:40:00,11.0,11.0,11.0,11.0,0,11.0,0
11141,2015-04-30 02:41:00,11.0,11.0,11.0,11.0,0,11.0,0
11142,2015-04-30 02:42:00,11.0,11.02,10.94,10.94,174000,10.9763,12
11143,2015-04-30 02:43:00,10.96,10.96,10.92,10.92,34000,10.9447,5
11144,2015-04-30 02:44:00,10.92,10.92,10.92,10.92,8000,10.92,3
11145,2015-04-30 02:45:00,10.92,10.92,10.92,10.92,0,10.92,0
11146,2015-04-30 02:46:00,10.92,10.92,10.92,10.92,20000,10.92,1
11147,2015-04-30 02:47:00,10.92,10.92,10.9,10.9,10000,10.904,5
11148,2015-04-30 02:48:00,10.9,10.9,10.88,10.88,56000,10.8971,3
11149,2015-04-30 02:49:00,10.88,10.94,10.88,10.92,112000,10.9182,7
11150,2015-04-30 02:50:00,10.92,10.94,10.92,10.92,10000,10.928,3
11151,2015-04-30 02:51:00,10.92,10.92,10.92,10.92,28000,10.92,5
11152,2015-04-30 02:52:00,10.92,10.92,10.9,10.9,14000,10.9171,3
11153,2015-04-30 02:53:00,10.9,10.9,10.9,10.9,0,10.9,0
11154,2015-04-30 02:54:00,10.9,10.9,10.9,10.9,0,10.9,0
11155,2015-04-30 02:55:00,10.9,10.92,10.9,10.92,24000,10.9167,6
11156,2015-04-30 02:56:00,10.9,10.92,10.86,10.86,288000,10.8964,29
11157,2015-04-30 02:57:00,10.86,10.86,10.86,10.86,4000,10.86,1
11158,2015-04-30 02:58:00,10.86,10.88,10.86,10.88,56000,10.8764,5
11159,2015-04-30 02:59:00,10.88,10.88,10.88,10.88,0,10.88,0
11160,2015-04-30 03:00:00,10.88,10.88,10.88,10.88,0,10.88,0
11161,2015-04-30 03:01:00,10.88,10.88,10.88,10.88,0,10.88,0
11162,2015-04-30 03:02:00,10.88,10.88,10.88,10.88,4000,10.88,2
11163,2015-04-30 03:03:00,10.88,10.88,10.86,10.86,80000,10.8745,8
11164,2015-04-30 03:04:00,10.88,10.88,10.84,10.84,50000,10.8584,5
11165,2015-04-30 03:05:00,10.84,10.84,10.84,10.84,0,10.84,0
11166,2015-04-30 03:06:00,10.82,10.82,10.82,10.82,2000,10.82,1
11167,2015-04-30 03:07:00,10.82,10.82,10.82,10.82,2000,10.82,1
11168,2015-04-30 03:08:00,10.84,10.88,10.84,10.84,46000,10.8557,8
11169,2015-04-30 03:09:00,10.84,10.84,10.84,10.84,0,10.84,0
11170,2015-04-30 03:10:00,10.86,10.88,10.86,10.86,8000,10.87,3
11171,2015-04-30 03:11:00,10.88,10.9,10.88,10.88,88000,10.8836,4
11172,2015-04-30 03:12:00,10.88,10.9,10.88,10.9,12000,10.8967,2
11173,2015-04-30 03:13:00,10.9,10.9,10.9,10.9,0,10.9,0
11174,2015-04-30 03:14:00,10.9,10.9,10.88,10.88,10000,10.896,2
11175,2015-04-30 03:15:00,10.9,10.9,10.88,10.88,14000,10.8971,3
11176,2015-04-30 03:16:00,10.88,10.88,10.88,10.88,2000,10.88,1
11177,2015-04-30 03:17:00,10.9,10.9,10.9,10.9,6000,10.9,1
11178,2015-04-30 03:18:00,10.88,10.88,10.86,10.86,148000,10.8789,5
11179,2015-04-30 03:19:00,10.86,10.86,10.84,10.84,48000,10.8592,4
11180,2015-04-30 03:20:00,10.86,10.86,10.84,10.84,4000,10.85,2
11181,2015-04-30 03:21:00,10.86,10.88,10.84,10.84,132000,10.8612,7
11182,2015-04-30 03:22:00,10.88,10.88,10.84,10.84,178000,10.8769,3
11183,2015-04-30 03:23:00,10.88,10.9,10.88,10.9,16000,10.885,3
11184,2015-04-30 03:24:00,10.9,10.9,10.9,10.9,0,10.9,0
11185,2015-04-30 03:25:00,10.9,10.9,10.86,10.86,6000,10.8733,2
11186,2015-04-30 03:26:00,10.86,10.86,10.86,10.86,4000,10.86,2
11187,2015-04-30 03:27:00,10.88,10.88,10.88,10.88,2000,10.88,1
11188,2015-04-30 03:28:00,10.88,10.88,10.86,10.86,4000,10.87,2
11189,2015-04-30 03:29:00,10.86,10.88,10.86,10.88,4000,10.87,2
11190,2015-04-30 03:30:00,10.88,10.9,10.86,10.88,130000,10.8809,7
11191,2015-04-30 03:31:00,10.88,10.88,10.86,10.86,6000,10.8733,2
11192,2015-04-30 03:32:00,10.9,10.9,10.9,10.9,6000,10.9,1
11193,2015-04-30 03:33:00,10.9,10.94,10.9,10.9,240000,10.9067,12
11194,2015-04-30 03:34:00,10.92,10.94,10.9,10.94,26000,10.9277,6
11195,2015-04-30 03:35:00,10.92,10.94,10.92,10.94,6000,10.9333,2
11196,2015-04-30 03:36:00,10.92,10.92,10.9,10.9,6000,10.9133,2
11197,2015-04-30 03:37:00,10.92,10.92,10.9,10.92,28000,10.9086,7
11198,2015-04-30 03:38:00,10.92,10.92,10.9,10.92,16000,10.9175,4
11199,2015-04-30 03:39:00,10.92,10.92,10.92,10.92,10000,10.92,3
11200,2015-04-30 03:40:00,10.92,10.92,10.9,10.92,46000,10.9174,6
11201,2015-04-30 03:41:00,10.92,10.92,10.9,10.92,96000,10.9196,9
11202,2015-04-30 03:42:00,10.92,10.92,10.92,10.92,46000,10.92,6
11203,2015-04-30 03:43:00,10.94,10.94,10.94,10.94,2000,10.94,1
11204,2015-04-30 03:44:00,10.94,10.98,10.94,10.94,300000,10.9591,18
11205,2015-04-30 03:45:00,10.94,10.94,10.94,10.94,0,10.94,0
11206,2015-04-30 03:46:00,10.92,10.96,10.9,10.92,158000,10.9268,9
11207,2015-04-30 03:47:00,10.92,10.94,10.92,10.92,34000,10.9247,6
11208,2015-04-30 03:48:00,10.94,10.94,10.94,10.94,62000,10.94,8
11209,2015-04-30 03:49:00,10.96,11.0,10.96,11.0,246000,10.9797,11
11210,2015-04-30 03:50:00,10.98,10.98,10.98,10.98,114000,10.98,7
11211,2015-04-30 03:51:00,10.98,10.98,10.98,10.98,36000,10.98,5
11212,2015-04-30 03:52:00,10.98,11.0,10.98,10.98,124000,10.9881,8
11213,2015-04-30 03:53:00,11.0,11.0,10.98,10.98,10000,10.996,2
11214,2015-04-30 03:54:00,11.0,11.0,10.98,11.0,150000,10.9992,8
11215,2015-04-30 03:55:00,11.0,11.0,10.98,11.0,206000,10.9992,11
11216,2015-04-30 03:56:00,10.98,11.02,10.98,11.0,200000,11.0018,16
11217,2015-04-30 03:57:00,10.98,11.02,10.98,11.0,52000,11.0,5
11218,2015-04-30 03:58:00,11.0,11.06,11.0,11.04,590000,11.0308,34
11219,2015-04-30 03:59:00,11.04,11.14,11.04,11.12,3662000,11.1122,119
11220,2015-05-03 21:30:00,11.1,11.3,11.08,11.3,598000,11.222,79
11221,2015-05-03 21:31:00,11.28,11.3,11.22,11.28,66000,11.2697,26
11222,2015-05-03 21:32:00,11.28,11.36,11.24,11.32,228000,11.3082,44
11223,2015-05-03 21:33:00,11.32,11.32,11.32,11.32,0,11.32,0
11224,2015-05-03 21:34:00,11.28,11.32,11.2,11.32,226000,11.2641,25
11225,2015-05-03 21:35:00,11.24,11.26,11.24,11.26,6000,11.2533,2
11226,2015-05-03 21:36:00,11.22,11.22,11.22,11.22,12000,11.22,2
11227,2015-05-03 21:37:00,11.2,11.22,11.2,11.2,38000,11.2011,8
11228,2015-05-03 21:38:00,11.18,11.18,11.14,11.18,36000,11.16,6
11229,2015-05-03 21:39:00,11.1,11.18,11.1,11.16,22000,11.1345,3
11230,2015-05-03 21:40:00,11.14,11.16,11.14,11.16,10000,11.144,3
11231,2015-05-03 21:41:00,11.14,11.14,11.06,11.06,90000,11.1062,15
11232,2015-05-03 21:42:00,11.06,11.08,11.06,11.06,12000,11.0633,4
11233,2015-05-03 21:43:00,11.06,11.06,11.06,11.06,2000,11.06,1
11234,2015-05-03 21:44:00,11.06,11.08,11.06,11.06,18000,11.0733,5
11235,2015-05-03 21:45:00,11.06,11.08,10.98,10.98,142000,11.0358,10
11236,2015-05-03 21:46:00,10.98,11.02,10.96,11.02,278000,10.9783,16
11237,2015-05-03 21:47:00,11.02,11.02,11.02,11.02,0,11.02,0
11238,2015-05-03 21:48:00,10.98,11.0,10.98,11.0,34000,10.9812,2
11239,2015-05-03 21:49:00,10.96,10.96,10.96,10.96,2000,10.96,1
11240,2015-05-03 21:50:00,10.96,10.96,10.9,10.92,154000,10.9249,11
11241,2015-05-03 21:51:00,10.92,10.92,10.92,10.92,0,10.92,0
11242,2015-05-03 21:52:00,10.92,10.96,10.92,10.96,188000,10.9336,7
11243,2015-05-03 21:53:00,10.96,10.96,10.96,10.96,16000,10.96,2
11244,2015-05-03 21:54:00,10.96,10.98,10.96,10.98,66000,10.963,7
11245,2015-05-03 21:55:00,10.98,11.0,10.98,11.0,44000,10.99,4
11246,2015-05-03 21:56:00,11.0,11.0,11.0,11.0,0,11.0,0
11247,2015-05-03 21:57:00,11.0,11.0,10.98,10.98,16000,10.9975,3
11248,2015-05-03 21:58:00,11.0,11.02,11.0,11.02,76000,11.0032,8
11249,2015-05-03 21:59:00,11.02,11.02,11.02,11.02,78000,11.02,2
11250,2015-05-03 22:00:00,11.04,11.06,11.04,11.06,182000,11.0545,8
11251,2015-05-03 22:01:00,11.08,11.08,11.06,11.08,22000,11.0782,4
11252,2015-05-03 22:02:00,11.1,11.1,11.1,11.1,16000,11.1,3
11253,2015-05-03 22:03:00,11.06,11.1,11.06,11.1,34000,11.0894,7
11254,2015-05-03 22:04:00,11.08,11.1,11.06,11.06,16000,11.0775,3
11255,2015-05-03 22:05:00,11.1,11.18,11.1,11.18,354000,11.1163,18
11256,2015-05-03 22:06:00,11.18,11.2,11.18,11.2,10000,11.192,3
11257,2015-05-03 22:07:00,11.18,11.24,11.18,11.22,174000,11.2007,11
11258,2015-05-03 22:08:00,11.18,11.18,11.16,11.18,98000,11.1706,4
11259,2015-05-03 22:09:00,11.18,11.2,11.16,11.18,200000,11.1768,9
11260,2015-05-03 22:10:00,11.18,11.2,11.16,11.2,36000,11.18,4
11261,2015-05-03 22:11:00,11.2,11.2,11.16,11.16,16000,11.19,3
11262,2015-05-03 22:12:00,11.18,11.22,11.18,11.2,214000,11.197,14
11263,2015-05-03 22:13:00,11.2,11.2,11.2,11.2,2000,11.2,1
11264,2015-05-03 22:14:00,11.2,11.24,11.2,11.24,150000,11.2032,8
11265,2015-05-03 22:15:00,11.22,11.24,11.18,11.2,214000,11.1961,13
11266,2015-05-03 22:16:00,11.2,11.22,11.2,11.22,44000,11.2036,3
11267,2015-05-03 22:17:00,11.18,11.22,11.18,11.22,88000,11.1818,5
11268,2015-05-03 22:18:00,11.18,11.2,11.18,11.2,4000,11.19,2
11269,2015-05-03 22:19:00,11.18,11.2,11.18,11.2,28000,11.1971,5
11270,2015-05-03 22:20:00,11.2,11.22,11.2,11.2,18000,11.2022,6
11271,2015-05-03 22:21:00,11.22,11.26,11.2,11.26,76000,11.2247,11
11272,2015-05-03 22:22:00,11.26,11.32,11.26,11.32,212000,11.2775,10
11273,2015-05-03 22:23:00,11.28,11.3,11.28,11.3,36000,11.2833,5
11274,2015-05-03 22:24:00,11.3,11.34,11.3,11.32,220000,11.3096,22
11275,2015-05-03 22:25:00,11.34,11.34,11.3,11.3,180000,11.316,10
11276,2015-05-03 22:26:00,11.3,11.32,11.3,11.32,52000,11.3169,11
11277,2015-05-03 22:27:00,11.32,11.38,11.3,11.38,240000,11.3523,37
11278,2015-05-03 22:28:00,11.36,11.38,11.34,11.38,162000,11.3635,20
11279,2015-05-03 22:29:00,11.36,11.38,11.32,11.32,120000,11.358,12
11280,2015-05-03 22:30:00,11.32,11.4,11.32,11.4,856000,11.3813,23
11281,2015-05-03 22:31:00,11.38,11.46,11.36,11.42,354000,11.4207,11
11282,2015-05-03 22:32:00,11.42,11.5,11.42,11.46,256000,11.4853,8
11283,2015-05-03 22:33:00,11.46,11.5,11.44,11.48,230000,11.4746,18
11284,2015-05-03 22:34:00,11.48,11.54,11.48,11.5,258000,11.5022,9
11285,2015-05-03 22:35:00,11.5,11.52,11.44,11.5,642000,11.5024,14
11286,2015-05-03 22:36:00,11.48,11.52,11.48,11.48,280000,11.5009,6
11287,2015-05-03 22:37:00,11.44,11.44,11.42,11.42,20000,11.436,2
11288,2015-05-03 22:38:00,11.42,11.42,11.42,11.42,0,11.42,0
11289,2015-05-03 22:39:00,11.44,11.44,11.44,11.44,10000,11.44,1
11290,2015-05-03 22:40:00,11.46,11.46,11.42,11.42,44000,11.4391,5
11291,2015-05-03 22:41:00,11.44,11.48,11.44,11.44,114000,11.4467,7
11292,2015-05-03 22:42:00,11.44,11.44,11.44,11.44,2000,11.44,1
11293,2015-05-03 22:43:00,11.44,11.44,11.44,11.44,62000,11.44,4
11294,2015-05-03 22:44:00,11.44,11.46,11.44,11.46,34000,11.4459,6
11295,2015-05-03 22:45:00,11.46,11.48,11.46,11.46,84000,11.4614,6
11296,2015-05-03 22:46:00,11.46,11.46,11.46,11.46,18000,11.46,4
11297,2015-05-03 22:47:00,11.46,11.46,11.44,11.44,100000,11.4572,5
11298,2015-05-03 22:48:00,11.44,11.46,11.44,11.46,52000,11.4577,7
11299,2015-05-03 22:49:00,11.46,11.46,11.46,11.46,18000,11.46,1
11300,2015-05-03 22:50:00,11.46,11.46,11.46,11.46,50000,11.46,6
11301,2015-05-03 22:51:00,11.46,11.46,11.46,11.46,34000,11.46,2
11302,2015-05-03 22:52:00,11.46,11.46,11.46,11.46,0,11.46,0
11303,2015-05-03 22:53:00,11.44,11.46,11.44,11.46,18000,11.4489,2
11304,2015-05-03 22:54:00,11.48,11.48,11.46,11.46,12000,11.4633,2
11305,2015-05-03 22:55:00,11.46,11.48,11.46,11.46,94000,11.4668,6
11306,2015-05-03 22:56:00,11.46,11.46,11.46,11.46,2000,11.46,1
11307,2015-05-03 22:57:00,11.46,11.48,11.46,11.48,12000,11.4767,3
11308,2015-05-03 22:58:00,11.46,11.48,11.46,11.48,62000,11.4787,5
11309,2015-05-03 22:59:00,11.48,11.48,11.46,11.46,74000,11.4784,4
11310,2015-05-03 23:00:00,11.46,11.46,11.46,11.46,60000,11.46,2
11311,2015-05-03 23:01:00,11.44,11.44,11.44,11.44,4000,11.44,2
11312,2015-05-03 23:02:00,11.44,11.44,11.44,11.44,2000,11.44,1
11313,2015-05-03 23:03:00,11.44,11.44,11.44,11.44,8000,11.44,3
11314,2015-05-03 23:04:00,11.46,11.46,11.44,11.44,8000,11.455,3
11315,2015-05-03 23:05:00,11.44,11.44,11.44,11.44,68000,11.44,5
11316,2015-05-03 23:06:00,11.42,11.42,11.4,11.4,42000,11.4086,9
11317,2015-05-03 23:07:00,11.38,11.38,11.38,11.38,10000,11.38,1
11318,2015-05-03 23:08:00,11.38,11.38,11.38,11.38,0,11.38,0
11319,2015-05-03 23:09:00,11.38,11.38,11.38,11.38,6000,11.38,2
11320,2015-05-03 23:10:00,11.4,11.44,11.4,11.44,118000,11.4125,6
11321,2015-05-03 23:11:00,11.44,11.48,11.44,11.44,456000,11.4625,8
11322,2015-05-03 23:12:00,11.48,11.54,11.48,11.54,286000,11.4989,8
11323,2015-05-03 23:13:00,11.54,11.54,11.54,11.54,10000,11.54,2
11324,2015-05-03 23:14:00,11.54,11.6,11.54,11.6,746000,11.5703,27
11325,2015-05-03 23:15:00,11.58,11.62,11.58,11.6,192000,11.5919,7
11326,2015-05-03 23:16:00,11.6,11.6,11.5,11.56,68000,11.5676,9
11327,2015-05-03 23:17:00,11.54,11.56,11.54,11.56,68000,11.5459,4
11328,2015-05-03 23:18:00,11.52,11.56,11.52,11.54,36000,11.5322,4
11329,2015-05-03 23:19:00,11.54,11.56,11.54,11.54,18000,11.5422,5
11330,2015-05-03 23:20:00,11.56,11.56,11.54,11.56,58000,11.5476,6
11331,2015-05-03 23:21:00,11.56,11.6,11.56,11.6,358000,11.5845,18
11332,2015-05-03 23:22:00,11.6,11.62,11.58,11.62,770000,11.5992,16
11333,2015-05-03 23:23:00,11.62,11.62,11.62,11.62,214000,11.62,9
11334,2015-05-03 23:24:00,11.64,11.64,11.62,11.62,222000,11.6232,13
11335,2015-05-03 23:25:00,11.62,11.62,11.58,11.58,144000,11.6014,5
11336,2015-05-03 23:26:00,11.58,11.58,11.58,11.58,4000,11.58,1
11337,2015-05-03 23:27:00,11.58,11.58,11.58,11.58,0,11.58,0
11338,2015-05-03 23:28:00,11.56,11.56,11.56,11.56,12000,11.56,2
11339,2015-05-03 23:29:00,11.56,11.56,11.56,11.56,0,11.56,0
11340,2015-05-03 23:30:00,11.58,11.6,11.58,11.6,74000,11.587,6
11341,2015-05-03 23:31:00,11.6,11.6,11.6,11.6,10000,11.6,1
11342,2015-05-03 23:32:00,11.58,11.58,11.58,11.58,4000,11.58,1
11343,2015-05-03 23:33:00,11.6,11.6,11.58,11.58,30000,11.5853,5
11344,2015-05-03 23:34:00,11.58,11.58,11.58,11.58,10000,11.58,4
11345,2015-05-03 23:35:00,11.58,11.58,11.58,11.58,0,11.58,0
11346,2015-05-03 23:36:00,11.58,11.58,11.58,11.58,2000,11.58,1
11347,2015-05-03 23:37:00,11.6,11.6,11.58,11.58,18000,11.5911,5
11348,2015-05-03 23:38:00,11.58,11.58,11.58,11.58,2000,11.58,1
11349,2015-05-03 23:39:00,11.6,11.6,11.58,11.58,10000,11.592,4
11350,2015-05-03 23:40:00,11.58,11.58,11.56,11.56,172000,11.5691,14
11351,2015-05-03 23:41:00,11.56,11.56,11.56,11.56,0,11.56,0
11352,2015-05-03 23:42:00,11.56,11.56,11.56,11.56,20000,11.56,2
11353,2015-05-03 23:43:00,11.54,11.54,11.52,11.52,26000,11.5292,5
11354,2015-05-03 23:44:00,11.5,11.5,11.5,11.5,46000,11.5,5
11355,2015-05-03 23:45:00,11.5,11.5,11.5,11.5,8000,11.5,2
11356,2015-05-03 23:46:00,11.5,11.5,11.5,11.5,2000,11.5,1
11357,2015-05-03 23:47:00,11.5,11.5,11.5,11.5,10000,11.5,1
11358,2015-05-03 23:48:00,11.5,11.5,11.5,11.5,0,11.5,0
11359,2015-05-03 23:49:00,11.5,11.5,11.5,11.5,0,11.5,0
11360,2015-05-03 23:50:00,11.5,11.5,11.5,11.5,20000,11.5,3
11361,2015-05-03 23:51:00,11.5,11.52,11.5,11.52,36000,11.5033,6
11362,2015-05-03 23:52:00,11.5,11.5,11.5,11.5,14000,11.5,6
11363,2015-05-03 23:53:00,11.5,11.52,11.5,11.52,36000,11.5022,4
11364,2015-05-03 23:54:00,11.52,11.52,11.52,11.52,0,11.52,0
11365,2015-05-03 23:55:00,11.5,11.52,11.5,11.52,16000,11.5025,2
11366,2015-05-03 23:56:00,11.52,11.52,11.52,11.52,0,11.52,0
11367,2015-05-03 23:57:00,11.52,11.52,11.52,11.52,68000,11.52,3
11368,2015-05-03 23:58:00,11.54,11.54,11.5,11.5,18000,11.5267,2
11369,2015-05-03 23:59:00,11.54,11.54,11.54,11.54,18000,11.54,6
11370,2015-05-04 01:00:00,11.54,11.54,11.5,11.5,98000,11.5143,10
11371,2015-05-04 01:01:00,11.52,11.54,11.52,11.54,18000,11.5222,4
11372,2015-05-04 01:02:00,11.54,11.58,11.54,11.58,156000,11.5546,11
11373,2015-05-04 01:03:00,11.58,11.58,11.58,11.58,58000,11.58,4
11374,2015-05-04 01:04:00,11.58,11.6,11.58,11.6,56000,11.5836,11
11375,2015-05-04 01:05:00,11.6,11.66,11.58,11.66,562000,11.6246,13
11376,2015-05-04 01:06:00,11.66,11.66,11.66,11.66,0,11.66,0
11377,2015-05-04 01:07:00,11.64,11.64,11.64,11.64,44000,11.64,4
11378,2015-05-04 01:08:00,11.64,11.66,11.6,11.6,98000,11.6396,6
11379,2015-05-04 01:09:00,11.58,11.6,11.58,11.6,32000,11.5988,6
11380,2015-05-04 01:10:00,11.6,11.6,11.58,11.58,14000,11.5943,2
11381,2015-05-04 01:11:00,11.58,11.6,11.58,11.6,12000,11.5867,3
11382,2015-05-04 01:12:00,11.58,11.58,11.58,11.58,2000,11.58,1
11383,2015-05-04 01:13:00,11.58,11.58,11.56,11.56,20000,11.578,6
11384,2015-05-04 01:14:00,11.56,11.56,11.54,11.54,48000,11.5567,3
11385,2015-05-04 01:15:00,11.52,11.52,11.52,11.52,4000,11.52,1
11386,2015-05-04 01:16:00,11.54,11.54,11.54,11.54,20000,11.54,1
11387,2015-05-04 01:17:00,11.54,11.54,11.54,11.54,4000,11.54,1
11388,2015-05-04 01:18:00,11.54,11.54,11.54,11.54,14000,11.54,2
11389,2015-05-04 01:19:00,11.54,11.54,11.54,11.54,0,11.54,0
11390,2015-05-04 01:20:00,11.54,11.54,11.54,11.54,0,11.54,0
11391,2015-05-04 01:21:00,11.54,11.54,11.52,11.52,86000,11.5279,5
11392,2015-05-04 01:22:00,11.52,11.52,11.52,11.52,4000,11.52,1
11393,2015-05-04 01:23:00,11.52,11.52,11.52,11.52,2000,11.52,1
11394,2015-05-04 01:24:00,11.52,11.52,11.5,11.52,26000,11.5169,3
11395,2015-05-04 01:25:00,11.52,11.52,11.52,11.52,0,11.52,0
11396,2015-05-04 01:26:00,11.54,11.54,11.54,11.54,12000,11.54,1
11397,2015-05-04 01:27:00,11.52,11.52,11.52,11.52,40000,11.52,3
11398,2015-05-04 01:28:00,11.5,11.5,11.46,11.46,76000,11.4905,12
11399,2015-05-04 01:29:00,11.48,11.52,11.48,11.5,232000,11.4943,4
11400,2015-05-04 01:30:00,11.5,11.54,11.5,11.54,110000,11.5364,3
11401,2015-05-04 01:31:00,11.54,11.56,11.54,11.56,300000,11.5591,6
11402,2015-05-04 01:32:00,11.56,11.58,11.56,11.56,324000,11.5601,7
11403,2015-05-04 01:33:00,11.58,11.6,11.56,11.56,156000,11.5882,5
11404,2015-05-04 01:34:00,11.6,11.62,11.6,11.62,106000,11.6008,5
11405,2015-05-04 01:35:00,11.6,11.62,11.6,11.62,76000,11.6105,5
11406,2015-05-04 01:36:00,11.6,11.64,11.58,11.58,106000,11.6121,5
11407,2015-05-04 01:37:00,11.58,11.58,11.58,11.58,60000,11.58,1
11408,2015-05-04 01:38:00,11.56,11.56,11.56,11.56,2000,11.56,1
11409,2015-05-04 01:39:00,11.56,11.56,11.56,11.56,0,11.56,0
11410,2015-05-04 01:40:00,11.56,11.56,11.56,11.56,0,11.56,0
11411,2015-05-04 01:41:00,11.56,11.56,11.56,11.56,0,11.56,0
11412,2015-05-04 01:42:00,11.56,11.56,11.54,11.54,46000,11.5565,6
11413,2015-05-04 01:43:00,11.54,11.56,11.52,11.56,166000,11.5492,9
11414,2015-05-04 01:44:00,11.56,11.58,11.56,11.58,50000,11.576,2
11415,2015-05-04 01:45:00,11.54,11.56,11.54,11.54,38000,11.5558,3
11416,2015-05-04 01:46:00,11.52,11.52,11.52,11.52,4000,11.52,1
11417,2015-05-04 01:47:00,11.52,11.56,11.52,11.56,40000,11.524,2
11418,2015-05-04 01:48:00,11.56,11.56,11.56,11.56,16000,11.56,2
11419,2015-05-04 01:49:00,11.58,11.6,11.58,11.6,142000,11.5955,3
11420,2015-05-04 01:50:00,11.6,11.64,11.58,11.64,498000,11.6257,7
11421,2015-05-04 01:51:00,11.66,11.68,11.66,11.68,192000,11.6692,7
11422,2015-05-04 01:52:00,11.68,11.7,11.68,11.68,90000,11.6804,5
11423,2015-05-04 01:53:00,11.68,11.68,11.66,11.66,16000,11.675,2
11424,2015-05-04 01:54:00,11.66,11.66,11.66,11.66,0,11.66,0
11425,2015-05-04 01:55:00,11.66,11.66,11.66,11.66,0,11.66,0
11426,2015-05-04 01:56:00,11.66,11.66,11.66,11.66,130000,11.66,5
11427,2015-05-04 01:57:00,11.64,11.64,11.64,11.64,10000,11.64,2
11428,2015-05-04 01:58:00,11.64,11.64,11.64,11.64,30000,11.64,4
11429,2015-05-04 01:59:00,11.64,11.64,11.64,11.64,6000,11.64,1
11430,2015-05-04 02:00:00,11.64,11.66,11.64,11.66,152000,11.6571,7
11431,2015-05-04 02:01:00,11.66,11.66,11.66,11.66,0,11.66,0
11432,2015-05-04 02:02:00,11.68,11.68,11.68,11.68,14000,11.68,1
11433,2015-05-04 02:03:00,11.66,11.68,11.66,11.68,286000,11.6745,13
11434,2015-05-04 02:04:00,11.66,11.68,11.66,11.68,62000,11.6729,3
11435,2015-05-04 02:05:00,11.68,11.68,11.64,11.64,156000,11.6744,10
11436,2015-05-04 02:06:00,11.64,11.64,11.64,11.64,0,11.64,0
11437,2015-05-04 02:07:00,11.64,11.64,11.64,11.64,72000,11.64,7
11438,2015-05-04 02:08:00,11.62,11.62,11.62,11.62,10000,11.62,1
11439,2015-05-04 02:09:00,11.62,11.62,11.62,11.62,0,11.62,0
11440,2015-05-04 02:10:00,11.62,11.62,11.62,11.62,4000,11.62,1
11441,2015-05-04 02:11:00,11.62,11.62,11.62,11.62,4000,11.62,1
11442,2015-05-04 02:12:00,11.64,11.64,11.62,11.62,36000,11.6311,3
11443,2015-05-04 02:13:00,11.62,11.64,11.62,11.62,78000,11.6369,6
11444,2015-05-04 02:14:00,11.6,11.6,11.58,11.58,32000,11.5975,4
11445,2015-05-04 02:15:00,11.58,11.58,11.56,11.56,16000,11.5675,2
11446,2015-05-04 02:16:00,11.56,11.56,11.56,11.56,0,11.56,0
11447,2015-05-04 02:17:00,11.6,11.6,11.58,11.58,24000,11.5933,3
11448,2015-05-04 02:18:00,11.6,11.6,11.6,11.6,16000,11.6,3
11449,2015-05-04 02:19:00,11.6,11.6,11.6,11.6,8000,11.6,2
11450,2015-05-04 02:20:00,11.6,11.62,11.6,11.6,48000,11.6058,4
11451,2015-05-04 02:21:00,11.62,11.64,11.62,11.62,68000,11.6229,5
11452,2015-05-04 02:22:00,11.64,11.64,11.64,11.64,40000,11.64,3
11453,2015-05-04 02:23:00,11.64,11.64,11.64,11.64,42000,11.64,2
11454,2015-05-04 02:24:00,11.64,11.64,11.64,11.64,0,11.64,0
11455,2015-05-04 02:25:00,11.64,11.66,11.64,11.64,160000,11.6408,7
11456,2015-05-04 02:26:00,11.66,11.66,11.64,11.64,142000,11.6569,3
11457,2015-05-04 02:27:00,11.64,11.66,11.64,11.66,64000,11.6538,3
11458,2015-05-04 02:28:00,11.68,11.68,11.66,11.66,58000,11.6634,4
11459,2015-05-04 02:29:00,11.66,11.68,11.66,11.66,108000,11.6693,6
11460,2015-05-04 02:30:00,11.68,11.68,11.64,11.64,88000,11.6718,5
11461,2015-05-04 02:31:00,11.64,11.64,11.64,11.64,18000,11.64,1
11462,2015-05-04 02:32:00,11.66,11.66,11.66,11.66,46000,11.66,2
11463,2015-05-04 02:33:00,11.68,11.68,11.68,11.68,30000,11.68,1
11464,2015-05-04 02:34:00,11.68,11.68,11.68,11.68,206000,11.68,6
11465,2015-05-04 02:35:00,11.68,11.7,11.68,11.7,212000,11.697,8
11466,2015-05-04 02:36:00,11.7,11.7,11.7,11.7,114000,11.7,5
11467,2015-05-04 02:37:00,11.68,11.72,11.68,11.72,174000,11.7156,5
11468,2015-05-04 02:38:00,11.7,11.74,11.7,11.74,202000,11.735,6
11469,2015-05-04 02:39:00,11.74,11.76,11.74,11.76,364000,11.7568,7
11470,2015-05-04 02:40:00,11.76,11.76,11.74,11.76,154000,11.7587,7
11471,2015-05-04 02:41:00,11.78,11.8,11.76,11.78,410000,11.7874,12
11472,2015-05-04 02:42:00,11.78,11.78,11.78,11.78,18000,11.78,5
11473,2015-05-04 02:43:00,11.8,11.82,11.8,11.8,372000,11.8061,11
11474,2015-05-04 02:44:00,11.8,11.82,11.78,11.8,116000,11.8028,10
11475,2015-05-04 02:45:00,11.8,11.82,11.8,11.82,278000,11.8118,8
11476,2015-05-04 02:46:00,11.82,11.84,11.82,11.82,70000,11.8291,6
11477,2015-05-04 02:47:00,11.82,11.82,11.82,11.82,18000,11.82,1
11478,2015-05-04 02:48:00,11.82,11.84,11.82,11.82,128000,11.8334,5
11479,2015-05-04 02:49:00,11.8,11.82,11.78,11.82,112000,11.8089,5
11480,2015-05-04 02:50:00,11.8,11.82,11.8,11.8,158000,11.8018,6
11481,2015-05-04 02:51:00,11.8,11.82,11.8,11.8,158000,11.8137,7
11482,2015-05-04 02:52:00,11.8,11.82,11.8,11.82,148000,11.8181,8
11483,2015-05-04 02:53:00,11.84,11.84,11.78,11.78,50000,11.8176,6
11484,2015-05-04 02:54:00,11.84,11.84,11.78,11.82,228000,11.8247,11
11485,2015-05-04 02:55:00,11.84,11.84,11.82,11.82,58000,11.8372,3
11486,2015-05-04 02:56:00,11.82,11.84,11.82,11.84,72000,11.825,4
11487,2015-05-04 02:57:00,11.82,11.82,11.8,11.8,36000,11.81,4
11488,2015-05-04 02:58:00,11.82,11.82,11.78,11.78,132000,11.8,7
11489,2015-05-04 02:59:00,11.8,11.8,11.78,11.78,78000,11.7995,8
11490,2015-05-04 03:00:00,11.78,11.78,11.78,11.78,60000,11.78,3
11491,2015-05-04 03:01:00,11.78,11.78,11.78,11.78,24000,11.78,3
11492,2015-05-04 03:02:00,11.8,11.8,11.78,11.78,28000,11.7829,3
11493,2015-05-04 03:03:00,11.78,11.78,11.78,11.78,0,11.78,0
11494,2015-05-04 03:04:00,11.8,11.8,11.78,11.78,18000,11.7889,2
11495,2015-05-04 03:05:00,11.78,11.78,11.78,11.78,0,11.78,0
11496,2015-05-04 03:06:00,11.78,11.78,11.78,11.78,0,11.78,0
11497,2015-05-04 03:07:00,11.8,11.8,11.8,11.8,108000,11.8,4
11498,2015-05-04 03:08:00,11.8,11.82,11.8,11.82,22000,11.8127,2
11499,2015-05-04 03:09:00,11.8,11.8,11.78,11.78,132000,11.7964,9
11500,2015-05-04 03:10:00,11.76,11.76,11.76,11.76,66000,11.76,8
11501,2015-05-04 03:11:00,11.74,11.76,11.74,11.76,16000,11.755,2
11502,2015-05-04 03:12:00,11.76,11.76,11.72,11.76,116000,11.7441,10
11503,2015-05-04 03:13:00,11.76,11.76,11.76,11.76,4000,11.76,1
11504,2015-05-04 03:14:00,11.76,11.76,11.76,11.76,0,11.76,0
11505,2015-05-04 03:15:00,11.76,11.76,11.76,11.76,100000,11.76,1
11506,2015-05-04 03:16:00,11.76,11.76,11.76,11.76,40000,11.76,4
11507,2015-05-04 03:17:00,11.76,11.76,11.74,11.74,12000,11.7567,2
11508,2015-05-04 03:18:00,11.76,11.76,11.74,11.74,34000,11.7482,3
11509,2015-05-04 03:19:00,11.76,11.76,11.72,11.72,94000,11.7417,3
11510,2015-05-04 03:20:00,11.76,11.76,11.72,11.72,30000,11.7373,8
11511,2015-05-04 03:21:00,11.7,11.72,11.7,11.7,52000,11.7123,8
11512,2015-05-04 03:22:00,11.7,11.72,11.66,11.66,36000,11.7011,7
11513,2015-05-04 03:23:00,11.68,11.68,11.68,11.68,60000,11.68,2
11514,2015-05-04 03:24:00,11.7,11.7,11.66,11.66,40000,11.681,7
11515,2015-05-04 03:25:00,11.66,11.68,11.66,11.68,90000,11.6782,7
11516,2015-05-04 03:26:00,11.7,11.7,11.7,11.7,12000,11.7,1
11517,2015-05-04 03:27:00,11.7,11.7,11.68,11.68,28000,11.6943,4
11518,2015-05-04 03:28:00,11.7,11.7,11.68,11.68,14000,11.6971,2
11519,2015-05-04 03:29:00,11.7,11.7,11.68,11.7,38000,11.6968,6
11520,2015-05-04 03:30:00,11.7,11.7,11.68,11.7,258000,11.6997,6
11521,2015-05-04 03:31:00,11.7,11.7,11.7,11.7,26000,11.7,2
11522,2015-05-04 03:32:00,11.7,11.7,11.7,11.7,26000,11.7,3
11523,2015-05-04 03:33:00,11.7,11.72,11.7,11.72,72000,11.7039,4
11524,2015-05-04 03:34:00,11.72,11.72,11.7,11.7,42000,11.7124,5
11525,2015-05-04 03:35:00,11.72,11.72,11.72,11.72,26000,11.72,3
11526,2015-05-04 03:36:00,11.72,11.72,11.72,11.72,28000,11.72,3
11527,2015-05-04 03:37:00,11.7,11.72,11.7,11.72,52000,11.7115,6
11528,2015-05-04 03:38:00,11.7,11.7,11.66,11.66,144000,11.6814,9
11529,2015-05-04 03:39:00,11.66,11.68,11.66,11.66,28000,11.6714,4
11530,2015-05-04 03:40:00,11.66,11.68,11.66,11.66,50000,11.6664,7
11531,2015-05-04 03:41:00,11.64,11.68,11.64,11.64,36000,11.6556,3
11532,2015-05-04 03:42:00,11.68,11.68,11.66,11.66,48000,11.6667,3
11533,2015-05-04 03:43:00,11.66,11.68,11.66,11.66,22000,11.6727,3
11534,2015-05-04 03:44:00,11.68,11.68,11.68,11.68,16000,11.68,1
11535,2015-05-04 03:45:00,11.66,11.68,11.66,11.66,86000,11.6642,7
11536,2015-05-04 03:46:00,11.64,11.64,11.64,11.64,86000,11.64,8
11537,2015-05-04 03:47:00,11.66,11.66,11.64,11.64,32000,11.6513,5
11538,2015-05-04 03:48:00,11.64,11.66,11.64,11.66,22000,11.6564,2
11539,2015-05-04 03:49:00,11.66,11.7,11.66,11.68,172000,11.6698,5
11540,2015-05-04 03:50:00,11.7,11.72,11.7,11.72,298000,11.7034,7
11541,2015-05-04 03:51:00,11.72,11.72,11.7,11.7,56000,11.7114,8
11542,2015-05-04 03:52:00,11.72,11.76,11.72,11.76,252000,11.737,15
11543,2015-05-04 03:53:00,11.76,11.78,11.72,11.72,534000,11.7489,10
11544,2015-05-04 03:54:00,11.72,11.72,11.7,11.7,64000,11.715,5
11545,2015-05-04 03:55:00,11.72,11.76,11.72,11.76,358000,11.7285,6
11546,2015-05-04 03:56:00,11.76,11.78,11.76,11.78,138000,11.7609,5
11547,2015-05-04 03:57:00,11.76,11.8,11.74,11.74,424000,11.7695,18
11548,2015-05-04 03:58:00,11.76,11.8,11.72,11.74,362000,11.7612,26
11549,2015-05-04 03:59:00,11.74,11.76,11.7,11.76,830000,11.7294,69
11550,2015-05-04 21:30:00,11.82,11.82,11.76,11.78,110000,11.8029,34
11551,2015-05-04 21:31:00,11.8,11.84,11.8,11.82,114000,11.8151,20
11552,2015-05-04 21:32:00,11.84,11.9,11.84,11.84,130000,11.8618,16
11553,2015-05-04 21:33:00,11.84,11.86,11.82,11.82,42000,11.8381,7
11554,2015-05-04 21:34:00,11.86,11.86,11.8,11.84,80000,11.8215,10
11555,2015-05-04 21:35:00,11.82,11.84,11.78,11.8,102000,11.8016,21
11556,2015-05-04 21:36:00,11.8,11.8,11.76,11.78,38000,11.7884,8
11557,2015-05-04 21:37:00,11.76,11.78,11.74,11.74,68000,11.7618,11
11558,2015-05-04 21:38:00,11.72,11.72,11.7,11.7,32000,11.7013,6
11559,2015-05-04 21:39:00,11.68,11.7,11.66,11.66,150000,11.6723,18
11560,2015-05-04 21:40:00,11.62,11.66,11.6,11.66,28000,11.6214,6
11561,2015-05-04 21:41:00,11.6,11.66,11.6,11.66,104000,11.6046,10
11562,2015-05-04 21:42:00,11.64,11.66,11.62,11.66,88000,11.6391,13
11563,2015-05-04 21:43:00,11.64,11.64,11.6,11.6,64000,11.6144,16
11564,2015-05-04 21:44:00,11.6,11.64,11.6,11.64,14000,11.6057,3
11565,2015-05-04 21:45:00,11.62,11.64,11.62,11.64,8000,11.625,2
11566,2015-05-04 21:46:00,11.64,11.66,11.62,11.66,190000,11.644,13
11567,2015-05-04 21:47:00,11.66,11.68,11.66,11.68,62000,11.6703,14
11568,2015-05-04 21:48:00,11.66,11.66,11.66,11.66,84000,11.66,5
11569,2015-05-04 21:49:00,11.64,11.64,11.64,11.64,48000,11.64,6
11570,2015-05-04 21:50:00,11.66,11.7,11.64,11.68,40000,11.671,11
11571,2015-05-04 21:51:00,11.68,11.68,11.64,11.64,30000,11.656,11
11572,2015-05-04 21:52:00,11.64,11.64,11.64,11.64,8000,11.64,1
11573,2015-05-04 21:53:00,11.62,11.64,11.62,11.62,120000,11.621,11
11574,2015-05-04 21:54:00,11.62,11.66,11.62,11.64,30000,11.6427,9
11575,2015-05-04 21:55:00,11.62,11.64,11.62,11.64,82000,11.622,4
11576,2015-05-04 21:56:00,11.62,11.64,11.62,11.62,62000,11.6239,11
11577,2015-05-04 21:57:00,11.62,11.62,11.62,11.62,8000,11.62,2
11578,2015-05-04 21:58:00,11.6,11.62,11.58,11.6,122000,11.5987,8
11579,2015-05-04 21:59:00,11.6,11.6,11.6,11.6,0,11.6,0
11580,2015-05-04 22:00:00,11.6,11.6,11.56,11.58,120000,11.5767,6
11581,2015-05-04 22:01:00,11.54,11.56,11.52,11.52,36000,11.5289,5
11582,2015-05-04 22:02:00,11.54,11.54,11.5,11.52,166000,11.5159,20
11583,2015-05-04 22:03:00,11.5,11.5,11.5,11.5,2000,11.5,1
11584,2015-05-04 22:04:00,11.5,11.52,11.5,11.5,100000,11.5032,11
11585,2015-05-04 22:05:00,11.5,11.52,11.5,11.52,58000,11.5014,9
11586,2015-05-04 22:06:00,11.5,11.5,11.48,11.48,14000,11.4971,4
11587,2015-05-04 22:07:00,11.5,11.56,11.5,11.56,56000,11.5121,12
11588,2015-05-04 22:08:00,11.52,11.54,11.52,11.54,6000,11.5267,2
11589,2015-05-04 22:09:00,11.52,11.52,11.48,11.48,86000,11.4995,6
11590,2015-05-04 22:10:00,11.48,11.52,11.48,11.52,6000,11.4933,2
11591,2015-05-04 22:11:00,11.48,11.5,11.44,11.44,104000,11.4742,7
11592,2015-05-04 22:12:00,11.44,11.48,11.44,11.48,10000,11.448,3
11593,2015-05-04 22:13:00,11.44,11.44,11.44,11.44,10000,11.44,1
11594,2015-05-04 22:14:00,11.44,11.48,11.44,11.48,40000,11.458,4
11595,2015-05-04 22:15:00,11.44,11.44,11.42,11.42,30000,11.4333,4
11596,2015-05-04 22:16:00,11.46,11.46,11.46,11.46,2000,11.46,1
11597,2015-05-04 22:17:00,11.42,11.42,11.42,11.42,6000,11.42,1
11598,2015-05-04 22:18:00,11.42,11.42,11.42,11.42,12000,11.42,2
11599,2015-05-04 22:19:00,11.42,11.42,11.4,11.42,74000,11.4114,6
11600,2015-05-04 22:20:00,11.4,11.48,11.4,11.48,104000,11.425,8
11601,2015-05-04 22:21:00,11.48,11.48,11.48,11.48,0,11.48,0
11602,2015-05-04 22:22:00,11.48,11.48,11.48,11.48,2000,11.48,1
11603,2015-05-04 22:23:00,11.46,11.46,11.46,11.46,20000,11.46,5
11604,2015-05-04 22:24:00,11.46,11.46,11.46,11.46,20000,11.46,2
11605,2015-05-04 22:25:00,11.44,11.44,11.44,11.44,12000,11.44,2
11606,2015-05-04 22:26:00,11.44,11.44,11.44,11.44,8000,11.44,1
11607,2015-05-04 22:27:00,11.44,11.44,11.44,11.44,14000,11.44,2
11608,2015-05-04 22:28:00,11.46,11.46,11.44,11.44,24000,11.4417,3
11609,2015-05-04 22:29:00,11.42,11.42,11.42,11.42,16000,11.42,3
11610,2015-05-04 22:30:00,11.42,11.44,11.42,11.42,12000,11.4233,3
11611,2015-05-04 22:31:00,11.42,11.42,11.4,11.42,52000,11.4092,10
11612,2015-05-04 22:32:00,11.38,11.44,11.38,11.44,84000,11.4019,11
11613,2015-05-04 22:33:00,11.44,11.44,11.42,11.42,50000,11.4288,5
11614,2015-05-04 22:34:00,11.42,11.44,11.42,11.44,30000,11.432,3
11615,2015-05-04 22:35:00,11.44,11.44,11.42,11.42,16000,11.425,2
11616,2015-05-04 22:36:00,11.42,11.42,11.42,11.42,36000,11.42,1
11617,2015-05-04 22:37:00,11.44,11.44,11.44,11.44,42000,11.44,4
11618,2015-05-04 22:38:00,11.46,11.46,11.4,11.42,94000,11.42,5
11619,2015-05-04 22:39:00,11.42,11.44,11.42,11.42,60000,11.4227,4
11620,2015-05-04 22:40:00,11.44,11.48,11.44,11.48,32000,11.45,4
11621,2015-05-04 22:41:00,11.48,11.48,11.48,11.48,58000,11.48,5
11622,2015-05-04 22:42:00,11.48,11.48,11.48,11.48,0,11.48,0
11623,2015-05-04 22:43:00,11.48,11.48,11.48,11.48,0,11.48,0
11624,2015-05-04 22:44:00,11.48,11.5,11.44,11.44,106000,11.4691,10
11625,2015-05-04 22:45:00,11.44,11.44,11.44,11.44,18000,11.44,4
11626,2015-05-04 22:46:00,11.44,11.44,11.44,11.44,6000,11.44,3
11627,2015-05-04 22:47:00,11.42,11.44,11.42,11.44,70000,11.4394,3
11628,2015-05-04 22:48:00,11.44,11.44,11.44,11.44,0,11.44,0
11629,2015-05-04 22:49:00,11.44,11.44,11.44,11.44,0,11.44,0
11630,2015-05-04 22:50:00,11.42,11.42,11.4,11.4,138000,11.4133,5
11631,2015-05-04 22:51:00,11.38,11.38,11.36,11.36,60000,11.376,6
11632,2015-05-04 22:52:00,11.36,11.36,11.34,11.34,124000,11.3542,10
11633,2015-05-04 22:53:00,11.32,11.32,11.28,11.28,72000,11.3111,12
11634,2015-05-04 22:54:00,11.28,11.28,11.26,11.26,26000,11.2631,7
11635,2015-05-04 22:55:00,11.28,11.28,11.28,11.28,10000,11.28,1
11636,2015-05-04 22:56:00,11.26,11.26,11.26,11.26,52000,11.26,3
11637,2015-05-04 22:57:00,11.26,11.28,11.26,11.28,114000,11.2786,3
11638,2015-05-04 22:58:00,11.3,11.36,11.3,11.36,28000,11.3229,7
11639,2015-05-04 22:59:00,11.36,11.42,11.36,11.42,70000,11.3811,8
11640,2015-05-04 23:00:00,11.4,11.4,11.38,11.4,144000,11.3972,10
11641,2015-05-04 23:01:00,11.36,11.38,11.32,11.32,22000,11.36,7
11642,2015-05-04 23:02:00,11.34,11.34,11.3,11.3,54000,11.3119,7
11643,2015-05-04 23:03:00,11.3,11.3,11.3,11.3,22000,11.3,3
11644,2015-05-04 23:04:00,11.28,11.28,11.28,11.28,14000,11.28,2
11645,2015-05-04 23:05:00,11.3,11.3,11.3,11.3,60000,11.3,3
11646,2015-05-04 23:06:00,11.3,11.3,11.3,11.3,0,11.3,0
11647,2015-05-04 23:07:00,11.28,11.28,11.28,11.28,38000,11.28,7
11648,2015-05-04 23:08:00,11.3,11.36,11.3,11.36,120000,11.3107,13
11649,2015-05-04 23:09:00,11.34,11.34,11.34,11.34,12000,11.34,1
11650,2015-05-04 23:10:00,11.32,11.34,11.3,11.3,92000,11.3048,7
11651,2015-05-04 23:11:00,11.3,11.3,11.3,11.3,158000,11.3,5
11652,2015-05-04 23:12:00,11.3,11.3,11.3,11.3,54000,11.3,2
11653,2015-05-04 23:13:00,11.3,11.3,11.3,11.3,4000,11.3,1
11654,2015-05-04 23:14:00,11.28,11.28,11.28,11.28,12000,11.28,2
11655,2015-05-04 23:15:00,11.28,11.28,11.26,11.26,546000,11.2723,18
11656,2015-05-04 23:16:00,11.24,11.26,11.24,11.24,140000,11.2443,11
11657,2015-05-04 23:17:00,11.24,11.24,11.22,11.22,16000,11.235,3
11658,2015-05-04 23:18:00,11.22,11.22,11.22,11.22,218000,11.22,12
11659,2015-05-04 23:19:00,11.24,11.26,11.24,11.26,98000,11.2478,6
11660,2015-05-04 23:20:00,11.26,11.26,11.26,11.26,16000,11.26,5
11661,2015-05-04 23:21:00,11.26,11.26,11.26,11.26,4000,11.26,2
11662,2015-05-04 23:22:00,11.24,11.24,11.24,11.24,6000,11.24,1
11663,2015-05-04 23:23:00,11.24,11.24,11.24,11.24,0,11.24,0
11664,2015-05-04 23:24:00,11.24,11.24,11.24,11.24,12000,11.24,1
11665,2015-05-04 23:25:00,11.24,11.24,11.22,11.24,162000,11.2398,9
11666,2015-05-04 23:26:00,11.22,11.26,11.22,11.26,16000,11.25,3
11667,2015-05-04 23:27:00,11.24,11.24,11.2,11.24,114000,11.2235,5
11668,2015-05-04 23:28:00,11.2,11.2,11.2,11.2,6000,11.2,1
11669,2015-05-04 23:29:00,11.22,11.22,11.22,11.22,22000,11.22,4
11670,2015-05-04 23:30:00,11.2,11.22,11.2,11.2,224000,11.2004,7
11671,2015-05-04 23:31:00,11.18,11.18,11.16,11.16,138000,11.1687,9
11672,2015-05-04 23:32:00,11.16,11.22,11.16,11.22,172000,11.1712,9
11673,2015-05-04 23:33:00,11.2,11.2,11.2,11.2,28000,11.2,2
11674,2015-05-04 23:34:00,11.16,11.18,11.16,11.16,58000,11.1628,7
11675,2015-05-04 23:35:00,11.16,11.16,11.16,11.16,52000,11.16,3
11676,2015-05-04 23:36:00,11.16,11.16,11.14,11.14,36000,11.1567,4
11677,2015-05-04 23:37:00,11.14,11.14,11.14,11.14,0,11.14,0
11678,2015-05-04 23:38:00,11.16,11.16,11.12,11.12,118000,11.1325,3
11679,2015-05-04 23:39:00,11.14,11.14,11.14,11.14,2000,11.14,1
11680,2015-05-04 23:40:00,11.14,11.14,11.14,11.14,8000,11.14,1
11681,2015-05-04 23:41:00,11.14,11.14,11.14,11.14,0,11.14,0
11682,2015-05-04 23:42:00,11.14,11.14,11.12,11.12,160000,11.1345,6
11683,2015-05-04 23:43:00,11.1,11.12,11.1,11.12,6000,11.1067,2
11684,2015-05-04 23:44:00,11.12,11.12,11.12,11.12,6000,11.12,1
11685,2015-05-04 23:45:00,11.1,11.1,11.1,11.1,50000,11.1,2
11686,2015-05-04 23:46:00,11.1,11.12,11.1,11.12,22000,11.1018,3
11687,2015-05-04 23:47:00,11.1,11.1,11.1,11.1,2000,11.1,1
11688,2015-05-04 23:48:00,11.12,11.18,11.12,11.18,316000,11.1281,12
11689,2015-05-04 23:49:00,11.16,11.18,11.16,11.18,22000,11.1618,2
11690,2015-05-04 23:50:00,11.16,11.16,11.16,11.16,116000,11.16,2
11691,2015-05-04 23:51:00,11.16,11.16,11.16,11.16,60000,11.16,1
11692,2015-05-04 23:52:00,11.16,11.16,11.16,11.16,8000,11.16,1
11693,2015-05-04 23:53:00,11.18,11.18,11.18,11.18,60000,11.18,6
11694,2015-05-04 23:54:00,11.16,11.16,11.16,11.16,18000,11.16,4
11695,2015-05-04 23:55:00,11.18,11.18,11.16,11.16,274000,11.1793,9
11696,2015-05-04 23:56:00,11.16,11.16,11.16,11.16,24000,11.16,4
11697,2015-05-04 23:57:00,11.16,11.16,11.16,11.16,42000,11.16,3
11698,2015-05-04 23:58:00,11.14,11.16,11.14,11.14,26000,11.1446,4
11699,2015-05-04 23:59:00,11.14,11.14,11.14,11.14,14000,11.14,2
11700,2015-05-05 01:00:00,11.12,11.12,11.1,11.1,52000,11.1154,2
11701,2015-05-05 01:01:00,11.12,11.12,11.1,11.1,88000,11.1005,4
11702,2015-05-05 01:02:00,11.08,11.08,11.08,11.08,62000,11.08,7
11703,2015-05-05 01:03:00,11.08,11.08,11.08,11.08,0,11.08,0
11704,2015-05-05 01:04:00,11.08,11.08,11.08,11.08,0,11.08,0
11705,2015-05-05 01:05:00,11.06,11.1,11.06,11.1,166000,11.0713,9
11706,2015-05-05 01:06:00,11.12,11.14,11.12,11.14,18000,11.1356,3
11707,2015-05-05 01:07:00,11.16,11.16,11.14,11.14,34000,11.1518,5
11708,2015-05-05 01:08:00,11.16,11.16,11.16,11.16,42000,11.16,5
11709,2015-05-05 01:09:00,11.16,11.16,11.16,11.16,14000,11.16,2
11710,2015-05-05 01:10:00,11.14,11.14,11.14,11.14,26000,11.14,2
11711,2015-05-05 01:11:00,11.16,11.16,11.16,11.16,2000,11.16,1
11712,2015-05-05 01:12:00,11.16,11.18,11.16,11.18,72000,11.1622,2
11713,2015-05-05 01:13:00,11.18,11.18,11.18,11.18,0,11.18,0
11714,2015-05-05 01:14:00,11.18,11.18,11.18,11.18,0,11.18,0
11715,2015-05-05 01:15:00,11.18,11.18,11.18,11.18,0,11.18,0
11716,2015-05-05 01:16:00,11.14,11.16,11.14,11.14,102000,11.158,3
11717,2015-05-05 01:17:00,11.14,11.14,11.14,11.14,0,11.14,0
11718,2015-05-05 01:18:00,11.18,11.18,11.18,11.18,6000,11.18,1
11719,2015-05-05 01:19:00,11.18,11.18,11.18,11.18,6000,11.18,1
11720,2015-05-05 01:20:00,11.16,11.16,11.16,11.16,36000,11.16,1
11721,2015-05-05 01:21:00,11.18,11.18,11.16,11.18,46000,11.1678,5
11722,2015-05-05 01:22:00,11.14,11.18,11.14,11.18,8000,11.17,3
11723,2015-05-05 01:23:00,11.16,11.16,11.14,11.14,60000,11.1407,3
11724,2015-05-05 01:24:00,11.12,11.12,11.12,11.12,2000,11.12,1
11725,2015-05-05 01:25:00,11.14,11.14,11.14,11.14,52000,11.14,7
11726,2015-05-05 01:26:00,11.14,11.16,11.14,11.16,30000,11.144,3
11727,2015-05-05 01:27:00,11.16,11.16,11.16,11.16,24000,11.16,3
11728,2015-05-05 01:28:00,11.14,11.14,11.14,11.14,32000,11.14,6
11729,2015-05-05 01:29:00,11.16,11.16,11.16,11.16,26000,11.16,4
11730,2015-05-05 01:30:00,11.16,11.16,11.16,11.16,2000,11.16,1
11731,2015-05-05 01:31:00,11.16,11.16,11.12,11.14,86000,11.1372,5
11732,2015-05-05 01:32:00,11.14,11.14,11.14,11.14,12000,11.14,2
11733,2015-05-05 01:33:00,11.14,11.14,11.14,11.14,2000,11.14,1
11734,2015-05-05 01:34:00,11.16,11.16,11.12,11.12,28000,11.14,4
11735,2015-05-05 01:35:00,11.16,11.16,11.12,11.12,4000,11.14,2
11736,2015-05-05 01:36:00,11.12,11.12,11.12,11.12,0,11.12,0
11737,2015-05-05 01:37:00,11.12,11.12,11.12,11.12,0,11.12,0
11738,2015-05-05 01:38:00,11.12,11.14,11.12,11.14,30000,11.1307,6
11739,2015-05-05 01:39:00,11.12,11.12,11.12,11.12,2000,11.12,1
11740,2015-05-05 01:40:00,11.12,11.12,11.12,11.12,0,11.12,0
11741,2015-05-05 01:41:00,11.12,11.12,11.12,11.12,0,11.12,0
11742,2015-05-05 01:42:00,11.14,11.14,11.12,11.12,102000,11.1396,2
11743,2015-05-05 01:43:00,11.12,11.14,11.12,11.14,18000,11.1311,3
11744,2015-05-05 01:44:00,11.14,11.14,11.14,11.14,12000,11.14,2
11745,2015-05-05 01:45:00,11.14,11.14,11.14,11.14,62000,11.14,4
11746,2015-05-05 01:46:00,11.16,11.16,11.14,11.14,6000,11.1533,2
11747,2015-05-05 01:47:00,11.14,11.14,11.14,11.14,0,11.14,0
11748,2015-05-05 01:48:00,11.14,11.14,11.14,11.14,4000,11.14,1
11749,2015-05-05 01:49:00,11.14,11.14,11.14,11.14,52000,11.14,3
11750,2015-05-05 01:50:00,11.14,11.14,11.14,11.14,0,11.14,0
11751,2015-05-05 01:51:00,11.14,11.14,11.14,11.14,78000,11.14,6
11752,2015-05-05 01:52:00,11.14,11.14,11.14,11.14,18000,11.14,1
11753,2015-05-05 01:53:00,11.14,11.14,11.14,11.14,24000,11.14,3
11754,2015-05-05 01:54:00,11.14,11.14,11.14,11.14,0,11.14,0
11755,2015-05-05 01:55:00,11.14,11.14,11.12,11.12,182000,11.1273,3
11756,2015-05-05 01:56:00,11.1,11.14,11.1,11.14,70000,11.12,9
11757,2015-05-05 01:57:00,11.12,11.12,11.1,11.12,72000,11.1178,7
11758,2015-05-05 01:58:00,11.12,11.14,11.12,11.14,14000,11.1257,5
11759,2015-05-05 01:59:00,11.14,11.14,11.12,11.12,12000,11.1333,3
11760,2015-05-05 02:00:00,11.12,11.12,11.12,11.12,0,11.12,0
11761,2015-05-05 02:01:00,11.14,11.14,11.14,11.14,8000,11.14,1
11762,2015-05-05 02:02:00,11.14,11.18,11.14,11.14,114000,11.1516,10
11763,2015-05-05 02:03:00,11.12,11.12,11.12,11.12,2000,11.12,1
11764,2015-05-05 02:04:00,11.14,11.14,11.14,11.14,36000,11.14,6
11765,2015-05-05 02:05:00,11.14,11.14,11.14,11.14,0,11.14,0
11766,2015-05-05 02:06:00,11.14,11.14,11.14,11.14,0,11.14,0
11767,2015-05-05 02:07:00,11.12,11.12,11.12,11.12,70000,11.12,2
11768,2015-05-05 02:08:00,11.12,11.12,11.1,11.12,20000,11.112,3
11769,2015-05-05 02:09:00,11.1,11.12,11.1,11.12,6000,11.1133,2
11770,2015-05-05 02:10:00,11.12,11.12,11.12,11.12,0,11.12,0
11771,2015-05-05 02:11:00,11.1,11.1,11.08,11.08,270000,11.097,10
11772,2015-05-05 02:12:00,11.08,11.08,11.08,11.08,6000,11.08,3
11773,2015-05-05 02:13:00,11.08,11.1,11.08,11.1,138000,11.0806,10
11774,2015-05-05 02:14:00,11.08,11.08,11.06,11.06,32000,11.0763,3
11775,2015-05-05 02:15:00,11.1,11.1,11.1,11.1,20000,11.1,1
11776,2015-05-05 02:16:00,11.1,11.1,11.1,11.1,0,11.1,0
11777,2015-05-05 02:17:00,11.1,11.1,11.1,11.1,0,11.1,0
11778,2015-05-05 02:18:00,11.1,11.1,11.1,11.1,0,11.1,0
11779,2015-05-05 02:19:00,11.06,11.06,11.06,11.06,40000,11.06,1
11780,2015-05-05 02:20:00,11.06,11.08,11.06,11.06,134000,11.0609,7
11781,2015-05-05 02:21:00,11.06,11.06,11.06,11.06,20000,11.06,1
11782,2015-05-05 02:22:00,11.04,11.04,11.04,11.04,10000,11.04,1
11783,2015-05-05 02:23:00,11.04,11.04,11.02,11.04,96000,11.0337,8
11784,2015-05-05 02:24:00,11.04,11.04,11.04,11.04,2000,11.04,1
11785,2015-05-05 02:25:00,11.02,11.02,11.02,11.02,14000,11.02,3
11786,2015-05-05 02:26:00,11.02,11.04,11.02,11.02,154000,11.0205,9
11787,2015-05-05 02:27:00,11.0,11.02,11.0,11.02,154000,11.0008,4
11788,2015-05-05 02:28:00,11.0,11.0,11.0,11.0,60000,11.0,2
11789,2015-05-05 02:29:00,11.0,11.0,10.96,10.98,216000,10.9811,18
11790,2015-05-05 02:30:00,11.0,11.02,11.0,11.02,38000,11.0021,5
11791,2015-05-05 02:31:00,11.02,11.02,11.02,11.02,6000,11.02,1
11792,2015-05-05 02:32:00,11.0,11.0,11.0,11.0,48000,11.0,2
11793,2015-05-05 02:33:00,10.98,10.98,10.98,10.98,36000,10.98,8
11794,2015-05-05 02:34:00,11.0,11.02,11.0,11.02,42000,11.0019,8
11795,2015-05-05 02:35:00,11.02,11.02,11.02,11.02,0,11.02,0
11796,2015-05-05 02:36:00,11.02,11.02,10.98,10.98,64000,10.9825,2
11797,2015-05-05 02:37:00,10.98,11.0,10.96,10.98,222000,10.9686,9
11798,2015-05-05 02:38:00,10.98,11.0,10.98,11.0,88000,10.9991,6
11799,2015-05-05 02:39:00,11.0,11.0,10.98,10.98,78000,10.9862,4
11800,2015-05-05 02:40:00,11.0,11.0,10.96,10.98,214000,10.9637,4
11801,2015-05-05 02:41:00,10.96,10.96,10.96,10.96,160000,10.96,5
11802,2015-05-05 02:42:00,10.94,10.94,10.94,10.94,32000,10.94,3
11803,2015-05-05 02:43:00,10.94,10.94,10.94,10.94,82000,10.94,7
11804,2015-05-05 02:44:00,10.94,11.0,10.94,11.0,86000,10.9651,10
11805,2015-05-05 02:45:00,10.96,10.96,10.96,10.96,26000,10.96,1
11806,2015-05-05 02:46:00,10.94,10.94,10.94,10.94,6000,10.94,1
11807,2015-05-05 02:47:00,10.94,10.94,10.94,10.94,34000,10.94,4
11808,2015-05-05 02:48:00,10.94,10.94,10.92,10.94,84000,10.9262,5
11809,2015-05-05 02:49:00,10.94,10.94,10.94,10.94,22000,10.94,2
11810,2015-05-05 02:50:00,10.94,10.94,10.94,10.94,26000,10.94,4
11811,2015-05-05 02:51:00,10.94,10.96,10.94,10.96,68000,10.9412,8
11812,2015-05-05 02:52:00,10.94,10.94,10.94,10.94,6000,10.94,3
11813,2015-05-05 02:53:00,10.96,10.96,10.96,10.96,50000,10.96,1
11814,2015-05-05 02:54:00,10.94,10.96,10.94,10.96,262000,10.9571,5
11815,2015-05-05 02:55:00,10.96,11.0,10.96,11.0,122000,10.9793,6
11816,2015-05-05 02:56:00,11.0,11.0,10.98,10.98,62000,10.9826,3
11817,2015-05-05 02:57:00,10.98,10.98,10.96,10.98,72000,10.9761,6
11818,2015-05-05 02:58:00,11.0,11.0,11.0,11.0,24000,11.0,1
11819,2015-05-05 02:59:00,11.0,11.0,11.0,11.0,0,11.0,0
11820,2015-05-05 03:00:00,11.0,11.0,11.0,11.0,0,11.0,0
11821,2015-05-05 03:01:00,10.98,11.0,10.98,11.0,92000,10.9839,10
11822,2015-05-05 03:02:00,11.0,11.0,11.0,11.0,0,11.0,0
11823,2015-05-05 03:03:00,11.0,11.0,11.0,11.0,8000,11.0,2
11824,2015-05-05 03:04:00,10.98,10.98,10.98,10.98,4000,10.98,1
11825,2015-05-05 03:05:00,10.98,10.98,10.98,10.98,4000,10.98,1
11826,2015-05-05 03:06:00,11.0,11.0,11.0,11.0,2000,11.0,1
11827,2015-05-05 03:07:00,10.96,10.96,10.96,10.96,10000,10.96,2
11828,2015-05-05 03:08:00,10.98,10.98,10.98,10.98,6000,10.98,1
11829,2015-05-05 03:09:00,10.98,10.98,10.98,10.98,0,10.98,0
11830,2015-05-05 03:10:00,10.98,10.98,10.98,10.98,10000,10.98,1
11831,2015-05-05 03:11:00,10.98,11.0,10.98,10.98,68000,10.9829,7
11832,2015-05-05 03:12:00,10.98,10.98,10.98,10.98,2000,10.98,1
11833,2015-05-05 03:13:00,11.0,11.0,11.0,11.0,20000,11.0,2
11834,2015-05-05 03:14:00,11.0,11.0,11.0,11.0,0,11.0,0
11835,2015-05-05 03:15:00,11.0,11.0,11.0,11.0,0,11.0,0
11836,2015-05-05 03:16:00,11.0,11.0,11.0,11.0,8000,11.0,2
11837,2015-05-05 03:17:00,11.0,11.0,11.0,11.0,0,11.0,0
11838,2015-05-05 03:18:00,11.0,11.0,11.0,11.0,2000,11.0,1
11839,2015-05-05 03:19:00,11.0,11.0,11.0,11.0,0,11.0,0
11840,2015-05-05 03:20:00,10.98,11.0,10.98,11.0,12000,10.9967,3
11841,2015-05-05 03:21:00,10.98,10.98,10.98,10.98,58000,10.98,3
11842,2015-05-05 03:22:00,10.98,10.98,10.98,10.98,4000,10.98,2
11843,2015-05-05 03:23:00,10.98,10.98,10.98,10.98,0,10.98,0
11844,2015-05-05 03:24:00,10.96,10.98,10.96,10.96,14000,10.9743,3
11845,2015-05-05 03:25:00,10.96,10.96,10.96,10.96,0,10.96,0
11846,2015-05-05 03:26:00,10.96,11.0,10.96,11.0,120000,10.9797,9
11847,2015-05-05 03:27:00,11.0,11.02,11.0,11.02,32000,11.0138,2
11848,2015-05-05 03:28:00,11.02,11.02,11.02,11.02,74000,11.02,4
11849,2015-05-05 03:29:00,11.02,11.02,11.0,11.0,74000,11.0027,3
11850,2015-05-05 03:30:00,11.04,11.04,11.02,11.02,44000,11.0291,5
11851,2015-05-05 03:31:00,11.02,11.02,11.02,11.02,0,11.02,0
11852,2015-05-05 03:32:00,11.02,11.02,11.02,11.02,72000,11.02,3
11853,2015-05-05 03:33:00,11.0,11.0,11.0,11.0,4000,11.0,1
11854,2015-05-05 03:34:00,11.0,11.0,11.0,11.0,0,11.0,0
11855,2015-05-05 03:35:00,11.02,11.02,11.02,11.02,2000,11.02,1
11856,2015-05-05 03:36:00,11.02,11.02,11.02,11.02,6000,11.02,3
11857,2015-05-05 03:37:00,11.02,11.04,11.0,11.0,198000,11.0133,8
11858,2015-05-05 03:38:00,11.04,11.06,11.04,11.06,128000,11.0441,4
11859,2015-05-05 03:39:00,11.04,11.04,11.04,11.04,2000,11.04,1
11860,2015-05-05 03:40:00,11.04,11.06,11.04,11.06,32000,11.0538,3
11861,2015-05-05 03:41:00,11.06,11.06,11.06,11.06,10000,11.06,2
11862,2015-05-05 03:42:00,11.06,11.06,11.06,11.06,10000,11.06,1
11863,2015-05-05 03:43:00,11.06,11.06,11.06,11.06,4000,11.06,2
11864,2015-05-05 03:44:00,11.06,11.06,11.06,11.06,0,11.06,0
11865,2015-05-05 03:45:00,11.06,11.06,11.06,11.06,20000,11.06,1
11866,2015-05-05 03:46:00,11.06,11.06,11.04,11.06,212000,11.0411,4
11867,2015-05-05 03:47:00,11.06,11.06,11.06,11.06,0,11.06,0
11868,2015-05-05 03:48:00,11.06,11.06,11.04,11.04,22000,11.0545,6
11869,2015-05-05 03:49:00,11.04,11.04,11.04,11.04,4000,11.04,1
11870,2015-05-05 03:50:00,11.04,11.06,11.02,11.04,312000,11.0428,11
11871,2015-05-05 03:51:00,11.04,11.04,11.04,11.04,6000,11.04,1
11872,2015-05-05 03:52:00,11.06,11.06,11.04,11.04,48000,11.0425,4
11873,2015-05-05 03:53:00,11.04,11.04,11.04,11.04,44000,11.04,4
11874,2015-05-05 03:54:00,11.04,11.06,11.04,11.06,4000,11.05,2
11875,2015-05-05 03:55:00,11.06,11.06,11.04,11.04,92000,11.0591,7
11876,2015-05-05 03:56:00,11.06,11.06,11.06,11.06,14000,11.06,3
11877,2015-05-05 03:57:00,11.06,11.08,11.06,11.06,172000,11.0653,14
11878,2015-05-05 03:58:00,11.06,11.08,11.06,11.08,212000,11.0653,15
11879,2015-05-05 03:59:00,11.08,11.14,11.08,11.12,872000,11.1127,46
11880,2015-05-05 21:30:00,11.12,11.12,10.58,11.04,564000,10.8479,56
11881,2015-05-05 21:31:00,11.02,11.02,11.02,11.02,8000,11.02,2
11882,2015-05-05 21:32:00,11.02,11.02,10.74,10.92,184000,10.9122,21
11883,2015-05-05 21:33:00,10.92,10.92,10.92,10.92,10000,10.92,1
11884,2015-05-05 21:34:00,10.86,10.92,10.86,10.92,22000,10.9145,5
11885,2015-05-05 21:35:00,10.94,10.98,10.94,10.98,74000,10.9449,6
11886,2015-05-05 21:36:00,10.98,10.98,10.98,10.98,22000,10.98,3
11887,2015-05-05 21:37:00,10.98,10.98,10.98,10.98,0,10.98,0
11888,2015-05-05 21:38:00,10.98,10.98,10.92,10.96,62000,10.9613,9
11889,2015-05-05 21:39:00,10.92,10.92,10.92,10.92,2000,10.92,1
11890,2015-05-05 21:40:00,10.92,10.98,10.92,10.98,4000,10.95,2
11891,2015-05-05 21:41:00,10.94,10.94,10.92,10.92,26000,10.9338,5
11892,2015-05-05 21:42:00,10.92,10.92,10.92,10.92,8000,10.92,1
11893,2015-05-05 21:43:00,10.92,10.92,10.92,10.92,32000,10.92,9
11894,2015-05-05 21:44:00,10.92,10.92,10.88,10.88,78000,10.8969,13
11895,2015-05-05 21:45:00,10.9,10.94,10.88,10.92,122000,10.9125,7
11896,2015-05-05 21:46:00,10.92,10.92,10.92,10.92,0,10.92,0
11897,2015-05-05 21:47:00,10.92,10.92,10.92,10.92,4000,10.92,2
11898,2015-05-05 21:48:00,10.94,10.94,10.92,10.94,8000,10.93,3
11899,2015-05-05 21:49:00,10.92,10.94,10.9,10.9,56000,10.915,7
11900,2015-05-05 21:50:00,10.9,10.9,10.9,10.9,0,10.9,0
11901,2015-05-05 21:51:00,10.9,10.94,10.9,10.94,26000,10.9369,3
11902,2015-05-05 21:52:00,10.92,10.92,10.92,10.92,4000,10.92,1
11903,2015-05-05 21:53:00,10.92,10.92,10.92,10.92,2000,10.92,1
11904,2015-05-05 21:54:00,10.92,10.94,10.9,10.9,18000,10.9111,3
11905,2015-05-05 21:55:00,10.9,10.9,10.9,10.9,0,10.9,0
11906,2015-05-05 21:56:00,10.92,10.96,10.92,10.96,74000,10.9411,3
11907,2015-05-05 21:57:00,10.96,10.96,10.96,10.96,0,10.96,0
11908,2015-05-05 21:58:00,10.96,11.02,10.92,11.02,196000,10.9696,16
11909,2015-05-05 21:59:00,11.02,11.02,11.02,11.02,0,11.02,0
11910,2015-05-05 22:00:00,11.02,11.02,11.02,11.02,0,11.02,0
11911,2015-05-05 22:01:00,10.94,10.94,10.94,10.94,2000,10.94,1
11912,2015-05-05 22:02:00,10.94,11.02,10.94,11.02,16000,10.96,2
11913,2015-05-05 22:03:00,10.94,10.94,10.94,10.94,4000,10.94,1
11914,2015-05-05 22:04:00,10.94,10.94,10.94,10.94,0,10.94,0
11915,2015-05-05 22:05:00,10.94,10.94,10.94,10.94,4000,10.94,1
11916,2015-05-05 22:06:00,10.94,10.94,10.94,10.94,18000,10.94,2
11917,2015-05-05 22:07:00,10.92,10.92,10.92,10.92,2000,10.92,1
11918,2015-05-05 22:08:00,10.92,10.92,10.92,10.92,10000,10.92,1
11919,2015-05-05 22:09:00,10.92,10.92,10.92,10.92,0,10.92,0
11920,2015-05-05 22:10:00,10.9,10.9,10.9,10.9,6000,10.9,2
11921,2015-05-05 22:11:00,10.9,10.94,10.9,10.94,166000,10.9217,8
11922,2015-05-05 22:12:00,10.94,11.02,10.94,11.02,212000,10.9592,12
11923,2015-05-05 22:13:00,11.02,11.02,11.02,11.02,0,11.02,0
11924,2015-05-05 22:14:00,11.04,11.04,11.04,11.04,134000,11.04,5
11925,2015-05-05 22:15:00,11.04,11.04,11.04,11.04,0,11.04,0
11926,2015-05-05 22:16:00,10.96,10.98,10.96,10.98,56000,10.9636,4
11927,2015-05-05 22:17:00,10.98,10.98,10.98,10.98,0,10.98,0
11928,2015-05-05 22:18:00,10.98,10.98,10.98,10.98,0,10.98,0
11929,2015-05-05 22:19:00,10.98,10.98,10.98,10.98,0,10.98,0
11930,2015-05-05 22:20:00,10.94,10.94,10.94,10.94,20000,10.94,3
11931,2015-05-05 22:21:00,10.94,10.94,10.92,10.92,40000,10.927,4
11932,2015-05-05 22:22:00,10.94,10.94,10.92,10.92,104000,10.9392,5
11933,2015-05-05 22:23:00,10.92,10.92,10.92,10.92,2000,10.92,1
11934,2015-05-05 22:24:00,10.92,10.92,10.9,10.9,32000,10.905,2
11935,2015-05-05 22:25:00,10.9,10.9,10.9,10.9,16000,10.9,5
11936,2015-05-05 22:26:00,10.9,10.9,10.9,10.9,0,10.9,0
11937,2015-05-05 22:27:00,10.88,10.88,10.86,10.86,56000,10.8686,3
11938,2015-05-05 22:28:00,10.88,10.88,10.86,10.86,10000,10.872,2
11939,2015-05-05 22:29:00,10.84,10.84,10.84,10.84,4000,10.84,1
11940,2015-05-05 22:30:00,10.84,10.86,10.84,10.84,16000,10.8475,3
11941,2015-05-05 22:31:00,10.84,10.84,10.84,10.84,0,10.84,0
11942,2015-05-05 22:32:00,10.86,10.86,10.84,10.86,26000,10.8492,4
11943,2015-05-05 22:33:00,10.86,10.86,10.86,10.86,0,10.86,0
11944,2015-05-05 22:34:00,10.84,10.84,10.84,10.84,6000,10.84,1
11945,2015-05-05 22:35:00,10.84,10.86,10.84,10.86,92000,10.8587,5
11946,2015-05-05 22:36:00,10.88,10.9,10.88,10.9,32000,10.8925,2
11947,2015-05-05 22:37:00,10.86,10.86,10.86,10.86,12000,10.86,2
11948,2015-05-05 22:38:00,10.86,10.86,10.86,10.86,6000,10.86,1
11949,2015-05-05 22:39:00,10.86,10.86,10.86,10.86,20000,10.86,2
11950,2015-05-05 22:40:00,10.86,10.86,10.86,10.86,0,10.86,0
11951,2015-05-05 22:41:00,10.86,10.86,10.86,10.86,0,10.86,0
11952,2015-05-05 22:42:00,10.9,10.92,10.88,10.92,106000,10.9008,5
11953,2015-05-05 22:43:00,10.92,10.92,10.92,10.92,0,10.92,0
11954,2015-05-05 22:44:00,10.92,10.92,10.9,10.9,60000,10.9167,2
11955,2015-05-05 22:45:00,10.9,10.9,10.88,10.88,30000,10.8867,2
11956,2015-05-05 22:46:00,10.88,10.9,10.88,10.9,328000,10.8988,6
11957,2015-05-05 22:47:00,10.9,10.9,10.84,10.84,534000,10.893,5
11958,2015-05-05 22:48:00,10.84,10.84,10.84,10.84,0,10.84,0
11959,2015-05-05 22:49:00,10.9,10.9,10.9,10.9,10000,10.9,1
11960,2015-05-05 22:50:00,10.88,10.9,10.86,10.9,68000,10.8929,7
11961,2015-05-05 22:51:00,10.9,10.9,10.9,10.9,46000,10.9,2
11962,2015-05-05 22:52:00,10.9,10.9,10.9,10.9,0,10.9,0
11963,2015-05-05 22:53:00,10.9,10.9,10.9,10.9,0,10.9,0
11964,2015-05-05 22:54:00,10.88,10.88,10.86,10.88,46000,10.8739,7
11965,2015-05-05 22:55:00,10.86,10.86,10.86,10.86,4000,10.86,1
11966,2015-05-05 22:56:00,10.86,10.86,10.86,10.86,0,10.86,0
11967,2015-05-05 22:57:00,10.86,10.86,10.86,10.86,2000,10.86,1
11968,2015-05-05 22:58:00,10.86,10.86,10.86,10.86,0,10.86,0
11969,2015-05-05 22:59:00,10.86,10.86,10.86,10.86,0,10.86,0
11970,2015-05-05 23:00:00,10.86,10.86,10.82,10.84,176000,10.8361,7
11971,2015-05-05 23:01:00,10.82,10.82,10.8,10.8,48000,10.8175,3
11972,2015-05-05 23:02:00,10.82,10.86,10.82,10.86,234000,10.8472,7
11973,2015-05-05 23:03:00,10.82,10.82,10.82,10.82,50000,10.82,1
11974,2015-05-05 23:04:00,10.84,10.84,10.84,10.84,4000,10.84,1
11975,2015-05-05 23:05:00,10.84,10.84,10.82,10.82,20000,10.832,2
11976,2015-05-05 23:06:00,10.88,10.94,10.88,10.9,108000,10.8933,10
11977,2015-05-05 23:07:00,10.9,10.9,10.9,10.9,0,10.9,0
11978,2015-05-05 23:08:00,10.9,10.9,10.9,10.9,0,10.9,0
11979,2015-05-05 23:09:00,10.9,10.9,10.9,10.9,0,10.9,0
11980,2015-05-05 23:10:00,10.9,10.9,10.9,10.9,2000,10.9,1
11981,2015-05-05 23:11:00,10.9,10.9,10.9,10.9,0,10.9,0
11982,2015-05-05 23:12:00,10.92,10.92,10.9,10.9,6000,10.9133,3
11983,2015-05-05 23:13:00,10.92,10.92,10.9,10.9,4000,10.91,2
11984,2015-05-05 23:14:00,10.9,10.9,10.9,10.9,0,10.9,0
11985,2015-05-05 23:15:00,10.92,10.92,10.9,10.9,6000,10.9067,2
11986,2015-05-05 23:16:00,10.9,10.9,10.9,10.9,48000,10.9,5
11987,2015-05-05 23:17:00,10.88,10.88,10.88,10.88,70000,10.88,3
11988,2015-05-05 23:18:00,10.88,10.88,10.88,10.88,0,10.88,0
11989,2015-05-05 23:19:00,10.88,10.88,10.88,10.88,0,10.88,0
11990,2015-05-05 23:20:00,10.86,10.86,10.86,10.86,10000,10.86,1
11991,2015-05-05 23:21:00,10.88,10.88,10.88,10.88,2000,10.88,1
11992,2015-05-05 23:22:00,10.88,10.88,10.86,10.86,158000,10.8729,4
11993,2015-05-05 23:23:00,10.86,10.86,10.86,10.86,4000,10.86,1
11994,2015-05-05 23:24:00,10.86,10.86,10.86,10.86,0,10.86,0
11995,2015-05-05 23:25:00,10.88,10.88,10.88,10.88,2000,10.88,1
11996,2015-05-05 23:26:00,10.86,10.86,10.86,10.86,2000,10.86,1
11997,2015-05-05 23:27:00,10.88,10.88,10.86,10.86,48000,10.8633,3
11998,2015-05-05 23:28:00,10.86,10.86,10.84,10.84,46000,10.8452,3
11999,2015-05-05 23:29:00,10.84,10.86,10.84,10.86,4000,10.85,2
12000,2015-05-05 23:30:00,10.86,10.86,10.86,10.86,4000,10.86,2
12001,2015-05-05 23:31:00,10.86,10.86,10.86,10.86,0,10.86,0
12002,2015-05-05 23:32:00,10.84,10.84,10.84,10.84,2000,10.84,1
12003,2015-05-05 23:33:00,10.84,10.84,10.84,10.84,0,10.84,0
12004,2015-05-05 23:34:00,10.86,10.86,10.84,10.84,4000,10.85,2
12005,2015-05-05 23:35:00,10.84,10.86,10.84,10.86,28000,10.8414,2
12006,2015-05-05 23:36:00,10.84,10.84,10.84,10.84,20000,10.84,1
12007,2015-05-05 23:37:00,10.84,10.86,10.84,10.86,8000,10.845,3
12008,2015-05-05 23:38:00,10.84,10.86,10.84,10.86,10000,10.856,3
12009,2015-05-05 23:39:00,10.84,10.84,10.84,10.84,4000,10.84,1
12010,2015-05-05 23:40:00,10.86,10.86,10.86,10.86,8000,10.86,1
12011,2015-05-05 23:41:00,10.86,10.86,10.84,10.84,46000,10.8539,5
12012,2015-05-05 23:42:00,10.84,10.84,10.84,10.84,2000,10.84,1
12013,2015-05-05 23:43:00,10.86,10.86,10.86,10.86,58000,10.86,4
12014,2015-05-05 23:44:00,10.86,10.86,10.86,10.86,0,10.86,0
12015,2015-05-05 23:45:00,10.86,10.86,10.86,10.86,6000,10.86,1
12016,2015-05-05 23:46:00,10.84,10.84,10.84,10.84,2000,10.84,1
12017,2015-05-05 23:47:00,10.86,10.9,10.84,10.88,178000,10.8649,8
12018,2015-05-05 23:48:00,10.86,10.86,10.86,10.86,46000,10.86,2
12019,2015-05-05 23:49:00,10.86,10.86,10.86,10.86,34000,10.86,4
12020,2015-05-05 23:50:00,10.86,10.86,10.86,10.86,20000,10.86,1
12021,2015-05-05 23:51:00,10.86,10.86,10.86,10.86,0,10.86,0
12022,2015-05-05 23:52:00,10.88,10.88,10.88,10.88,96000,10.88,4
12023,2015-05-05 23:53:00,10.88,10.88,10.88,10.88,6000,10.88,1
12024,2015-05-05 23:54:00,10.88,10.88,10.88,10.88,2000,10.88,1
12025,2015-05-05 23:55:00,10.88,10.88,10.88,10.88,6000,10.88,2
12026,2015-05-05 23:56:00,10.88,10.88,10.88,10.88,0,10.88,0
12027,2015-05-05 23:57:00,10.88,10.9,10.88,10.9,28000,10.8814,2
12028,2015-05-05 23:58:00,10.9,10.9,10.9,10.9,4000,10.9,2
12029,2015-05-05 23:59:00,10.9,10.94,10.9,10.94,20000,10.918,5
12030,2015-05-06 01:00:00,10.94,10.96,10.94,10.96,20000,10.948,5
12031,2015-05-06 01:01:00,10.94,10.96,10.94,10.94,20000,10.942,4
12032,2015-05-06 01:02:00,10.96,10.96,10.94,10.94,22000,10.9436,2
12033,2015-05-06 01:03:00,10.94,10.94,10.94,10.94,0,10.94,0
12034,2015-05-06 01:04:00,10.94,10.94,10.94,10.94,28000,10.94,4
12035,2015-05-06 01:05:00,10.92,10.92,10.92,10.92,20000,10.92,5
12036,2015-05-06 01:06:00,10.94,10.94,10.92,10.94,126000,10.9235,6
12037,2015-05-06 01:07:00,10.9,10.9,10.9,10.9,10000,10.9,3
12038,2015-05-06 01:08:00,10.9,10.9,10.9,10.9,20000,10.9,1
12039,2015-05-06 01:09:00,10.9,10.9,10.9,10.9,26000,10.9,4
12040,2015-05-06 01:10:00,10.9,10.9,10.9,10.9,0,10.9,0
12041,2015-05-06 01:11:00,10.9,10.9,10.9,10.9,0,10.9,0
12042,2015-05-06 01:12:00,10.9,10.92,10.86,10.92,150000,10.892,8
12043,2015-05-06 01:13:00,10.9,10.9,10.9,10.9,6000,10.9,2
12044,2015-05-06 01:14:00,10.9,10.9,10.9,10.9,0,10.9,0
12045,2015-05-06 01:15:00,10.9,10.9,10.88,10.9,112000,10.8857,6
12046,2015-05-06 01:16:00,10.88,10.88,10.88,10.88,4000,10.88,1
12047,2015-05-06 01:17:00,10.9,10.9,10.88,10.88,24000,10.8833,2
12048,2015-05-06 01:18:00,10.88,10.88,10.88,10.88,0,10.88,0
12049,2015-05-06 01:19:00,10.88,10.9,10.88,10.88,18000,10.8889,5
12050,2015-05-06 01:20:00,10.88,10.9,10.88,10.9,26000,10.8877,3
12051,2015-05-06 01:21:00,10.88,10.88,10.88,10.88,14000,10.88,3
12052,2015-05-06 01:22:00,10.88,10.88,10.88,10.88,0,10.88,0
12053,2015-05-06 01:23:00,10.9,10.9,10.9,10.9,6000,10.9,2
12054,2015-05-06 01:24:00,10.9,10.96,10.88,10.96,286000,10.914,11
12055,2015-05-06 01:25:00,10.96,10.96,10.96,10.96,4000,10.96,2
12056,2015-05-06 01:26:00,10.94,10.94,10.94,10.94,8000,10.94,1
12057,2015-05-06 01:27:00,10.94,10.94,10.94,10.94,8000,10.94,2
12058,2015-05-06 01:28:00,10.94,10.94,10.94,10.94,0,10.94,0
12059,2015-05-06 01:29:00,10.94,11.06,10.94,11.06,148000,10.9541,9
12060,2015-05-06 01:30:00,11.06,11.06,10.94,10.94,268000,11.0188,17
12061,2015-05-06 01:31:00,10.94,10.94,10.94,10.94,0,10.94,0
12062,2015-05-06 01:32:00,10.96,10.96,10.96,10.96,20000,10.96,1
12063,2015-05-06 01:33:00,10.96,10.96,10.96,10.96,0,10.96,0
12064,2015-05-06 01:34:00,10.94,10.96,10.94,10.96,106000,10.9581,13
12065,2015-05-06 01:35:00,10.96,10.96,10.96,10.96,16000,10.96,4
12066,2015-05-06 01:36:00,10.96,10.96,10.96,10.96,4000,10.96,1
12067,2015-05-06 01:37:00,10.96,10.96,10.96,10.96,4000,10.96,1
12068,2015-05-06 01:38:00,10.94,10.96,10.94,10.96,50000,10.9408,6
12069,2015-05-06 01:39:00,10.96,10.96,10.96,10.96,0,10.96,0
12070,2015-05-06 01:40:00,10.96,10.96,10.96,10.96,0,10.96,0
12071,2015-05-06 01:41:00,10.94,10.94,10.92,10.92,92000,10.9235,10
12072,2015-05-06 01:42:00,10.92,10.92,10.92,10.92,0,10.92,0
12073,2015-05-06 01:43:00,10.92,10.92,10.92,10.92,0,10.92,0
12074,2015-05-06 01:44:00,10.92,10.92,10.92,10.92,12000,10.92,2
12075,2015-05-06 01:45:00,10.9,10.9,10.9,10.9,4000,10.9,1
12076,2015-05-06 01:46:00,10.9,10.92,10.86,10.92,228000,10.8881,19
12077,2015-05-06 01:47:00,10.92,10.92,10.92,10.92,0,10.92,0
12078,2015-05-06 01:48:00,10.92,10.92,10.92,10.92,4000,10.92,1
12079,2015-05-06 01:49:00,10.92,10.92,10.92,10.92,0,10.92,0
12080,2015-05-06 01:50:00,10.92,10.92,10.92,10.92,4000,10.92,1
12081,2015-05-06 01:51:00,10.92,10.92,10.92,10.92,0,10.92,0
12082,2015-05-06 01:52:00,10.92,10.92,10.92,10.92,4000,10.92,1
12083,2015-05-06 01:53:00,10.9,10.92,10.9,10.92,14000,10.9114,4
12084,2015-05-06 01:54:00,10.92,10.96,10.92,10.96,144000,10.9314,8
12085,2015-05-06 01:55:00,10.94,10.96,10.94,10.96,20000,10.944,2
12086,2015-05-06 01:56:00,10.94,10.94,10.94,10.94,2000,10.94,1
12087,2015-05-06 01:57:00,10.94,10.94,10.94,10.94,0,10.94,0
12088,2015-05-06 01:58:00,10.96,10.96,10.96,10.96,14000,10.96,3
12089,2015-05-06 01:59:00,10.96,10.96,10.96,10.96,2000,10.96,1
12090,2015-05-06 02:00:00,10.94,10.96,10.94,10.96,42000,10.941,4
12091,2015-05-06 02:01:00,10.96,10.96,10.96,10.96,0,10.96,0
12092,2015-05-06 02:02:00,10.96,10.96,10.96,10.96,4000,10.96,1
12093,2015-05-06 02:03:00,10.94,10.96,10.94,10.94,58000,10.9407,6
12094,2015-05-06 02:04:00,10.94,10.94,10.94,10.94,24000,10.94,3
12095,2015-05-06 02:05:00,10.94,10.94,10.94,10.94,4000,10.94,1
12096,2015-05-06 02:06:00,10.94,10.94,10.94,10.94,10000,10.94,1
12097,2015-05-06 02:07:00,10.94,10.94,10.92,10.92,18000,10.9244,4
12098,2015-05-06 02:08:00,10.92,10.92,10.92,10.92,10000,10.92,3
12099,2015-05-06 02:09:00,10.92,10.92,10.92,10.92,0,10.92,0
12100,2015-05-06 02:10:00,10.94,10.94,10.94,10.94,4000,10.94,1
12101,2015-05-06 02:11:00,10.92,10.92,10.92,10.92,4000,10.92,1
12102,2015-05-06 02:12:00,10.92,10.92,10.92,10.92,0,10.92,0
12103,2015-05-06 02:13:00,10.92,10.94,10.9,10.9,114000,10.9158,5
12104,2015-05-06 02:14:00,10.88,10.88,10.88,10.88,14000,10.88,3
12105,2015-05-06 02:15:00,10.86,10.88,10.84,10.84,412000,10.8638,13
12106,2015-05-06 02:16:00,10.84,10.86,10.82,10.82,120000,10.8363,11
12107,2015-05-06 02:17:00,10.84,10.84,10.84,10.84,8000,10.84,1
12108,2015-05-06 02:18:00,10.84,10.84,10.84,10.84,18000,10.84,2
12109,2015-05-06 02:19:00,10.84,10.84,10.8,10.84,186000,10.8335,5
12110,2015-05-06 02:20:00,10.84,10.84,10.84,10.84,0,10.84,0
12111,2015-05-06 02:21:00,10.82,10.82,10.82,10.82,6000,10.82,2
12112,2015-05-06 02:22:00,10.84,10.84,10.84,10.84,12000,10.84,2
12113,2015-05-06 02:23:00,10.82,10.84,10.82,10.82,76000,10.8321,11
12114,2015-05-06 02:24:00,10.82,10.82,10.82,10.82,0,10.82,0
12115,2015-05-06 02:25:00,10.82,10.82,10.82,10.82,10000,10.82,1
12116,2015-05-06 02:26:00,10.8,10.8,10.8,10.8,8000,10.8,2
12117,2015-05-06 02:27:00,10.8,10.8,10.76,10.76,604000,10.7945,12
12118,2015-05-06 02:28:00,10.76,10.76,10.74,10.74,46000,10.7417,4
12119,2015-05-06 02:29:00,10.72,10.76,10.7,10.76,156000,10.7267,5
12120,2015-05-06 02:30:00,10.72,10.76,10.72,10.76,268000,10.7267,7
12121,2015-05-06 02:31:00,10.78,10.78,10.78,10.78,2000,10.78,1
12122,2015-05-06 02:32:00,10.78,10.78,10.78,10.78,0,10.78,0
12123,2015-05-06 02:33:00,10.78,10.8,10.78,10.8,110000,10.7818,5
12124,2015-05-06 02:34:00,10.8,10.8,10.78,10.8,36000,10.7833,3
12125,2015-05-06 02:35:00,10.8,10.82,10.8,10.82,64000,10.8081,7
12126,2015-05-06 02:36:00,10.82,10.82,10.82,10.82,0,10.82,0
12127,2015-05-06 02:37:00,10.82,10.82,10.82,10.82,54000,10.82,12
12128,2015-05-06 02:38:00,10.82,10.82,10.8,10.8,70000,10.8006,2
12129,2015-05-06 02:39:00,10.78,10.78,10.76,10.76,82000,10.7722,6
12130,2015-05-06 02:40:00,10.76,10.76,10.76,10.76,0,10.76,0
12131,2015-05-06 02:41:00,10.74,10.76,10.74,10.76,22000,10.7509,3
12132,2015-05-06 02:42:00,10.76,10.76,10.74,10.74,58000,10.7566,6
12133,2015-05-06 02:43:00,10.74,10.74,10.74,10.74,24000,10.74,3
12134,2015-05-06 02:44:00,10.74,10.76,10.74,10.76,92000,10.743,12
12135,2015-05-06 02:45:00,10.74,10.74,10.72,10.72,22000,10.7327,5
12136,2015-05-06 02:46:00,10.72,10.72,10.7,10.7,28000,10.7014,3
12137,2015-05-06 02:47:00,10.7,10.7,10.68,10.68,150000,10.6995,6
12138,2015-05-06 02:48:00,10.7,10.7,10.68,10.68,6000,10.6867,2
12139,2015-05-06 02:49:00,10.68,10.68,10.68,10.68,16000,10.68,3
12140,2015-05-06 02:50:00,10.68,10.68,10.66,10.68,292000,10.6752,12
12141,2015-05-06 02:51:00,10.66,10.66,10.66,10.66,74000,10.66,3
12142,2015-05-06 02:52:00,10.66,10.66,10.66,10.66,20000,10.66,5
12143,2015-05-06 02:53:00,10.66,10.68,10.64,10.66,16000,10.6575,4
12144,2015-05-06 02:54:00,10.68,10.7,10.68,10.68,148000,10.6814,4
12145,2015-05-06 02:55:00,10.7,10.7,10.68,10.68,94000,10.6821,4
12146,2015-05-06 02:56:00,10.68,10.68,10.66,10.66,38000,10.6653,5
12147,2015-05-06 02:57:00,10.66,10.68,10.64,10.68,48000,10.6575,7
12148,2015-05-06 02:58:00,10.66,10.68,10.66,10.66,26000,10.6677,7
12149,2015-05-06 02:59:00,10.68,10.68,10.66,10.66,36000,10.6622,3
12150,2015-05-06 03:00:00,10.64,10.64,10.64,10.64,10000,10.64,3
12151,2015-05-06 03:01:00,10.64,10.64,10.64,10.64,32000,10.64,5
12152,2015-05-06 03:02:00,10.64,10.64,10.64,10.64,10000,10.64,3
12153,2015-05-06 03:03:00,10.64,10.66,10.64,10.66,34000,10.6459,3
12154,2015-05-06 03:04:00,10.64,10.64,10.64,10.64,20000,10.64,1
12155,2015-05-06 03:05:00,10.64,10.68,10.64,10.68,194000,10.6647,5
12156,2015-05-06 03:06:00,10.7,10.7,10.68,10.68,24000,10.69,4
12157,2015-05-06 03:07:00,10.72,10.72,10.72,10.72,20000,10.72,1
12158,2015-05-06 03:08:00,10.72,10.72,10.72,10.72,10000,10.72,1
12159,2015-05-06 03:09:00,10.72,10.72,10.72,10.72,24000,10.72,3
12160,2015-05-06 03:10:00,10.7,10.7,10.7,10.7,2000,10.7,1
12161,2015-05-06 03:11:00,10.7,10.72,10.7,10.7,26000,10.7015,3
12162,2015-05-06 03:12:00,10.72,10.72,10.72,10.72,118000,10.72,2
12163,2015-05-06 03:13:00,10.74,10.74,10.74,10.74,36000,10.74,3
12164,2015-05-06 03:14:00,10.74,10.76,10.74,10.76,12000,10.7467,2
12165,2015-05-06 03:15:00,10.76,10.76,10.76,10.76,4000,10.76,1
12166,2015-05-06 03:16:00,10.76,10.76,10.76,10.76,0,10.76,0
12167,2015-05-06 03:17:00,10.78,10.8,10.78,10.8,120000,10.7807,5
12168,2015-05-06 03:18:00,10.78,10.78,10.78,10.78,14000,10.78,2
12169,2015-05-06 03:19:00,10.76,10.76,10.76,10.76,4000,10.76,1
12170,2015-05-06 03:20:00,10.76,10.76,10.74,10.74,130000,10.7597,2
12171,2015-05-06 03:21:00,10.7,10.7,10.7,10.7,4000,10.7,1
12172,2015-05-06 03:22:00,10.7,10.7,10.68,10.68,44000,10.6991,7
12173,2015-05-06 03:23:00,10.68,10.7,10.68,10.7,30000,10.6813,3
12174,2015-05-06 03:24:00,10.7,10.7,10.7,10.7,2000,10.7,1
12175,2015-05-06 03:25:00,10.7,10.72,10.68,10.72,22000,10.6982,5
12176,2015-05-06 03:26:00,10.72,10.72,10.72,10.72,72000,10.72,3
12177,2015-05-06 03:27:00,10.72,10.74,10.72,10.74,6000,10.7333,2
12178,2015-05-06 03:28:00,10.74,10.74,10.72,10.72,6000,10.7333,2
12179,2015-05-06 03:29:00,10.74,10.74,10.74,10.74,8000,10.74,3
12180,2015-05-06 03:30:00,10.74,10.74,10.72,10.72,40000,10.723,3
12181,2015-05-06 03:31:00,10.72,10.72,10.7,10.72,52000,10.7069,4
12182,2015-05-06 03:32:00,10.72,10.72,10.72,10.72,4000,10.72,1
12183,2015-05-06 03:33:00,10.72,10.72,10.72,10.72,10000,10.72,1
12184,2015-05-06 03:34:00,10.74,10.74,10.72,10.72,10000,10.728,3
12185,2015-05-06 03:35:00,10.72,10.74,10.72,10.74,16000,10.735,3
12186,2015-05-06 03:36:00,10.72,10.72,10.72,10.72,66000,10.72,6
12187,2015-05-06 03:37:00,10.7,10.72,10.7,10.7,38000,10.7011,3
12188,2015-05-06 03:38:00,10.72,10.72,10.72,10.72,4000,10.72,1
12189,2015-05-06 03:39:00,10.7,10.7,10.7,10.7,4000,10.7,1
12190,2015-05-06 03:40:00,10.72,10.72,10.7,10.72,10000,10.716,3
12191,2015-05-06 03:41:00,10.72,10.74,10.72,10.74,188000,10.7264,8
12192,2015-05-06 03:42:00,10.72,10.76,10.72,10.76,66000,10.7533,5
12193,2015-05-06 03:43:00,10.76,10.76,10.76,10.76,10000,10.76,2
12194,2015-05-06 03:44:00,10.74,10.76,10.74,10.76,22000,10.7582,4
12195,2015-05-06 03:45:00,10.78,10.78,10.78,10.78,14000,10.78,2
12196,2015-05-06 03:46:00,10.78,10.78,10.76,10.76,24000,10.7633,3
12197,2015-05-06 03:47:00,10.76,10.78,10.74,10.76,14000,10.7571,5
12198,2015-05-06 03:48:00,10.76,10.78,10.74,10.74,100000,10.7604,4
12199,2015-05-06 03:49:00,10.74,10.76,10.74,10.76,24000,10.7433,5
12200,2015-05-06 03:50:00,10.76,10.76,10.74,10.76,214000,10.7594,8
12201,2015-05-06 03:51:00,10.76,10.76,10.74,10.74,14000,10.7514,4
12202,2015-05-06 03:52:00,10.74,10.76,10.74,10.74,14000,10.7457,4
12203,2015-05-06 03:53:00,10.74,10.76,10.74,10.74,18000,10.7467,5
12204,2015-05-06 03:54:00,10.76,10.76,10.74,10.74,44000,10.7509,7
12205,2015-05-06 03:55:00,10.76,10.76,10.74,10.76,42000,10.7562,7
12206,2015-05-06 03:56:00,10.76,10.76,10.74,10.74,20000,10.748,9
12207,2015-05-06 03:57:00,10.76,10.76,10.74,10.74,112000,10.7554,16
12208,2015-05-06 03:58:00,10.76,10.76,10.74,10.74,346000,10.7438,31
12209,2015-05-06 03:59:00,10.76,10.78,10.68,10.78,968000,10.7131,69
12210,2015-05-06 21:30:00,10.7,10.76,10.7,10.76,22000,10.7491,2
12211,2015-05-06 21:31:00,10.76,10.76,10.76,10.76,0,10.76,0
12212,2015-05-06 21:32:00,10.76,10.76,10.76,10.76,6000,10.76,1
12213,2015-05-06 21:33:00,10.76,10.84,10.76,10.76,62000,10.7839,7
12214,2015-05-06 21:34:00,10.8,10.8,10.8,10.8,4000,10.8,1
12215,2015-05-06 21:35:00,10.82,10.82,10.8,10.8,6000,10.8133,2
12216,2015-05-06 21:36:00,10.8,10.8,10.8,10.8,2000,10.8,1
12217,2015-05-06 21:37:00,10.8,10.82,10.8,10.82,26000,10.8046,2
12218,2015-05-06 21:38:00,10.78,10.78,10.72,10.76,148000,10.77,8
12219,2015-05-06 21:39:00,10.76,10.76,10.74,10.74,24000,10.75,2
12220,2015-05-06 21:40:00,10.74,10.74,10.74,10.74,6000,10.74,2
12221,2015-05-06 21:41:00,10.74,10.8,10.74,10.8,112000,10.78,4
12222,2015-05-06 21:42:00,10.8,10.9,10.8,10.88,394000,10.8469,15
12223,2015-05-06 21:43:00,10.84,10.86,10.82,10.82,42000,10.841,4
12224,2015-05-06 21:44:00,10.82,10.9,10.82,10.86,306000,10.8712,12
12225,2015-05-06 21:45:00,10.86,10.86,10.86,10.86,0,10.86,0
12226,2015-05-06 21:46:00,10.82,10.84,10.82,10.84,8000,10.835,2
12227,2015-05-06 21:47:00,10.84,10.84,10.78,10.78,74000,10.8081,5
12228,2015-05-06 21:48:00,10.76,10.76,10.74,10.74,20000,10.75,2
12229,2015-05-06 21:49:00,10.72,10.74,10.72,10.74,60000,10.7293,4
12230,2015-05-06 21:50:00,10.74,10.74,10.72,10.72,4000,10.73,2
12231,2015-05-06 21:51:00,10.76,10.76,10.72,10.72,12000,10.73,4
12232,2015-05-06 21:52:00,10.72,10.78,10.68,10.78,260000,10.7372,6
12233,2015-05-06 21:53:00,10.82,10.82,10.78,10.82,158000,10.8035,11
12234,2015-05-06 21:54:00,10.82,10.82,10.82,10.82,6000,10.82,1
12235,2015-05-06 21:55:00,10.82,10.82,10.78,10.82,296000,10.8023,6
12236,2015-05-06 21:56:00,10.82,10.82,10.8,10.8,36000,10.8144,3
12237,2015-05-06 21:57:00,10.8,10.8,10.8,10.8,10000,10.8,1
12238,2015-05-06 21:58:00,10.8,10.82,10.8,10.82,6000,10.8067,2
12239,2015-05-06 21:59:00,10.84,10.84,10.84,10.84,12000,10.84,1
12240,2015-05-06 22:00:00,10.84,10.86,10.84,10.86,218000,10.8497,5
12241,2015-05-06 22:01:00,10.86,10.86,10.86,10.86,0,10.86,0
12242,2015-05-06 22:02:00,10.86,10.86,10.86,10.86,0,10.86,0
12243,2015-05-06 22:03:00,10.86,10.86,10.86,10.86,0,10.86,0
12244,2015-05-06 22:04:00,10.88,10.88,10.86,10.86,42000,10.8762,3
12245,2015-05-06 22:05:00,10.86,10.86,10.86,10.86,108000,10.86,3
12246,2015-05-06 22:06:00,10.84,10.84,10.82,10.82,250000,10.839,5
12247,2015-05-06 22:07:00,10.78,10.78,10.74,10.74,56000,10.7629,5
12248,2015-05-06 22:08:00,10.72,10.74,10.72,10.72,22000,10.7273,5
12249,2015-05-06 22:09:00,10.7,10.7,10.68,10.68,28000,10.6971,3
12250,2015-05-06 22:10:00,10.68,10.68,10.68,10.68,26000,10.68,4
12251,2015-05-06 22:11:00,10.68,10.68,10.68,10.68,82000,10.68,4
12252,2015-05-06 22:12:00,10.66,10.66,10.66,10.66,14000,10.66,2
12253,2015-05-06 22:13:00,10.68,10.7,10.66,10.7,214000,10.683,7
12254,2015-05-06 22:14:00,10.68,10.68,10.68,10.68,2000,10.68,1
12255,2015-05-06 22:15:00,10.68,10.68,10.68,10.68,0,10.68,0
12256,2015-05-06 22:16:00,10.7,10.7,10.68,10.68,34000,10.6953,3
12257,2015-05-06 22:17:00,10.64,10.64,10.64,10.64,10000,10.64,1
12258,2015-05-06 22:18:00,10.64,10.66,10.64,10.66,18000,10.6444,4
12259,2015-05-06 22:19:00,10.66,10.66,10.66,10.66,0,10.66,0
12260,2015-05-06 22:20:00,10.64,10.64,10.64,10.64,34000,10.64,4
12261,2015-05-06 22:21:00,10.64,10.66,10.64,10.66,10000,10.644,3
12262,2015-05-06 22:22:00,10.66,10.66,10.66,10.66,0,10.66,0
12263,2015-05-06 22:23:00,10.66,10.74,10.66,10.74,324000,10.6822,13
12264,2015-05-06 22:24:00,10.74,10.76,10.74,10.76,12000,10.75,3
12265,2015-05-06 22:25:00,10.74,10.74,10.74,10.74,10000,10.74,1
12266,2015-05-06 22:26:00,10.74,10.74,10.74,10.74,0,10.74,0
12267,2015-05-06 22:27:00,10.74,10.74,10.74,10.74,0,10.74,0
12268,2015-05-06 22:28:00,10.74,10.74,10.74,10.74,0,10.74,0
12269,2015-05-06 22:29:00,10.76,10.76,10.76,10.76,2000,10.76,1
12270,2015-05-06 22:30:00,10.74,10.74,10.74,10.74,4000,10.74,1
12271,2015-05-06 22:31:00,10.74,10.74,10.74,10.74,0,10.74,0
12272,2015-05-06 22:32:00,10.74,10.74,10.74,10.74,0,10.74,0
12273,2015-05-06 22:33:00,10.74,10.76,10.74,10.76,8000,10.755,3
12274,2015-05-06 22:34:00,10.74,10.84,10.74,10.82,366000,10.784,23
12275,2015-05-06 22:35:00,10.8,10.8,10.78,10.78,62000,10.7974,2
12276,2015-05-06 22:36:00,10.78,10.78,10.78,10.78,0,10.78,0
12277,2015-05-06 22:37:00,10.78,10.78,10.78,10.78,26000,10.78,3
12278,2015-05-06 22:38:00,10.78,10.78,10.78,10.78,0,10.78,0
12279,2015-05-06 22:39:00,10.8,10.8,10.8,10.8,50000,10.8,1
12280,2015-05-06 22:40:00,10.8,10.8,10.8,10.8,34000,10.8,3
12281,2015-05-06 22:41:00,10.78,10.78,10.78,10.78,10000,10.78,1
12282,2015-05-06 22:42:00,10.76,10.76,10.74,10.74,28000,10.7543,4
12283,2015-05-06 22:43:00,10.74,10.74,10.72,10.72,8000,10.73,3
12284,2015-05-06 22:44:00,10.72,10.72,10.72,10.72,30000,10.72,3
12285,2015-05-06 22:45:00,10.72,10.72,10.7,10.7,24000,10.71,3
12286,2015-05-06 22:46:00,10.7,10.7,10.7,10.7,12000,10.7,2
12287,2015-05-06 22:47:00,10.7,10.7,10.7,10.7,0,10.7,0
12288,2015-05-06 22:48:00,10.68,10.68,10.68,10.68,2000,10.68,1
12289,2015-05-06 22:49:00,10.68,10.68,10.68,10.68,222000,10.68,4
12290,2015-05-06 22:50:00,10.68,10.72,10.68,10.72,70000,10.6983,6
12291,2015-05-06 22:51:00,10.72,10.72,10.72,10.72,0,10.72,0
12292,2015-05-06 22:52:00,10.72,10.72,10.72,10.72,0,10.72,0
12293,2015-05-06 22:53:00,10.72,10.72,10.7,10.7,26000,10.7154,5
12294,2015-05-06 22:54:00,10.7,10.7,10.7,10.7,12000,10.7,2
12295,2015-05-06 22:55:00,10.7,10.7,10.7,10.7,10000,10.7,2
12296,2015-05-06 22:56:00,10.7,10.72,10.7,10.7,76000,10.7037,5
12297,2015-05-06 22:57:00,10.66,10.66,10.66,10.66,10000,10.66,2
12298,2015-05-06 22:58:00,10.66,10.66,10.66,10.66,12000,10.66,3
12299,2015-05-06 22:59:00,10.66,10.66,10.66,10.66,12000,10.66,2
12300,2015-05-06 23:00:00,10.66,10.68,10.66,10.68,22000,10.6709,4
12301,2015-05-06 23:01:00,10.66,10.66,10.66,10.66,6000,10.66,1
12302,2015-05-06 23:02:00,10.66,10.76,10.66,10.76,202000,10.6929,11
12303,2015-05-06 23:03:00,10.76,10.76,10.76,10.76,0,10.76,0
12304,2015-05-06 23:04:00,10.76,10.76,10.76,10.76,10000,10.76,1
12305,2015-05-06 23:05:00,10.76,10.76,10.76,10.76,12000,10.76,1
12306,2015-05-06 23:06:00,10.74,10.74,10.72,10.72,56000,10.7371,4
12307,2015-05-06 23:07:00,10.72,10.72,10.72,10.72,0,10.72,0
12308,2015-05-06 23:08:00,10.72,10.72,10.72,10.72,2000,10.72,1
12309,2015-05-06 23:09:00,10.7,10.7,10.7,10.7,4000,10.7,1
12310,2015-05-06 23:10:00,10.7,10.7,10.68,10.68,10000,10.688,2
12311,2015-05-06 23:11:00,10.7,10.7,10.7,10.7,2000,10.7,1
12312,2015-05-06 23:12:00,10.7,10.7,10.68,10.68,40000,10.698,8
12313,2015-05-06 23:13:00,10.68,10.7,10.68,10.7,18000,10.6867,6
12314,2015-05-06 23:14:00,10.68,10.68,10.68,10.68,6000,10.68,1
12315,2015-05-06 23:15:00,10.68,10.68,10.68,10.68,16000,10.68,3
12316,2015-05-06 23:16:00,10.68,10.68,10.68,10.68,18000,10.68,6
12317,2015-05-06 23:17:00,10.68,10.68,10.68,10.68,6000,10.68,1
12318,2015-05-06 23:18:00,10.68,10.68,10.66,10.66,44000,10.6736,5
12319,2015-05-06 23:19:00,10.66,10.66,10.64,10.64,84000,10.6576,8
12320,2015-05-06 23:20:00,10.64,10.64,10.64,10.64,16000,10.64,4
12321,2015-05-06 23:21:00,10.64,10.64,10.64,10.64,6000,10.64,1
12322,2015-05-06 23:22:00,10.64,10.64,10.64,10.64,24000,10.64,6
12323,2015-05-06 23:23:00,10.64,10.64,10.64,10.64,6000,10.64,2
12324,2015-05-06 23:24:00,10.66,10.66,10.64,10.64,24000,10.6417,7
12325,2015-05-06 23:25:00,10.64,10.64,10.64,10.64,8000,10.64,2
12326,2015-05-06 23:26:00,10.64,10.64,10.64,10.64,18000,10.64,5
12327,2015-05-06 23:27:00,10.64,10.64,10.62,10.64,114000,10.6361,8
12328,2015-05-06 23:28:00,10.62,10.62,10.62,10.62,22000,10.62,5
12329,2015-05-06 23:29:00,10.62,10.62,10.6,10.6,384000,10.6041,9
12330,2015-05-06 23:30:00,10.6,10.6,10.6,10.6,26000,10.6,4
12331,2015-05-06 23:31:00,10.6,10.66,10.6,10.66,186000,10.6237,7
12332,2015-05-06 23:32:00,10.68,10.68,10.68,10.68,12000,10.68,1
12333,2015-05-06 23:33:00,10.68,10.68,10.68,10.68,0,10.68,0
12334,2015-05-06 23:34:00,10.68,10.68,10.68,10.68,0,10.68,0
12335,2015-05-06 23:35:00,10.68,10.68,10.68,10.68,0,10.68,0
12336,2015-05-06 23:36:00,10.64,10.64,10.64,10.64,2000,10.64,1
12337,2015-05-06 23:37:00,10.64,10.64,10.64,10.64,0,10.64,0
12338,2015-05-06 23:38:00,10.64,10.64,10.64,10.64,0,10.64,0
12339,2015-05-06 23:39:00,10.64,10.64,10.64,10.64,2000,10.64,1
12340,2015-05-06 23:40:00,10.64,10.64,10.62,10.62,84000,10.6381,2
12341,2015-05-06 23:41:00,10.62,10.62,10.62,10.62,24000,10.62,4
12342,2015-05-06 23:42:00,10.62,10.62,10.62,10.62,8000,10.62,3
12343,2015-05-06 23:43:00,10.62,10.62,10.62,10.62,12000,10.62,2
12344,2015-05-06 23:44:00,10.62,10.64,10.62,10.64,36000,10.6244,7
12345,2015-05-06 23:45:00,10.62,10.62,10.62,10.62,6000,10.62,1
12346,2015-05-06 23:46:00,10.62,10.62,10.62,10.62,10000,10.62,2
12347,2015-05-06 23:47:00,10.62,10.64,10.62,10.62,34000,10.6271,7
12348,2015-05-06 23:48:00,10.62,10.62,10.62,10.62,0,10.62,0
12349,2015-05-06 23:49:00,10.62,10.62,10.62,10.62,20000,10.62,5
12350,2015-05-06 23:50:00,10.62,10.64,10.62,10.62,30000,10.6213,8
12351,2015-05-06 23:51:00,10.64,10.64,10.62,10.62,10000,10.624,3
12352,2015-05-06 23:52:00,10.62,10.64,10.62,10.62,50000,10.6216,9
12353,2015-05-06 23:53:00,10.62,10.64,10.62,10.64,172000,10.6391,9
12354,2015-05-06 23:54:00,10.64,10.64,10.64,10.64,0,10.64,0
12355,2015-05-06 23:55:00,10.64,10.64,10.64,10.64,0,10.64,0
12356,2015-05-06 23:56:00,10.64,10.64,10.64,10.64,0,10.64,0
12357,2015-05-06 23:57:00,10.64,10.64,10.62,10.62,294000,10.6253,6
12358,2015-05-06 23:58:00,10.6,10.6,10.6,10.6,12000,10.6,2
12359,2015-05-06 23:59:00,10.6,10.6,10.58,10.6,50000,10.5968,8
12360,2015-05-07 01:00:00,10.6,10.62,10.58,10.62,58000,10.6007,7
12361,2015-05-07 01:01:00,10.62,10.62,10.62,10.62,0,10.62,0
12362,2015-05-07 01:02:00,10.62,10.62,10.62,10.62,0,10.62,0
12363,2015-05-07 01:03:00,10.62,10.62,10.62,10.62,0,10.62,0
12364,2015-05-07 01:04:00,10.6,10.6,10.58,10.58,36000,10.5989,2
12365,2015-05-07 01:05:00,10.58,10.6,10.58,10.6,10000,10.584,3
12366,2015-05-07 01:06:00,10.6,10.6,10.6,10.6,68000,10.6,1
12367,2015-05-07 01:07:00,10.6,10.6,10.6,10.6,6000,10.6,1
12368,2015-05-07 01:08:00,10.6,10.6,10.6,10.6,80000,10.6,3
12369,2015-05-07 01:09:00,10.58,10.58,10.54,10.54,168000,10.5514,4
12370,2015-05-07 01:10:00,10.54,10.54,10.54,10.54,4000,10.54,1
12371,2015-05-07 01:11:00,10.52,10.54,10.52,10.54,24000,10.5383,4
12372,2015-05-07 01:12:00,10.54,10.54,10.54,10.54,18000,10.54,1
12373,2015-05-07 01:13:00,10.54,10.54,10.54,10.54,0,10.54,0
12374,2015-05-07 01:14:00,10.54,10.54,10.54,10.54,2000,10.54,1
12375,2015-05-07 01:15:00,10.54,10.54,10.54,10.54,0,10.54,0
12376,2015-05-07 01:16:00,10.54,10.54,10.54,10.54,0,10.54,0
12377,2015-05-07 01:17:00,10.54,10.54,10.54,10.54,0,10.54,0
12378,2015-05-07 01:18:00,10.54,10.54,10.54,10.54,6000,10.54,2
12379,2015-05-07 01:19:00,10.54,10.54,10.54,10.54,0,10.54,0
12380,2015-05-07 01:20:00,10.56,10.56,10.56,10.56,22000,10.56,2
12381,2015-05-07 01:21:00,10.54,10.54,10.54,10.54,2000,10.54,1
12382,2015-05-07 01:22:00,10.54,10.54,10.52,10.52,128000,10.5294,3
12383,2015-05-07 01:23:00,10.52,10.52,10.5,10.5,8000,10.515,2
12384,2015-05-07 01:24:00,10.5,10.5,10.5,10.5,8000,10.5,2
12385,2015-05-07 01:25:00,10.5,10.5,10.48,10.48,208000,10.4962,8
12386,2015-05-07 01:26:00,10.48,10.5,10.48,10.5,36000,10.4922,4
12387,2015-05-07 01:27:00,10.5,10.58,10.5,10.58,286000,10.5213,10
12388,2015-05-07 01:28:00,10.58,10.58,10.58,10.58,0,10.58,0
12389,2015-05-07 01:29:00,10.58,10.58,10.58,10.58,2000,10.58,1
12390,2015-05-07 01:30:00,10.58,10.58,10.58,10.58,0,10.58,0
12391,2015-05-07 01:31:00,10.58,10.58,10.56,10.56,82000,10.5688,4
12392,2015-05-07 01:32:00,10.54,10.54,10.54,10.54,4000,10.54,1
12393,2015-05-07 01:33:00,10.56,10.56,10.56,10.56,8000,10.56,2
12394,2015-05-07 01:34:00,10.56,10.58,10.56,10.58,74000,10.5616,4
12395,2015-05-07 01:35:00,10.58,10.58,10.58,10.58,12000,10.58,1
12396,2015-05-07 01:36:00,10.58,10.58,10.58,10.58,2000,10.58,1
12397,2015-05-07 01:37:00,10.58,10.58,10.58,10.58,0,10.58,0
12398,2015-05-07 01:38:00,10.56,10.56,10.54,10.54,32000,10.5588,5
12399,2015-05-07 01:39:00,10.54,10.54,10.54,10.54,0,10.54,0
12400,2015-05-07 01:40:00,10.54,10.54,10.54,10.54,24000,10.54,3
12401,2015-05-07 01:41:00,10.52,10.58,10.52,10.58,102000,10.531,7
12402,2015-05-07 01:42:00,10.58,10.58,10.58,10.58,0,10.58,0
12403,2015-05-07 01:43:00,10.58,10.58,10.58,10.58,0,10.58,0
12404,2015-05-07 01:44:00,10.58,10.58,10.58,10.58,0,10.58,0
12405,2015-05-07 01:45:00,10.58,10.58,10.58,10.58,0,10.58,0
12406,2015-05-07 01:46:00,10.58,10.58,10.58,10.58,0,10.58,0
12407,2015-05-07 01:47:00,10.58,10.58,10.58,10.58,0,10.58,0
12408,2015-05-07 01:48:00,10.58,10.58,10.56,10.56,22000,10.5764,2
12409,2015-05-07 01:49:00,10.56,10.56,10.56,10.56,0,10.56,0
12410,2015-05-07 01:50:00,10.58,10.6,10.58,10.6,102000,10.5863,6
12411,2015-05-07 01:51:00,10.6,10.6,10.6,10.6,42000,10.6,4
12412,2015-05-07 01:52:00,10.6,10.6,10.6,10.6,4000,10.6,1
12413,2015-05-07 01:53:00,10.6,10.6,10.6,10.6,4000,10.6,1
12414,2015-05-07 01:54:00,10.6,10.6,10.6,10.6,0,10.6,0
12415,2015-05-07 01:55:00,10.6,10.6,10.6,10.6,0,10.6,0
12416,2015-05-07 01:56:00,10.6,10.6,10.6,10.6,6000,10.6,2
12417,2015-05-07 01:57:00,10.62,10.62,10.62,10.62,2000,10.62,1
12418,2015-05-07 01:58:00,10.6,10.6,10.6,10.6,2000,10.6,1
12419,2015-05-07 01:59:00,10.6,10.6,10.6,10.6,2000,10.6,1
12420,2015-05-07 02:00:00,10.62,10.66,10.62,10.64,212000,10.6279,15
12421,2015-05-07 02:01:00,10.64,10.64,10.64,10.64,0,10.64,0
12422,2015-05-07 02:02:00,10.66,10.66,10.66,10.66,34000,10.66,2
12423,2015-05-07 02:03:00,10.66,10.66,10.66,10.66,0,10.66,0
12424,2015-05-07 02:04:00,10.68,10.68,10.68,10.68,2000,10.68,1
12425,2015-05-07 02:05:00,10.68,10.68,10.68,10.68,10000,10.68,2
12426,2015-05-07 02:06:00,10.66,10.66,10.66,10.66,2000,10.66,1
12427,2015-05-07 02:07:00,10.66,10.66,10.64,10.64,126000,10.6486,7
12428,2015-05-07 02:08:00,10.64,10.64,10.64,10.64,14000,10.64,2
12429,2015-05-07 02:09:00,10.64,10.66,10.64,10.64,28000,10.6457,5
12430,2015-05-07 02:10:00,10.64,10.64,10.64,10.64,0,10.64,0
12431,2015-05-07 02:11:00,10.64,10.64,10.64,10.64,0,10.64,0
12432,2015-05-07 02:12:00,10.66,10.66,10.66,10.66,8000,10.66,1
12433,2015-05-07 02:13:00,10.66,10.66,10.66,10.66,0,10.66,0
12434,2015-05-07 02:14:00,10.66,10.66,10.66,10.66,0,10.66,0
12435,2015-05-07 02:15:00,10.66,10.66,10.66,10.66,24000,10.66,3
12436,2015-05-07 02:16:00,10.66,10.66,10.64,10.64,6000,10.6467,2
12437,2015-05-07 02:17:00,10.66,10.66,10.66,10.66,6000,10.66,1
12438,2015-05-07 02:18:00,10.66,10.66,10.66,10.66,16000,10.66,3
12439,2015-05-07 02:19:00,10.66,10.66,10.66,10.66,0,10.66,0
12440,2015-05-07 02:20:00,10.66,10.66,10.66,10.66,4000,10.66,1
12441,2015-05-07 02:21:00,10.64,10.64,10.64,10.64,2000,10.64,1
12442,2015-05-07 02:22:00,10.66,10.66,10.66,10.66,2000,10.66,1
12443,2015-05-07 02:23:00,10.66,10.66,10.66,10.66,12000,10.66,1
12444,2015-05-07 02:24:00,10.66,10.66,10.66,10.66,2000,10.66,1
12445,2015-05-07 02:25:00,10.66,10.66,10.64,10.66,10000,10.656,4
12446,2015-05-07 02:26:00,10.64,10.64,10.64,10.64,2000,10.64,1
12447,2015-05-07 02:27:00,10.66,10.66,10.66,10.66,6000,10.66,2
12448,2015-05-07 02:28:00,10.66,10.66,10.66,10.66,18000,10.66,1
12449,2015-05-07 02:29:00,10.64,10.64,10.64,10.64,2000,10.64,1
12450,2015-05-07 02:30:00,10.66,10.66,10.66,10.66,46000,10.66,3
12451,2015-05-07 02:31:00,10.66,10.68,10.66,10.68,86000,10.6674,10
12452,2015-05-07 02:32:00,10.68,10.68,10.68,10.68,34000,10.68,2
12453,2015-05-07 02:33:00,10.68,10.68,10.68,10.68,2000,10.68,1
12454,2015-05-07 02:34:00,10.68,10.68,10.68,10.68,0,10.68,0
12455,2015-05-07 02:35:00,10.68,10.68,10.68,10.68,42000,10.68,4
12456,2015-05-07 02:36:00,10.68,10.68,10.68,10.68,0,10.68,0
12457,2015-05-07 02:37:00,10.68,10.68,10.68,10.68,2000,10.68,1
12458,2015-05-07 02:38:00,10.68,10.68,10.66,10.66,56000,10.6771,3
12459,2015-05-07 02:39:00,10.64,10.64,10.64,10.64,4000,10.64,2
12460,2015-05-07 02:40:00,10.64,10.64,10.64,10.64,22000,10.64,2
12461,2015-05-07 02:41:00,10.64,10.64,10.64,10.64,0,10.64,0
12462,2015-05-07 02:42:00,10.62,10.62,10.62,10.62,54000,10.62,4
12463,2015-05-07 02:43:00,10.62,10.62,10.62,10.62,2000,10.62,1
12464,2015-05-07 02:44:00,10.62,10.62,10.58,10.58,66000,10.6018,6
12465,2015-05-07 02:45:00,10.58,10.58,10.58,10.58,38000,10.58,5
12466,2015-05-07 02:46:00,10.58,10.58,10.58,10.58,0,10.58,0
12467,2015-05-07 02:47:00,10.58,10.58,10.58,10.58,6000,10.58,2
12468,2015-05-07 02:48:00,10.58,10.58,10.58,10.58,8000,10.58,1
12469,2015-05-07 02:49:00,10.58,10.58,10.58,10.58,2000,10.58,1
12470,2015-05-07 02:50:00,10.6,10.66,10.6,10.66,118000,10.6068,7
12471,2015-05-07 02:51:00,10.68,10.68,10.68,10.68,6000,10.68,1
12472,2015-05-07 02:52:00,10.66,10.66,10.66,10.66,14000,10.66,1
12473,2015-05-07 02:53:00,10.66,10.68,10.66,10.68,34000,10.6624,4
12474,2015-05-07 02:54:00,10.66,10.66,10.66,10.66,78000,10.66,5
12475,2015-05-07 02:55:00,10.66,10.66,10.66,10.66,4000,10.66,1
12476,2015-05-07 02:56:00,10.66,10.66,10.66,10.66,36000,10.66,2
12477,2015-05-07 02:57:00,10.68,10.68,10.68,10.68,12000,10.68,1
12478,2015-05-07 02:58:00,10.68,10.68,10.68,10.68,10000,10.68,1
12479,2015-05-07 02:59:00,10.68,10.68,10.68,10.68,0,10.68,0
12480,2015-05-07 03:00:00,10.7,10.7,10.7,10.7,4000,10.7,1
12481,2015-05-07 03:01:00,10.66,10.66,10.62,10.62,54000,10.6533,4
12482,2015-05-07 03:02:00,10.62,10.62,10.62,10.62,0,10.62,0
12483,2015-05-07 03:03:00,10.62,10.62,10.62,10.62,2000,10.62,1
12484,2015-05-07 03:04:00,10.64,10.64,10.64,10.64,2000,10.64,1
12485,2015-05-07 03:05:00,10.64,10.64,10.64,10.64,0,10.64,0
12486,2015-05-07 03:06:00,10.64,10.64,10.64,10.64,0,10.64,0
12487,2015-05-07 03:07:00,10.62,10.62,10.6,10.6,148000,10.6157,7
12488,2015-05-07 03:08:00,10.6,10.6,10.6,10.6,0,10.6,0
12489,2015-05-07 03:09:00,10.58,10.58,10.58,10.58,4000,10.58,1
12490,2015-05-07 03:10:00,10.6,10.6,10.6,10.6,6000,10.6,2
12491,2015-05-07 03:11:00,10.58,10.58,10.58,10.58,2000,10.58,1
12492,2015-05-07 03:12:00,10.58,10.6,10.58,10.58,16000,10.585,4
12493,2015-05-07 03:13:00,10.58,10.58,10.58,10.58,8000,10.58,2
12494,2015-05-07 03:14:00,10.58,10.58,10.58,10.58,0,10.58,0
12495,2015-05-07 03:15:00,10.6,10.6,10.6,10.6,66000,10.6,4
12496,2015-05-07 03:16:00,10.6,10.6,10.6,10.6,0,10.6,0
12497,2015-05-07 03:17:00,10.58,10.6,10.58,10.6,6000,10.5867,3
12498,2015-05-07 03:18:00,10.58,10.58,10.58,10.58,8000,10.58,1
12499,2015-05-07 03:19:00,10.58,10.6,10.58,10.6,14000,10.5829,3
12500,2015-05-07 03:20:00,10.6,10.6,10.6,10.6,48000,10.6,2
12501,2015-05-07 03:21:00,10.58,10.6,10.58,10.6,6000,10.5867,3
12502,2015-05-07 03:22:00,10.6,10.6,10.58,10.6,6000,10.5933,3
12503,2015-05-07 03:23:00,10.6,10.6,10.6,10.6,6000,10.6,1
12504,2015-05-07 03:24:00,10.58,10.58,10.58,10.58,10000,10.58,2
12505,2015-05-07 03:25:00,10.58,10.6,10.58,10.6,90000,10.5996,6
12506,2015-05-07 03:26:00,10.58,10.58,10.58,10.58,4000,10.58,1
12507,2015-05-07 03:27:00,10.6,10.6,10.6,10.6,6000,10.6,1
12508,2015-05-07 03:28:00,10.58,10.66,10.58,10.64,304000,10.6195,15
12509,2015-05-07 03:29:00,10.64,10.64,10.64,10.64,0,10.64,0
12510,2015-05-07 03:30:00,10.64,10.64,10.64,10.64,2000,10.64,1
12511,2015-05-07 03:31:00,10.64,10.64,10.64,10.64,134000,10.64,4
12512,2015-05-07 03:32:00,10.66,10.68,10.66,10.66,190000,10.6604,10
12513,2015-05-07 03:33:00,10.66,10.66,10.66,10.66,0,10.66,0
12514,2015-05-07 03:34:00,10.66,10.66,10.66,10.66,0,10.66,0
12515,2015-05-07 03:35:00,10.7,10.7,10.66,10.68,72000,10.69,5
12516,2015-05-07 03:36:00,10.68,10.68,10.68,10.68,0,10.68,0
12517,2015-05-07 03:37:00,10.66,10.66,10.64,10.64,146000,10.6567,8
12518,2015-05-07 03:38:00,10.62,10.64,10.62,10.62,36000,10.6333,5
12519,2015-05-07 03:39:00,10.64,10.66,10.64,10.66,46000,10.6426,4
12520,2015-05-07 03:40:00,10.66,10.66,10.66,10.66,0,10.66,0
12521,2015-05-07 03:41:00,10.66,10.66,10.66,10.66,0,10.66,0
12522,2015-05-07 03:42:00,10.68,10.68,10.66,10.66,22000,10.6745,2
12523,2015-05-07 03:43:00,10.68,10.68,10.66,10.66,16000,10.665,5
12524,2015-05-07 03:44:00,10.68,10.68,10.66,10.66,52000,10.6785,4
12525,2015-05-07 03:45:00,10.68,10.72,10.68,10.72,142000,10.6885,8
12526,2015-05-07 03:46:00,10.7,10.72,10.7,10.72,44000,10.7191,4
12527,2015-05-07 03:47:00,10.72,10.72,10.72,10.72,0,10.72,0
12528,2015-05-07 03:48:00,10.7,10.7,10.7,10.7,86000,10.7,6
12529,2015-05-07 03:49:00,10.68,10.68,10.64,10.64,208000,10.6762,3
12530,2015-05-07 03:50:00,10.64,10.64,10.64,10.64,62000,10.64,10
12531,2015-05-07 03:51:00,10.64,10.64,10.64,10.64,16000,10.64,2
12532,2015-05-07 03:52:00,10.64,10.64,10.62,10.64,48000,10.6358,5
12533,2015-05-07 03:53:00,10.64,10.64,10.62,10.64,164000,10.6366,9
12534,2015-05-07 03:54:00,10.64,10.64,10.64,10.64,4000,10.64,2
12535,2015-05-07 03:55:00,10.64,10.64,10.64,10.64,242000,10.64,10
12536,2015-05-07 03:56:00,10.64,10.64,10.64,10.64,186000,10.64,5
12537,2015-05-07 03:57:00,10.64,10.64,10.62,10.64,154000,10.6382,8
12538,2015-05-07 03:58:00,10.62,10.64,10.62,10.62,260000,10.6291,17
12539,2015-05-07 03:59:00,10.64,10.68,10.62,10.66,726000,10.635,98
12540,2015-05-07 21:30:00,10.62,10.72,10.62,10.62,8000,10.645,4
12541,2015-05-07 21:31:00,10.72,10.72,10.66,10.68,12000,10.6933,4
12542,2015-05-07 21:32:00,10.68,10.68,10.66,10.66,74000,10.673,19
12543,2015-05-07 21:33:00,10.68,10.68,10.56,10.56,104000,10.6231,19
12544,2015-05-07 21:34:00,10.62,10.64,10.6,10.64,8000,10.62,3
12545,2015-05-07 21:35:00,10.62,10.62,10.6,10.6,62000,10.6135,14
12546,2015-05-07 21:36:00,10.6,10.62,10.6,10.62,34000,10.6118,9
12547,2015-05-07 21:37:00,10.6,10.7,10.6,10.7,164000,10.642,19
12548,2015-05-07 21:38:00,10.7,10.72,10.7,10.72,76000,10.7032,9
12549,2015-05-07 21:39:00,10.72,10.74,10.7,10.74,48000,10.7108,6
12550,2015-05-07 21:40:00,10.72,10.72,10.72,10.72,40000,10.72,5
12551,2015-05-07 21:41:00,10.74,10.74,10.74,10.74,66000,10.74,12
12552,2015-05-07 21:42:00,10.74,10.74,10.74,10.74,0,10.74,0
12553,2015-05-07 21:43:00,10.74,10.74,10.74,10.74,0,10.74,0
12554,2015-05-07 21:44:00,10.72,10.72,10.7,10.7,44000,10.7109,3
12555,2015-05-07 21:45:00,10.68,10.68,10.68,10.68,2000,10.68,1
12556,2015-05-07 21:46:00,10.7,10.72,10.7,10.72,76000,10.7042,12
12557,2015-05-07 21:47:00,10.72,10.72,10.72,10.72,0,10.72,0
12558,2015-05-07 21:48:00,10.7,10.7,10.66,10.66,90000,10.6827,6
12559,2015-05-07 21:49:00,10.66,10.66,10.66,10.66,6000,10.66,2
12560,2015-05-07 21:50:00,10.66,10.66,10.66,10.66,6000,10.66,2
12561,2015-05-07 21:51:00,10.66,10.66,10.66,10.66,2000,10.66,1
12562,2015-05-07 21:52:00,10.66,10.66,10.66,10.66,0,10.66,0
12563,2015-05-07 21:53:00,10.66,10.66,10.66,10.66,44000,10.66,6
12564,2015-05-07 21:54:00,10.64,10.68,10.64,10.68,76000,10.6647,5
12565,2015-05-07 21:55:00,10.7,10.7,10.7,10.7,4000,10.7,1
12566,2015-05-07 21:56:00,10.7,10.7,10.7,10.7,2000,10.7,1
12567,2015-05-07 21:57:00,10.7,10.7,10.7,10.7,0,10.7,0
12568,2015-05-07 21:58:00,10.7,10.74,10.7,10.74,156000,10.7072,12
12569,2015-05-07 21:59:00,10.74,10.78,10.74,10.78,166000,10.7494,18
12570,2015-05-07 22:00:00,10.76,10.76,10.7,10.7,122000,10.7525,6
12571,2015-05-07 22:01:00,10.7,10.7,10.7,10.7,0,10.7,0
12572,2015-05-07 22:02:00,10.74,10.74,10.68,10.68,16000,10.7025,2
12573,2015-05-07 22:03:00,10.72,10.72,10.72,10.72,2000,10.72,1
12574,2015-05-07 22:04:00,10.7,10.7,10.7,10.7,42000,10.7,8
12575,2015-05-07 22:05:00,10.72,10.72,10.72,10.72,2000,10.72,1
12576,2015-05-07 22:06:00,10.72,10.76,10.72,10.76,64000,10.73,6
12577,2015-05-07 22:07:00,10.76,10.76,10.76,10.76,26000,10.76,5
12578,2015-05-07 22:08:00,10.78,10.78,10.76,10.76,16000,10.7775,2
12579,2015-05-07 22:09:00,10.78,10.78,10.78,10.78,4000,10.78,2
12580,2015-05-07 22:10:00,10.76,10.76,10.76,10.76,44000,10.76,3
12581,2015-05-07 22:11:00,10.76,10.78,10.76,10.78,80000,10.7605,6
12582,2015-05-07 22:12:00,10.78,10.78,10.78,10.78,0,10.78,0
12583,2015-05-07 22:13:00,10.78,10.78,10.78,10.78,0,10.78,0
12584,2015-05-07 22:14:00,10.78,10.78,10.78,10.78,94000,10.78,10
12585,2015-05-07 22:15:00,10.8,10.8,10.78,10.8,74000,10.7973,7
12586,2015-05-07 22:16:00,10.8,10.8,10.8,10.8,0,10.8,0
12587,2015-05-07 22:17:00,10.82,10.82,10.82,10.82,2000,10.82,1
12588,2015-05-07 22:18:00,10.82,10.82,10.82,10.82,0,10.82,0
12589,2015-05-07 22:19:00,10.82,10.82,10.82,10.82,14000,10.82,3
12590,2015-05-07 22:20:00,10.82,10.82,10.8,10.82,132000,10.8176,16
12591,2015-05-07 22:21:00,10.84,10.88,10.82,10.88,124000,10.8435,10
12592,2015-05-07 22:22:00,10.84,10.88,10.84,10.84,78000,10.8528,9
12593,2015-05-07 22:23:00,10.84,10.84,10.84,10.84,0,10.84,0
12594,2015-05-07 22:24:00,10.84,10.84,10.8,10.82,96000,10.83,7
12595,2015-05-07 22:25:00,10.82,10.82,10.82,10.82,22000,10.82,1
12596,2015-05-07 22:26:00,10.82,10.82,10.82,10.82,8000,10.82,1
12597,2015-05-07 22:27:00,10.82,10.82,10.82,10.82,0,10.82,0
12598,2015-05-07 22:28:00,10.82,10.82,10.82,10.82,0,10.82,0
12599,2015-05-07 22:29:00,10.8,10.8,10.8,10.8,2000,10.8,1
12600,2015-05-07 22:30:00,10.8,10.8,10.8,10.8,0,10.8,0
12601,2015-05-07 22:31:00,10.8,10.8,10.8,10.8,44000,10.8,1
12602,2015-05-07 22:32:00,10.8,10.8,10.8,10.8,0,10.8,0
12603,2015-05-07 22:33:00,10.78,10.78,10.78,10.78,2000,10.78,1
12604,2015-05-07 22:34:00,10.8,10.8,10.8,10.8,2000,10.8,1
12605,2015-05-07 22:35:00,10.78,10.78,10.78,10.78,4000,10.78,2
12606,2015-05-07 22:36:00,10.8,10.8,10.8,10.8,74000,10.8,4
12607,2015-05-07 22:37:00,10.8,10.8,10.8,10.8,0,10.8,0
12608,2015-05-07 22:38:00,10.8,10.8,10.8,10.8,0,10.8,0
12609,2015-05-07 22:39:00,10.82,10.82,10.82,10.82,4000,10.82,1
12610,2015-05-07 22:40:00,10.82,10.9,10.82,10.88,318000,10.8659,13
12611,2015-05-07 22:41:00,10.88,10.88,10.88,10.88,178000,10.88,6
12612,2015-05-07 22:42:00,10.9,10.98,10.9,10.92,260000,10.9298,14
12613,2015-05-07 22:43:00,10.9,10.9,10.88,10.88,10000,10.896,4
12614,2015-05-07 22:44:00,10.92,10.94,10.92,10.92,40000,10.927,11
12615,2015-05-07 22:45:00,10.94,10.94,10.94,10.94,10000,10.94,2
12616,2015-05-07 22:46:00,10.94,10.94,10.94,10.94,54000,10.94,3
12617,2015-05-07 22:47:00,10.9,10.9,10.9,10.9,8000,10.9,3
12618,2015-05-07 22:48:00,10.9,10.9,10.9,10.9,8000,10.9,1
12619,2015-05-07 22:49:00,10.9,10.9,10.9,10.9,0,10.9,0
12620,2015-05-07 22:50:00,10.9,10.9,10.9,10.9,0,10.9,0
12621,2015-05-07 22:51:00,10.9,10.9,10.9,10.9,0,10.9,0
12622,2015-05-07 22:52:00,10.9,10.9,10.9,10.9,0,10.9,0
12623,2015-05-07 22:53:00,10.88,10.88,10.8,10.8,96000,10.8492,9
12624,2015-05-07 22:54:00,10.82,10.82,10.82,10.82,4000,10.82,1
12625,2015-05-07 22:55:00,10.82,10.84,10.82,10.84,44000,10.8236,2
12626,2015-05-07 22:56:00,10.86,10.88,10.86,10.88,48000,10.8625,5
12627,2015-05-07 22:57:00,10.88,10.88,10.88,10.88,2000,10.88,1
12628,2015-05-07 22:58:00,10.9,10.94,10.9,10.94,52000,10.9177,12
12629,2015-05-07 22:59:00,10.94,10.94,10.94,10.94,0,10.94,0
12630,2015-05-07 23:00:00,10.94,10.96,10.94,10.96,92000,10.9509,8
12631,2015-05-07 23:01:00,10.96,10.96,10.96,10.96,8000,10.96,1
12632,2015-05-07 23:02:00,10.98,10.98,10.96,10.96,26000,10.9723,3
12633,2015-05-07 23:03:00,10.96,10.96,10.96,10.96,28000,10.96,2
12634,2015-05-07 23:04:00,10.96,10.98,10.96,10.98,104000,10.9638,4
12635,2015-05-07 23:05:00,10.98,10.98,10.96,10.96,16000,10.9725,3
12636,2015-05-07 23:06:00,10.98,10.98,10.98,10.98,126000,10.98,6
12637,2015-05-07 23:07:00,10.98,11.0,10.98,11.0,58000,10.9848,5
12638,2015-05-07 23:08:00,11.0,11.02,11.0,11.02,136000,11.0053,14
12639,2015-05-07 23:09:00,11.0,11.04,11.0,11.0,64000,11.0025,5
12640,2015-05-07 23:10:00,11.0,11.0,10.96,10.96,164000,10.9724,7
12641,2015-05-07 23:11:00,10.96,10.96,10.96,10.96,42000,10.96,3
12642,2015-05-07 23:12:00,10.96,10.96,10.96,10.96,2000,10.96,1
12643,2015-05-07 23:13:00,10.96,10.96,10.96,10.96,0,10.96,0
12644,2015-05-07 23:14:00,10.96,10.96,10.96,10.96,0,10.96,0
12645,2015-05-07 23:15:00,10.96,10.96,10.94,10.94,4000,10.95,2
12646,2015-05-07 23:16:00,10.94,10.94,10.94,10.94,10000,10.94,1
12647,2015-05-07 23:17:00,10.92,10.92,10.92,10.92,6000,10.92,2
12648,2015-05-07 23:18:00,10.9,10.9,10.84,10.86,40000,10.863,7
12649,2015-05-07 23:19:00,10.84,10.88,10.84,10.88,62000,10.8606,5
12650,2015-05-07 23:20:00,10.92,10.94,10.92,10.94,10000,10.928,2
12651,2015-05-07 23:21:00,10.92,10.92,10.92,10.92,20000,10.92,3
12652,2015-05-07 23:22:00,10.92,10.92,10.92,10.92,16000,10.92,1
12653,2015-05-07 23:23:00,10.92,10.92,10.92,10.92,0,10.92,0
12654,2015-05-07 23:24:00,10.92,10.92,10.92,10.92,0,10.92,0
12655,2015-05-07 23:25:00,10.92,10.92,10.92,10.92,0,10.92,0
12656,2015-05-07 23:26:00,10.88,10.88,10.86,10.86,114000,10.8621,7
12657,2015-05-07 23:27:00,10.86,10.86,10.86,10.86,4000,10.86,1
12658,2015-05-07 23:28:00,10.86,10.86,10.82,10.82,90000,10.8449,5
12659,2015-05-07 23:29:00,10.82,10.82,10.82,10.82,0,10.82,0
12660,2015-05-07 23:30:00,10.82,10.84,10.82,10.84,22000,10.8273,3
12661,2015-05-07 23:31:00,10.84,10.84,10.84,10.84,0,10.84,0
12662,2015-05-07 23:32:00,10.82,10.82,10.82,10.82,20000,10.82,3
12663,2015-05-07 23:33:00,10.8,10.8,10.74,10.76,70000,10.7663,9
12664,2015-05-07 23:34:00,10.74,10.74,10.74,10.74,4000,10.74,1
12665,2015-05-07 23:35:00,10.74,10.74,10.74,10.74,0,10.74,0
12666,2015-05-07 23:36:00,10.74,10.74,10.74,10.74,0,10.74,0
12667,2015-05-07 23:37:00,10.74,10.74,10.74,10.74,0,10.74,0
12668,2015-05-07 23:38:00,10.76,10.8,10.76,10.8,178000,10.7755,3
12669,2015-05-07 23:39:00,10.8,10.8,10.8,10.8,0,10.8,0
12670,2015-05-07 23:40:00,10.78,10.78,10.74,10.78,476000,10.7513,16
12671,2015-05-07 23:41:00,10.8,10.82,10.8,10.82,34000,10.8118,2
12672,2015-05-07 23:42:00,10.78,10.78,10.78,10.78,6000,10.78,1
12673,2015-05-07 23:43:00,10.78,10.78,10.78,10.78,0,10.78,0
12674,2015-05-07 23:44:00,10.78,10.78,10.78,10.78,14000,10.78,2
12675,2015-05-07 23:45:00,10.78,10.78,10.78,10.78,0,10.78,0
12676,2015-05-07 23:46:00,10.78,10.78,10.78,10.78,0,10.78,0
12677,2015-05-07 23:47:00,10.78,10.78,10.78,10.78,0,10.78,0
12678,2015-05-07 23:48:00,10.78,10.78,10.78,10.78,32000,10.78,3
12679,2015-05-07 23:49:00,10.78,10.8,10.78,10.8,34000,10.7965,2
12680,2015-05-07 23:50:00,10.8,10.8,10.8,10.8,12000,10.8,1
12681,2015-05-07 23:51:00,10.8,10.8,10.8,10.8,0,10.8,0
12682,2015-05-07 23:52:00,10.8,10.8,10.8,10.8,2000,10.8,1
12683,2015-05-07 23:53:00,10.78,10.8,10.78,10.78,28000,10.7814,5
12684,2015-05-07 23:54:00,10.78,10.78,10.78,10.78,0,10.78,0
12685,2015-05-07 23:55:00,10.78,10.78,10.78,10.78,4000,10.78,2
12686,2015-05-07 23:56:00,10.78,10.78,10.78,10.78,0,10.78,0
12687,2015-05-07 23:57:00,10.76,10.76,10.76,10.76,16000,10.76,1
12688,2015-05-07 23:58:00,10.76,10.76,10.76,10.76,0,10.76,0
12689,2015-05-07 23:59:00,10.76,10.76,10.76,10.76,20000,10.76,1
12690,2015-05-08 01:00:00,10.76,10.76,10.76,10.76,0,10.76,0
12691,2015-05-08 01:01:00,10.76,10.76,10.76,10.76,88000,10.76,2
12692,2015-05-08 01:02:00,10.76,10.76,10.72,10.72,100000,10.7284,7
12693,2015-05-08 01:03:00,10.72,10.72,10.72,10.72,2000,10.72,1
12694,2015-05-08 01:04:00,10.74,10.74,10.74,10.74,2000,10.74,1
12695,2015-05-08 01:05:00,10.72,10.72,10.72,10.72,2000,10.72,1
12696,2015-05-08 01:06:00,10.72,10.74,10.72,10.74,56000,10.7207,4
12697,2015-05-08 01:07:00,10.72,10.72,10.72,10.72,34000,10.72,6
12698,2015-05-08 01:08:00,10.72,10.72,10.72,10.72,78000,10.72,4
12699,2015-05-08 01:09:00,10.74,10.74,10.74,10.74,22000,10.74,2
12700,2015-05-08 01:10:00,10.74,10.74,10.74,10.74,0,10.74,0
12701,2015-05-08 01:11:00,10.74,10.74,10.74,10.74,0,10.74,0
12702,2015-05-08 01:12:00,10.76,10.76,10.76,10.76,88000,10.76,4
12703,2015-05-08 01:13:00,10.76,10.76,10.76,10.76,0,10.76,0
12704,2015-05-08 01:14:00,10.76,10.76,10.76,10.76,0,10.76,0
12705,2015-05-08 01:15:00,10.76,10.78,10.76,10.78,26000,10.7615,3
12706,2015-05-08 01:16:00,10.78,10.78,10.78,10.78,2000,10.78,1
12707,2015-05-08 01:17:00,10.74,10.74,10.68,10.68,116000,10.7234,6
12708,2015-05-08 01:18:00,10.68,10.68,10.68,10.68,0,10.68,0
12709,2015-05-08 01:19:00,10.68,10.68,10.68,10.68,0,10.68,0
12710,2015-05-08 01:20:00,10.68,10.68,10.68,10.68,56000,10.68,6
12711,2015-05-08 01:21:00,10.68,10.7,10.68,10.7,12000,10.6967,2
12712,2015-05-08 01:22:00,10.68,10.68,10.68,10.68,36000,10.68,1
12713,2015-05-08 01:23:00,10.68,10.7,10.68,10.7,70000,10.6869,6
12714,2015-05-08 01:24:00,10.7,10.7,10.68,10.68,6000,10.6933,2
12715,2015-05-08 01:25:00,10.68,10.68,10.68,10.68,2000,10.68,1
12716,2015-05-08 01:26:00,10.68,10.68,10.68,10.68,22000,10.68,1
12717,2015-05-08 01:27:00,10.68,10.68,10.68,10.68,0,10.68,0
12718,2015-05-08 01:28:00,10.7,10.7,10.68,10.68,14000,10.6914,2
12719,2015-05-08 01:29:00,10.68,10.68,10.68,10.68,0,10.68,0
12720,2015-05-08 01:30:00,10.68,10.68,10.68,10.68,2000,10.68,1
12721,2015-05-08 01:31:00,10.7,10.7,10.7,10.7,26000,10.7,2
12722,2015-05-08 01:32:00,10.68,10.68,10.68,10.68,4000,10.68,1
12723,2015-05-08 01:33:00,10.68,10.68,10.68,10.68,0,10.68,0
12724,2015-05-08 01:34:00,10.68,10.68,10.68,10.68,2000,10.68,1
12725,2015-05-08 01:35:00,10.68,10.68,10.68,10.68,0,10.68,0
12726,2015-05-08 01:36:00,10.7,10.7,10.7,10.7,4000,10.7,1
12727,2015-05-08 01:37:00,10.68,10.68,10.68,10.68,2000,10.68,1
12728,2015-05-08 01:38:00,10.7,10.7,10.7,10.7,18000,10.7,2
12729,2015-05-08 01:39:00,10.7,10.7,10.7,10.7,2000,10.7,1
12730,2015-05-08 01:40:00,10.68,10.68,10.68,10.68,2000,10.68,1
12731,2015-05-08 01:41:00,10.7,10.7,10.7,10.7,10000,10.7,1
12732,2015-05-08 01:42:00,10.7,10.7,10.7,10.7,22000,10.7,2
12733,2015-05-08 01:43:00,10.7,10.7,10.7,10.7,4000,10.7,1
12734,2015-05-08 01:44:00,10.7,10.7,10.7,10.7,38000,10.7,3
12735,2015-05-08 01:45:00,10.7,10.72,10.7,10.72,44000,10.7155,4
12736,2015-05-08 01:46:00,10.72,10.72,10.72,10.72,0,10.72,0
12737,2015-05-08 01:47:00,10.72,10.72,10.72,10.72,0,10.72,0
12738,2015-05-08 01:48:00,10.72,10.72,10.72,10.72,0,10.72,0
12739,2015-05-08 01:49:00,10.72,10.72,10.72,10.72,0,10.72,0
12740,2015-05-08 01:50:00,10.74,10.74,10.74,10.74,8000,10.74,2
12741,2015-05-08 01:51:00,10.74,10.74,10.74,10.74,0,10.74,0
12742,2015-05-08 01:52:00,10.74,10.74,10.74,10.74,0,10.74,0
12743,2015-05-08 01:53:00,10.74,10.74,10.74,10.74,4000,10.74,2
12744,2015-05-08 01:54:00,10.74,10.74,10.74,10.74,40000,10.74,3
12745,2015-05-08 01:55:00,10.74,10.74,10.74,10.74,12000,10.74,2
12746,2015-05-08 01:56:00,10.76,10.78,10.76,10.76,148000,10.7641,12
12747,2015-05-08 01:57:00,10.76,10.86,10.76,10.84,286000,10.7842,27
12748,2015-05-08 01:58:00,10.86,10.86,10.82,10.84,170000,10.836,16
12749,2015-05-08 01:59:00,10.88,10.9,10.84,10.9,134000,10.8794,16
12750,2015-05-08 02:00:00,10.88,10.88,10.84,10.84,44000,10.8682,4
12751,2015-05-08 02:01:00,10.86,10.9,10.86,10.9,68000,10.8718,11
12752,2015-05-08 02:02:00,10.9,10.9,10.9,10.9,0,10.9,0
12753,2015-05-08 02:03:00,10.86,10.9,10.86,10.88,62000,10.8697,5
12754,2015-05-08 02:04:00,10.86,10.86,10.84,10.86,76000,10.8579,6
12755,2015-05-08 02:05:00,10.88,10.88,10.88,10.88,44000,10.88,3
12756,2015-05-08 02:06:00,10.88,10.88,10.82,10.82,28000,10.8286,3
12757,2015-05-08 02:07:00,10.84,10.84,10.84,10.84,26000,10.84,2
12758,2015-05-08 02:08:00,10.84,10.86,10.84,10.86,90000,10.848,5
12759,2015-05-08 02:09:00,10.86,10.86,10.84,10.84,50000,10.8408,3
12760,2015-05-08 02:10:00,10.86,10.86,10.84,10.86,50000,10.8544,6
12761,2015-05-08 02:11:00,10.84,10.84,10.84,10.84,6000,10.84,2
12762,2015-05-08 02:12:00,10.86,10.86,10.86,10.86,28000,10.86,2
12763,2015-05-08 02:13:00,10.86,10.86,10.86,10.86,32000,10.86,5
12764,2015-05-08 02:14:00,10.86,10.86,10.86,10.86,0,10.86,0
12765,2015-05-08 02:15:00,10.88,10.88,10.88,10.88,22000,10.88,2
12766,2015-05-08 02:16:00,10.88,10.88,10.88,10.88,28000,10.88,3
12767,2015-05-08 02:17:00,10.88,10.88,10.88,10.88,38000,10.88,4
12768,2015-05-08 02:18:00,10.9,10.94,10.9,10.9,134000,10.9137,14
12769,2015-05-08 02:19:00,10.88,10.88,10.86,10.86,36000,10.8633,2
12770,2015-05-08 02:20:00,10.86,10.88,10.86,10.88,58000,10.8786,6
12771,2015-05-08 02:21:00,10.9,10.94,10.9,10.94,26000,10.9308,3
12772,2015-05-08 02:22:00,10.94,10.94,10.94,10.94,0,10.94,0
12773,2015-05-08 02:23:00,10.94,10.94,10.94,10.94,4000,10.94,2
12774,2015-05-08 02:24:00,10.94,10.94,10.94,10.94,14000,10.94,2
12775,2015-05-08 02:25:00,10.94,10.94,10.94,10.94,8000,10.94,4
12776,2015-05-08 02:26:00,10.94,10.94,10.92,10.92,38000,10.9379,5
12777,2015-05-08 02:27:00,10.92,10.92,10.92,10.92,40000,10.92,7
12778,2015-05-08 02:28:00,10.94,10.94,10.92,10.92,6000,10.9333,3
12779,2015-05-08 02:29:00,10.92,10.92,10.92,10.92,10000,10.92,4
12780,2015-05-08 02:30:00,10.92,10.92,10.92,10.92,26000,10.92,4
12781,2015-05-08 02:31:00,10.92,10.92,10.92,10.92,40000,10.92,5
12782,2015-05-08 02:32:00,10.92,10.92,10.92,10.92,24000,10.92,5
12783,2015-05-08 02:33:00,10.94,10.94,10.94,10.94,6000,10.94,3
12784,2015-05-08 02:34:00,10.94,10.94,10.94,10.94,2000,10.94,1
12785,2015-05-08 02:35:00,10.94,10.96,10.92,10.96,122000,10.9544,14
12786,2015-05-08 02:36:00,10.96,10.98,10.9,10.9,152000,10.9371,10
12787,2015-05-08 02:37:00,10.94,10.94,10.92,10.94,36000,10.9378,5
12788,2015-05-08 02:38:00,10.94,10.94,10.94,10.94,4000,10.94,1
12789,2015-05-08 02:39:00,10.94,10.94,10.94,10.94,0,10.94,0
12790,2015-05-08 02:40:00,10.92,10.92,10.92,10.92,34000,10.92,2
12791,2015-05-08 02:41:00,10.9,10.9,10.9,10.9,34000,10.9,1
12792,2015-05-08 02:42:00,10.9,10.9,10.9,10.9,0,10.9,0
12793,2015-05-08 02:43:00,10.88,10.94,10.88,10.94,40000,10.906,6
12794,2015-05-08 02:44:00,10.94,10.94,10.9,10.9,8000,10.91,3
12795,2015-05-08 02:45:00,10.9,10.9,10.9,10.9,4000,10.9,1
12796,2015-05-08 02:46:00,10.9,10.9,10.9,10.9,0,10.9,0
12797,2015-05-08 02:47:00,10.9,10.9,10.9,10.9,14000,10.9,1
12798,2015-05-08 02:48:00,10.88,10.88,10.88,10.88,30000,10.88,2
12799,2015-05-08 02:49:00,10.88,10.9,10.88,10.9,24000,10.89,3
12800,2015-05-08 02:50:00,10.9,10.9,10.9,10.9,6000,10.9,2
12801,2015-05-08 02:51:00,10.9,10.92,10.9,10.9,28000,10.9086,5
12802,2015-05-08 02:52:00,10.9,10.9,10.9,10.9,34000,10.9,1
12803,2015-05-08 02:53:00,10.9,10.9,10.9,10.9,0,10.9,0
12804,2015-05-08 02:54:00,10.9,10.92,10.9,10.92,4000,10.91,2
12805,2015-05-08 02:55:00,10.9,10.9,10.9,10.9,2000,10.9,1
12806,2015-05-08 02:56:00,10.9,10.9,10.9,10.9,0,10.9,0
12807,2015-05-08 02:57:00,10.92,10.92,10.9,10.9,16000,10.9175,3
12808,2015-05-08 02:58:00,10.9,10.9,10.9,10.9,0,10.9,0
12809,2015-05-08 02:59:00,10.92,10.92,10.9,10.9,62000,10.9006,6
12810,2015-05-08 03:00:00,10.88,10.88,10.86,10.86,32000,10.8775,5
12811,2015-05-08 03:01:00,10.86,10.86,10.86,10.86,0,10.86,0
12812,2015-05-08 03:02:00,10.86,10.86,10.86,10.86,0,10.86,0
12813,2015-05-08 03:03:00,10.86,10.86,10.84,10.84,60000,10.8547,6
12814,2015-05-08 03:04:00,10.86,10.86,10.86,10.86,2000,10.86,1
12815,2015-05-08 03:05:00,10.86,10.88,10.86,10.88,64000,10.8631,3
12816,2015-05-08 03:06:00,10.88,10.92,10.88,10.92,48000,10.915,4
12817,2015-05-08 03:07:00,10.9,10.9,10.9,10.9,4000,10.9,1
12818,2015-05-08 03:08:00,10.9,10.9,10.9,10.9,0,10.9,0
12819,2015-05-08 03:09:00,10.9,10.92,10.9,10.92,34000,10.9106,3
12820,2015-05-08 03:10:00,10.92,10.92,10.92,10.92,0,10.92,0
12821,2015-05-08 03:11:00,10.92,10.92,10.92,10.92,14000,10.92,1
12822,2015-05-08 03:12:00,10.92,10.92,10.92,10.92,0,10.92,0
12823,2015-05-08 03:13:00,10.9,10.9,10.9,10.9,8000,10.9,1
12824,2015-05-08 03:14:00,10.9,10.9,10.9,10.9,0,10.9,0
12825,2015-05-08 03:15:00,10.9,10.92,10.88,10.88,32000,10.895,4
12826,2015-05-08 03:16:00,10.88,10.88,10.88,10.88,0,10.88,0
12827,2015-05-08 03:17:00,10.9,10.9,10.9,10.9,18000,10.9,2
12828,2015-05-08 03:18:00,10.9,10.9,10.9,10.9,0,10.9,0
12829,2015-05-08 03:19:00,10.9,10.92,10.9,10.9,8000,10.91,3
12830,2015-05-08 03:20:00,10.92,10.94,10.9,10.94,140000,10.93,9
12831,2015-05-08 03:21:00,10.96,10.96,10.96,10.96,52000,10.96,9
12832,2015-05-08 03:22:00,10.96,10.96,10.96,10.96,10000,10.96,2
12833,2015-05-08 03:23:00,10.94,10.94,10.94,10.94,28000,10.94,4
12834,2015-05-08 03:24:00,10.94,10.94,10.94,10.94,0,10.94,0
12835,2015-05-08 03:25:00,10.96,10.96,10.92,10.92,8000,10.93,2
12836,2015-05-08 03:26:00,10.94,10.94,10.94,10.94,20000,10.94,4
12837,2015-05-08 03:27:00,10.94,10.94,10.94,10.94,10000,10.94,1
12838,2015-05-08 03:28:00,10.94,10.94,10.92,10.92,86000,10.9367,4
12839,2015-05-08 03:29:00,10.9,10.9,10.9,10.9,18000,10.9,1
12840,2015-05-08 03:30:00,10.9,10.9,10.9,10.9,2000,10.9,1
12841,2015-05-08 03:31:00,10.9,10.9,10.9,10.9,0,10.9,0
12842,2015-05-08 03:32:00,10.92,10.92,10.92,10.92,30000,10.92,4
12843,2015-05-08 03:33:00,10.92,10.92,10.92,10.92,0,10.92,0
12844,2015-05-08 03:34:00,10.94,10.94,10.94,10.94,10000,10.94,1
12845,2015-05-08 03:35:00,10.92,10.94,10.92,10.92,8000,10.925,3
12846,2015-05-08 03:36:00,10.92,10.92,10.92,10.92,0,10.92,0
12847,2015-05-08 03:37:00,10.92,10.92,10.92,10.92,2000,10.92,1
12848,2015-05-08 03:38:00,10.94,10.94,10.92,10.92,124000,10.9384,8
12849,2015-05-08 03:39:00,10.92,10.92,10.92,10.92,0,10.92,0
12850,2015-05-08 03:40:00,10.92,10.92,10.92,10.92,0,10.92,0
12851,2015-05-08 03:41:00,10.92,10.92,10.88,10.88,174000,10.8883,11
12852,2015-05-08 03:42:00,10.88,10.88,10.88,10.88,4000,10.88,1
12853,2015-05-08 03:43:00,10.88,10.88,10.88,10.88,0,10.88,0
12854,2015-05-08 03:44:00,10.88,10.88,10.88,10.88,0,10.88,0
12855,2015-05-08 03:45:00,10.88,10.88,10.88,10.88,0,10.88,0
12856,2015-05-08 03:46:00,10.86,10.88,10.86,10.88,14000,10.8714,4
12857,2015-05-08 03:47:00,10.86,10.88,10.86,10.88,8000,10.875,3
12858,2015-05-08 03:48:00,10.86,10.88,10.86,10.86,66000,10.8624,4
12859,2015-05-08 03:49:00,10.88,10.88,10.88,10.88,16000,10.88,4
12860,2015-05-08 03:50:00,10.88,10.88,10.86,10.86,36000,10.8778,5
12861,2015-05-08 03:51:00,10.88,10.88,10.88,10.88,28000,10.88,6
12862,2015-05-08 03:52:00,10.86,10.88,10.86,10.88,44000,10.8782,8
12863,2015-05-08 03:53:00,10.88,10.88,10.88,10.88,22000,10.88,3
12864,2015-05-08 03:54:00,10.88,10.88,10.86,10.86,24000,10.875,5
12865,2015-05-08 03:55:00,10.88,10.88,10.86,10.86,146000,10.8789,10
12866,2015-05-08 03:56:00,10.88,10.88,10.86,10.88,88000,10.8795,8
12867,2015-05-08 03:57:00,10.88,10.88,10.86,10.88,140000,10.8643,10
12868,2015-05-08 03:58:00,10.86,10.88,10.86,10.88,342000,10.8736,22
12869,2015-05-08 03:59:00,10.88,10.88,10.8,10.82,448000,10.8351,46
12870,2015-05-10 21:30:00,10.84,10.86,10.74,10.82,444000,10.8127,35
12871,2015-05-10 21:31:00,10.82,10.92,10.78,10.92,230000,10.8457,16
12872,2015-05-10 21:32:00,10.9,10.94,10.9,10.94,10000,10.932,3
12873,2015-05-10 21:33:00,10.92,10.92,10.92,10.92,10000,10.92,1
12874,2015-05-10 21:34:00,10.92,10.94,10.92,10.92,64000,10.9225,7
12875,2015-05-10 21:35:00,10.92,10.98,10.9,10.98,220000,10.9338,21
12876,2015-05-10 21:36:00,10.96,10.96,10.92,10.92,148000,10.9381,18
12877,2015-05-10 21:37:00,10.92,10.94,10.9,10.9,154000,10.9249,19
12878,2015-05-10 21:38:00,10.88,10.9,10.88,10.88,110000,10.8825,8
12879,2015-05-10 21:39:00,10.88,10.88,10.88,10.88,0,10.88,0
12880,2015-05-10 21:40:00,10.88,10.9,10.88,10.9,30000,10.8827,2
12881,2015-05-10 21:41:00,10.9,10.94,10.88,10.94,252000,10.9059,16
12882,2015-05-10 21:42:00,10.94,11.04,10.92,11.04,610000,10.9865,40
12883,2015-05-10 21:43:00,10.98,11.0,10.92,10.92,264000,10.9677,8
12884,2015-05-10 21:44:00,10.92,10.94,10.88,10.88,170000,10.9066,14
12885,2015-05-10 21:45:00,10.86,10.9,10.84,10.84,330000,10.8625,21
12886,2015-05-10 21:46:00,10.84,10.88,10.8,10.88,242000,10.8248,17
12887,2015-05-10 21:47:00,10.88,10.88,10.88,10.88,0,10.88,0
12888,2015-05-10 21:48:00,10.9,10.94,10.9,10.94,172000,10.9056,18
12889,2015-05-10 21:49:00,10.94,10.94,10.94,10.94,0,10.94,0
12890,2015-05-10 21:50:00,10.94,10.94,10.94,10.94,0,10.94,0
12891,2015-05-10 21:51:00,10.94,10.94,10.94,10.94,52000,10.94,3
12892,2015-05-10 21:52:00,10.96,10.96,10.96,10.96,84000,10.96,9
12893,2015-05-10 21:53:00,10.98,10.98,10.98,10.98,10000,10.98,2
12894,2015-05-10 21:54:00,10.98,10.98,10.98,10.98,0,10.98,0
12895,2015-05-10 21:55:00,10.98,11.04,10.98,11.04,220000,11.008,16
12896,2015-05-10 21:56:00,11.04,11.06,11.04,11.06,248000,11.0482,13
12897,2015-05-10 21:57:00,11.08,11.08,11.0,11.0,226000,11.0368,16
12898,2015-05-10 21:58:00,11.02,11.04,11.02,11.04,64000,11.0338,5
12899,2015-05-10 21:59:00,11.06,11.06,11.06,11.06,24000,11.06,4
12900,2015-05-10 22:00:00,11.06,11.06,11.06,11.06,4000,11.06,2
12901,2015-05-10 22:01:00,11.06,11.06,11.04,11.04,58000,11.0566,8
12902,2015-05-10 22:02:00,11.06,11.06,11.04,11.06,118000,11.0583,11
12903,2015-05-10 22:03:00,11.08,11.08,11.04,11.06,236000,11.0614,11
12904,2015-05-10 22:04:00,11.06,11.1,11.02,11.1,400000,11.0497,28
12905,2015-05-10 22:05:00,11.1,11.1,11.1,11.1,0,11.1,0
12906,2015-05-10 22:06:00,11.08,11.08,11.02,11.02,332000,11.0551,18
12907,2015-05-10 22:07:00,11.02,11.02,11.02,11.02,10000,11.02,1
12908,2015-05-10 22:08:00,11.02,11.04,11.02,11.02,60000,11.022,5
12909,2015-05-10 22:09:00,11.02,11.02,11.02,11.02,2000,11.02,1
12910,2015-05-10 22:10:00,11.02,11.02,11.02,11.02,10000,11.02,1
12911,2015-05-10 22:11:00,11.04,11.06,11.04,11.06,146000,11.0436,6
12912,2015-05-10 22:12:00,11.06,11.1,11.04,11.08,156000,11.0664,12
12913,2015-05-10 22:13:00,11.08,11.08,11.08,11.08,24000,11.08,3
12914,2015-05-10 22:14:00,11.08,11.08,11.02,11.04,514000,11.04,28
12915,2015-05-10 22:15:00,11.04,11.04,11.02,11.04,26000,11.0385,4
12916,2015-05-10 22:16:00,11.04,11.04,11.04,11.04,20000,11.04,1
12917,2015-05-10 22:17:00,11.04,11.04,11.0,11.0,126000,11.0248,6
12918,2015-05-10 22:18:00,11.0,11.0,10.9,10.94,374000,10.9435,30
12919,2015-05-10 22:19:00,10.9,10.96,10.9,10.96,396000,10.9479,15
12920,2015-05-10 22:20:00,10.94,10.94,10.94,10.94,44000,10.94,4
12921,2015-05-10 22:21:00,10.94,10.94,10.94,10.94,4000,10.94,1
12922,2015-05-10 22:22:00,10.94,10.94,10.92,10.92,44000,10.9391,5
12923,2015-05-10 22:23:00,10.92,10.94,10.92,10.92,82000,10.9366,3
12924,2015-05-10 22:24:00,10.92,10.92,10.9,10.92,58000,10.9179,4
12925,2015-05-10 22:25:00,10.92,10.94,10.92,10.92,218000,10.9226,12
12926,2015-05-10 22:26:00,10.92,10.92,10.92,10.92,10000,10.92,1
12927,2015-05-10 22:27:00,10.92,10.92,10.92,10.92,108000,10.92,5
12928,2015-05-10 22:28:00,10.92,10.92,10.92,10.92,0,10.92,0
12929,2015-05-10 22:29:00,10.92,10.92,10.92,10.92,56000,10.92,2
12930,2015-05-10 22:30:00,10.92,10.92,10.92,10.92,0,10.92,0
12931,2015-05-10 22:31:00,10.9,10.92,10.88,10.9,182000,10.9024,7
12932,2015-05-10 22:32:00,10.9,10.9,10.9,10.9,82000,10.9,3
12933,2015-05-10 22:33:00,10.92,10.94,10.92,10.94,172000,10.9267,2
12934,2015-05-10 22:34:00,10.94,10.94,10.92,10.92,20000,10.936,2
12935,2015-05-10 22:35:00,10.94,10.94,10.94,10.94,12000,10.94,1
12936,2015-05-10 22:36:00,10.96,10.96,10.94,10.94,82000,10.941,5
12937,2015-05-10 22:37:00,10.94,10.96,10.94,10.96,160000,10.946,6
12938,2015-05-10 22:38:00,10.96,10.96,10.96,10.96,0,10.96,0
12939,2015-05-10 22:39:00,10.94,10.94,10.9,10.9,98000,10.9237,4
12940,2015-05-10 22:40:00,10.9,10.9,10.9,10.9,40000,10.9,3
12941,2015-05-10 22:41:00,10.9,10.9,10.9,10.9,14000,10.9,3
12942,2015-05-10 22:42:00,10.9,10.92,10.9,10.92,22000,10.9164,3
12943,2015-05-10 22:43:00,10.9,10.9,10.9,10.9,108000,10.9,4
12944,2015-05-10 22:44:00,10.9,10.9,10.88,10.88,58000,10.8828,3
12945,2015-05-10 22:45:00,10.86,10.9,10.86,10.88,34000,10.88,7
12946,2015-05-10 22:46:00,10.88,10.88,10.88,10.88,16000,10.88,1
12947,2015-05-10 22:47:00,10.86,10.88,10.86,10.88,10000,10.868,2
12948,2015-05-10 22:48:00,10.88,10.88,10.86,10.86,16000,10.87,3
12949,2015-05-10 22:49:00,10.88,10.9,10.88,10.9,142000,10.8834,5
12950,2015-05-10 22:50:00,10.9,10.9,10.9,10.9,12000,10.9,2
12951,2015-05-10 22:51:00,10.9,10.9,10.9,10.9,2000,10.9,1
12952,2015-05-10 22:52:00,10.9,10.9,10.9,10.9,0,10.9,0
12953,2015-05-10 22:53:00,10.9,10.9,10.88,10.88,74000,10.8832,8
12954,2015-05-10 22:54:00,10.86,10.86,10.86,10.86,4000,10.86,1
12955,2015-05-10 22:55:00,10.86,10.86,10.86,10.86,0,10.86,0
12956,2015-05-10 22:56:00,10.86,10.86,10.86,10.86,0,10.86,0
12957,2015-05-10 22:57:00,10.88,10.88,10.88,10.88,4000,10.88,1
12958,2015-05-10 22:58:00,10.88,10.88,10.88,10.88,0,10.88,0
12959,2015-05-10 22:59:00,10.88,10.88,10.88,10.88,46000,10.88,3
12960,2015-05-10 23:00:00,10.88,10.88,10.88,10.88,34000,10.88,2
12961,2015-05-10 23:01:00,10.88,10.88,10.88,10.88,10000,10.88,2
12962,2015-05-10 23:02:00,10.88,10.88,10.88,10.88,0,10.88,0
12963,2015-05-10 23:03:00,10.88,10.9,10.88,10.9,64000,10.8825,6
12964,2015-05-10 23:04:00,10.9,10.9,10.9,10.9,2000,10.9,1
12965,2015-05-10 23:05:00,10.88,10.9,10.88,10.9,24000,10.8917,3
12966,2015-05-10 23:06:00,10.9,10.9,10.9,10.9,0,10.9,0
12967,2015-05-10 23:07:00,10.9,10.96,10.9,10.96,128000,10.9219,7
12968,2015-05-10 23:08:00,10.96,10.96,10.96,10.96,0,10.96,0
12969,2015-05-10 23:09:00,10.94,10.94,10.92,10.94,8000,10.93,3
12970,2015-05-10 23:10:00,10.94,10.94,10.94,10.94,18000,10.94,2
12971,2015-05-10 23:11:00,10.94,10.94,10.9,10.92,92000,10.913,6
12972,2015-05-10 23:12:00,10.92,10.92,10.92,10.92,0,10.92,0
12973,2015-05-10 23:13:00,10.92,10.92,10.92,10.92,0,10.92,0
12974,2015-05-10 23:14:00,10.92,10.92,10.92,10.92,0,10.92,0
12975,2015-05-10 23:15:00,10.9,10.9,10.9,10.9,18000,10.9,5
12976,2015-05-10 23:16:00,10.9,10.9,10.88,10.9,138000,10.8919,8
12977,2015-05-10 23:17:00,10.9,10.9,10.9,10.9,0,10.9,0
12978,2015-05-10 23:18:00,10.9,10.9,10.9,10.9,0,10.9,0
12979,2015-05-10 23:19:00,10.92,10.92,10.92,10.92,30000,10.92,2
12980,2015-05-10 23:20:00,10.92,10.92,10.92,10.92,0,10.92,0
12981,2015-05-10 23:21:00,10.9,10.9,10.9,10.9,4000,10.9,1
12982,2015-05-10 23:22:00,10.94,10.94,10.94,10.94,16000,10.94,1
12983,2015-05-10 23:23:00,10.94,10.94,10.94,10.94,58000,10.94,7
12984,2015-05-10 23:24:00,10.96,10.96,10.96,10.96,2000,10.96,1
12985,2015-05-10 23:25:00,10.94,10.94,10.94,10.94,2000,10.94,1
12986,2015-05-10 23:26:00,10.96,10.96,10.96,10.96,14000,10.96,1
12987,2015-05-10 23:27:00,10.96,10.96,10.94,10.94,70000,10.9537,4
12988,2015-05-10 23:28:00,10.94,10.94,10.94,10.94,0,10.94,0
12989,2015-05-10 23:29:00,10.98,10.98,10.98,10.98,20000,10.98,1
12990,2015-05-10 23:30:00,11.0,11.06,10.98,11.06,182000,11.0053,17
12991,2015-05-10 23:31:00,11.06,11.06,11.06,11.06,0,11.06,0
12992,2015-05-10 23:32:00,11.06,11.06,11.06,11.06,0,11.06,0
12993,2015-05-10 23:33:00,11.06,11.06,11.06,11.06,0,11.06,0
12994,2015-05-10 23:34:00,11.0,11.0,10.94,10.94,64000,10.975,7
12995,2015-05-10 23:35:00,10.98,10.98,10.96,10.96,30000,10.9707,6
12996,2015-05-10 23:36:00,10.98,11.0,10.96,10.96,28000,10.9829,4
12997,2015-05-10 23:37:00,10.96,10.96,10.96,10.96,0,10.96,0
12998,2015-05-10 23:38:00,10.96,10.96,10.96,10.96,0,10.96,0
12999,2015-05-10 23:39:00,10.96,10.96,10.96,10.96,0,10.96,0
13000,2015-05-10 23:40:00,10.98,10.98,10.96,10.96,16000,10.975,5
13001,2015-05-10 23:41:00,10.96,10.96,10.96,10.96,0,10.96,0
13002,2015-05-10 23:42:00,10.96,10.98,10.96,10.96,84000,10.9667,5
13003,2015-05-10 23:43:00,11.0,11.0,11.0,11.0,18000,11.0,1
13004,2015-05-10 23:44:00,11.0,11.0,11.0,11.0,0,11.0,0
13005,2015-05-10 23:45:00,11.02,11.02,11.0,11.02,36000,11.0189,6
13006,2015-05-10 23:46:00,11.0,11.02,11.0,11.0,14000,11.0086,3
13007,2015-05-10 23:47:00,11.02,11.02,10.98,10.98,38000,11.0042,3
13008,2015-05-10 23:48:00,11.02,11.02,11.02,11.02,4000,11.02,1
13009,2015-05-10 23:49:00,11.02,11.02,11.02,11.02,8000,11.02,1
13010,2015-05-10 23:50:00,11.0,11.0,11.0,11.0,4000,11.0,1
13011,2015-05-10 23:51:00,11.02,11.02,11.02,11.02,4000,11.02,1
13012,2015-05-10 23:52:00,11.02,11.02,11.02,11.02,10000,11.02,2
13013,2015-05-10 23:53:00,11.0,11.04,11.0,11.04,72000,11.0239,8
13014,2015-05-10 23:54:00,11.02,11.02,11.02,11.02,8000,11.02,1
13015,2015-05-10 23:55:00,11.0,11.04,11.0,11.04,6000,11.0133,2
13016,2015-05-10 23:56:00,11.02,11.02,10.98,10.98,72000,11.0089,6
13017,2015-05-10 23:57:00,11.0,11.0,10.96,10.96,54000,10.983,5
13018,2015-05-10 23:58:00,11.0,11.0,11.0,11.0,2000,11.0,1
13019,2015-05-10 23:59:00,11.0,11.0,10.96,10.96,6000,10.9733,2
